기간	자치구	세대	인구	인구	인구	인구	인구	인구	인구	인구	인구	세대당인구	65세이상고령자
기간	자치구	세대	합계	합계	합계	한국인	한국인	한국인	등록외국인	등록외국인	등록외국인	세대당인구	65세이상고령자
기간	자치구	세대	계	남자	여자	계	남자	여자	계	남자	여자	세대당인구	65세이상고령자
2015.1/4	합계	4,202,812	10,369,067	5,106,034	5,263,033	10,100,987	4,976,047	5,124,940	268,080	129,987	138,093	2.4	1,239,431
2015.1/4	종로구	73,218	165,240	81,256	83,984	156,645	77,431	79,214	8,595	3,825	4,770	2.14	24,712
2015.1/4	중구	60,043	136,063	67,858	68,205	127,843	63,890	63,953	8,220	3,968	4,252	2.13	20,132
2015.1/4	용산구	108,506	250,003	122,096	127,907	235,723	114,406	121,317	14,280	7,690	6,590	2.17	35,359
2015.1/4	성동구	126,021	303,777	151,003	152,774	295,901	147,211	148,690	7,876	3,792	4,084	2.35	37,162
2015.1/4	광진구	159,056	377,204	184,750	192,454	363,136	178,432	184,704	14,068	6,318	7,750	2.28	39,469
2015.1/4	동대문구	160,384	376,329	187,486	188,843	363,767	182,466	181,301	12,562	5,020	7,542	2.27	51,559
2015.1/4	중랑구	176,862	422,825	210,811	212,014	418,250	208,950	209,300	4,575	1,861	2,714	2.36	52,818
2015.1/4	성북구	193,560	475,900	232,809	243,091	466,228	228,825	237,403	9,672	3,984	5,688	2.41	62,695
2015.1/4	강북구	141,463	337,996	166,245	171,751	334,582	164,899	169,683	3,414	1,346	2,068	2.37	51,531
2015.1/4	도봉구	137,094	355,282	174,971	180,311	353,296	174,217	179,079	1,986	754	1,232	2.58	47,100
2015.1/4	노원구	220,895	584,630	285,023	299,607	581,096	283,520	297,576	3,534	1,503	2,031	2.63	67,297
2015.1/4	은평구	202,819	504,165	246,293	257,872	499,616	244,332	255,284	4,549	1,961	2,588	2.46	67,939
2015.1/4	서대문구	134,583	319,938	154,723	165,215	309,243	150,562	158,681	10,695	4,161	6,534	2.3	45,771
2015.1/4	마포구	171,028	398,649	191,897	206,752	388,275	187,415	200,860	10,374	4,482	5,892	2.27	47,884
2015.1/4	양천구	179,389	490,745	243,126	247,619	486,314	241,080	245,234	4,431	2,046	2,385	2.71	49,027
2015.1/4	강서구	235,697	593,703	290,542	303,161	587,234	287,392	299,842	6,469	3,150	3,319	2.49	65,420
2015.1/4	구로구	173,040	457,390	230,061	227,329	425,861	212,975	212,886	31,529	17,086	14,443	2.46	52,157
2015.1/4	금천구	104,267	258,099	132,475	125,624	238,519	121,826	116,693	19,580	10,649	8,931	2.29	30,173
2015.1/4	영등포구	168,706	421,871	212,467	209,404	382,665	191,554	191,111	39,206	20,913	18,293	2.27	50,699
2015.1/4	동작구	172,798	419,460	205,978	213,482	407,613	200,338	207,275	11,847	5,640	6,207	2.36	53,074
2015.1/4	관악구	249,748	533,109	269,144	263,965	514,219	260,071	254,148	18,890	9,073	9,817	2.06	63,576
2015.1/4	서초구	173,259	453,564	218,520	235,044	448,952	216,158	232,794	4,612	2,362	2,250	2.59	48,066
2015.1/4	강남구	237,996	583,699	280,195	303,504	578,361	277,365	300,996	5,338	2,830	2,508	2.43	58,496
2015.1/4	송파구	257,643	672,371	328,531	343,840	665,271	325,100	340,171	7,100	3,431	3,669	2.58	66,322
2015.1/4	강동구	184,737	477,055	237,774	239,281	472,377	235,632	236,745	4,678	2,142	2,536	2.56	50,993
2015.2/4	합계	4,197,478	10,349,492	5,094,448	5,255,044	10,078,850	4,962,774	5,116,076	270,642	131,674	138,968	2.4	1,249,461
2015.2/4	종로구	72,882	164,291	80,814	83,477	155,695	76,962	78,733	8,596	3,852	4,744	2.14	24,746
2015.2/4	중구	59,614	135,200	67,337	67,863	126,817	63,292	63,525	8,383	4,045	4,338	2.13	20,183
2015.2/4	용산구	108,138	249,517	121,891	127,626	235,186	114,119	121,067	14,331	7,772	6,559	2.17	35,464
2015.2/4	성동구	126,915	305,969	152,053	153,916	298,145	148,265	149,880	7,824	3,788	4,036	2.35	37,609
2015.2/4	광진구	158,769	376,620	184,434	192,186	362,197	177,946	184,251	14,423	6,488	7,935	2.28	39,758
2015.2/4	동대문구	160,110	375,254	186,842	188,412	362,604	181,825	180,779	12,650	5,017	7,633	2.26	51,819
2015.2/4	중랑구	177,077	422,597	210,523	212,074	417,976	208,657	209,319	4,621	1,866	2,755	2.36	53,343
2015.2/4	성북구	192,670	473,642	231,590	242,052	464,176	227,676	236,500	9,466	3,914	5,552	2.41	62,839
2015.2/4	강북구	141,325	336,981	165,671	171,310	333,523	164,304	169,219	3,458	1,367	2,091	2.36	51,920
2015.2/4	도봉구	137,260	355,256	174,842	180,414	353,284	174,075	179,209	1,972	767	1,205	2.57	47,659
2015.2/4	노원구	220,403	582,799	284,084	298,715	579,324	282,601	296,723	3,475	1,483	1,992	2.63	67,936
2015.2/4	은평구	203,159	504,055	246,172	257,883	499,399	244,160	255,239	4,656	2,012	2,644	2.46	68,726
2015.2/4	서대문구	134,004	318,206	153,954	164,252	307,843	149,921	157,922	10,363	4,033	6,330	2.3	45,967
2015.2/4	마포구	171,691	400,367	192,438	207,929	389,937	187,989	201,948	10,430	4,449	5,981	2.27	48,293
2015.2/4	양천구	179,315	490,276	242,911	247,365	485,800	240,817	244,983	4,476	2,094	2,382	2.71	49,580
2015.2/4	강서구	236,939	595,148	291,037	304,111	588,559	287,809	300,750	6,589	3,228	3,361	2.48	66,463
2015.2/4	구로구	172,797	457,560	230,026	227,534	425,288	212,482	212,806	32,272	17,544	14,728	2.46	52,709
2015.2/4	금천구	104,331	258,462	132,704	125,758	238,367	121,752	116,615	20,095	10,952	9,143	2.28	30,519
2015.2/4	영등포구	168,314	421,351	212,161	209,190	381,647	190,907	190,740	39,704	21,254	18,450	2.27	50,982
2015.2/4	동작구	172,464	418,520	205,312	213,208	406,536	199,601	206,935	11,984	5,711	6,273	2.36	53,326
2015.2/4	관악구	249,481	531,912	268,513	263,399	512,921	259,364	253,557	18,991	9,149	9,842	2.06	64,019
2015.2/4	서초구	172,770	451,697	217,490	234,207	447,076	215,100	231,976	4,621	2,390	2,231	2.59	48,428
2015.2/4	강남구	237,198	581,256	278,933	302,323	575,912	276,091	299,821	5,344	2,842	2,502	2.43	58,913
2015.2/4	송파구	257,528	671,984	328,282	343,702	664,804	324,817	339,987	7,180	3,465	3,715	2.58	67,076
2015.2/4	강동구	182,324	470,572	234,434	236,138	465,834	232,242	233,592	4,738	2,192	2,546	2.55	51,184
2015.3/4	합계	4,195,438	10,331,847	5,083,068	5,248,779	10,055,027	4,949,180	5,105,847	276,820	133,888	142,932	2.4	1,258,944
2015.3/4	종로구	72,878	164,499	80,796	83,703	155,508	76,822	78,686	8,991	3,974	5,017	2.13	24,830
2015.3/4	중구	59,452	134,828	67,043	67,785	126,257	62,977	63,280	8,571	4,066	4,505	2.12	20,239
2015.3/4	용산구	107,827	248,859	121,475	127,384	234,347	113,654	120,693	14,512	7,821	6,691	2.17	35,606
2015.3/4	성동구	127,047	306,384	152,132	154,252	298,249	148,236	150,013	8,135	3,896	4,239	2.35	37,908
2015.3/4	광진구	158,544	375,951	183,927	192,024	361,173	177,347	183,826	14,778	6,580	8,198	2.28	40,035
2015.3/4	동대문구	160,079	374,823	186,466	188,357	361,430	181,184	180,246	13,393	5,282	8,111	2.26	52,148
2015.3/4	중랑구	176,441	420,151	209,204	210,947	415,474	207,315	208,159	4,677	1,889	2,788	2.35	53,607
2015.3/4	성북구	191,987	472,309	230,727	241,582	462,149	226,520	235,629	10,160	4,207	5,953	2.41	63,108
2015.3/4	강북구	141,291	335,853	165,058	170,795	332,366	163,694	168,672	3,487	1,364	2,123	2.35	52,318
2015.3/4	도봉구	137,203	354,454	174,421	180,033	352,474	173,660	178,814	1,980	761	1,219	2.57	48,175
2015.3/4	노원구	220,243	581,088	283,034	298,054	577,434	281,457	295,977	3,654	1,577	2,077	2.62	68,436
2015.3/4	은평구	203,609	504,345	246,025	258,320	499,668	244,019	255,649	4,677	2,006	2,671	2.45	69,265
2015.3/4	서대문구	133,828	317,983	153,651	164,332	306,892	149,470	157,422	11,091	4,181	6,910	2.29	46,211
2015.3/4	마포구	171,759	400,596	192,299	208,297	389,788	187,783	202,005	10,808	4,516	6,292	2.27	48,484
2015.3/4	양천구	179,640	489,788	242,540	247,248	485,312	240,458	244,854	4,476	2,082	2,394	2.7	50,057
2015.3/4	강서구	238,366	596,319	291,675	304,644	589,693	288,440	301,253	6,626	3,235	3,391	2.47	67,267
2015.3/4	구로구	172,448	456,547	229,391	227,156	423,810	211,490	212,320	32,737	17,901	14,836	2.46	53,204
2015.3/4	금천구	104,148	257,954	132,366	125,588	237,605	121,313	116,292	20,349	11,053	9,296	2.28	30,869
2015.3/4	영등포구	168,104	420,449	211,704	208,745	380,440	190,286	190,154	40,009	21,418	18,591	2.26	51,274
2015.3/4	동작구	171,377	415,598	203,736	211,862	403,345	197,952	205,393	12,253	5,784	6,469	2.35	53,444
2015.3/4	관악구	249,449	531,145	268,013	263,132	511,583	258,593	252,990	19,562	9,420	10,142	2.05	64,543
2015.3/4	서초구	173,335	452,488	217,786	234,702	447,924	215,443	232,481	4,564	2,343	2,221	2.58	49,051
2015.3/4	강남구	237,659	582,109	279,485	302,624	576,756	276,656	300,100	5,353	2,829	2,524	2.43	59,587
2015.3/4	송파구	257,395	670,489	327,589	342,900	663,247	324,066	339,181	7,242	3,523	3,719	2.58	67,709
2015.3/4	강동구	181,329	466,838	232,525	234,313	462,103	230,345	231,758	4,735	2,180	2,555	2.55	51,569
2015.4/4	합계	4,189,948	10,297,138	5,063,550	5,233,588	10,022,181	4,930,943	5,091,238	274,957	132,607	142,350	2.39	1,267,563
2015.4/4	종로구	72,645	163,822	80,531	83,291	154,986	76,548	78,438	8,836	3,983	4,853	2.13	24,892
2015.4/4	중구	59,321	134,329	66,755	67,574	125,733	62,687	63,046	8,596	4,068	4,528	2.12	20,302
2015.4/4	용산구	107,512	247,909	121,027	126,882	233,342	113,177	120,165	14,567	7,850	6,717	2.17	35,715
2015.4/4	성동구	126,714	305,065	151,459	153,606	297,003	147,570	149,433	8,062	3,889	4,173	2.34	38,164
2015.4/4	광진구	158,353	375,180	183,436	191,744	360,369	176,884	183,485	14,811	6,552	8,259	2.28	40,368
2015.4/4	동대문구	159,941	373,824	185,827	187,997	360,153	180,485	179,668	13,671	5,342	8,329	2.25	52,490
2015.4/4	중랑구	176,390	418,620	208,393	210,227	413,909	206,505	207,404	4,711	1,888	2,823	2.35	54,095
2015.4/4	성북구	190,973	469,560	229,183	240,377	459,275	224,980	234,295	10,285	4,203	6,082	2.4	63,281
2015.4/4	강북구	141,088	334,426	164,337	170,089	330,873	162,967	167,906	3,553	1,370	2,183	2.35	52,598
2015.4/4	도봉구	136,903	353,241	173,804	179,437	351,242	173,029	178,213	1,999	775	1,224	2.57	48,590
2015.4/4	노원구	219,768	578,221	281,538	296,683	574,583	279,987	294,596	3,638	1,551	2,087	2.61	68,909
2015.4/4	은평구	203,410	502,578	244,964	257,614	497,920	242,975	254,945	4,658	1,989	2,669	2.45	69,753
2015.4/4	서대문구	135,770	323,105	156,130	166,975	312,141	152,008	160,133	10,964	4,122	6,842	2.3	46,758
2015.4/4	마포구	171,480	398,351	190,957	207,394	387,643	186,495	201,148	10,708	4,462	6,246	2.26	48,598
2015.4/4	양천구	179,512	489,010	242,074	246,936	484,532	239,995	244,537	4,478	2,079	2,399	2.7	50,398
2015.4/4	강서구	238,952	595,691	291,216	304,475	589,074	287,947	301,127	6,617	3,269	3,348	2.47	67,950
2015.4/4	구로구	172,321	454,604	228,201	226,403	422,092	210,440	211,652	32,512	17,761	14,751	2.45	53,719
2015.4/4	금천구	103,847	256,167	131,346	124,821	236,284	120,604	115,680	19,883	10,742	9,141	2.28	31,070
2015.4/4	영등포구	167,863	417,811	210,388	207,423	378,504	189,394	189,110	39,307	20,994	18,313	2.25	51,481
2015.4/4	동작구	170,495	412,774	202,165	210,609	400,641	196,463	204,178	12,133	5,702	6,431	2.35	53,610
2015.4/4	관악구	249,191	529,031	266,773	262,258	509,663	257,491	252,172	19,368	9,282	10,086	2.05	64,985
2015.4/4	서초구	173,007	451,258	217,036	234,222	446,764	214,737	232,027	4,494	2,299	2,195	2.58	49,280
2015.4/4	강남구	237,373	581,760	279,209	302,551	576,495	276,425	300,070	5,265	2,784	2,481	2.43	60,330
2015.4/4	송파구	256,611	667,480	325,950	341,530	660,302	322,441	337,861	7,178	3,509	3,669	2.57	68,292
2015.4/4	강동구	180,508	463,321	230,851	232,470	458,658	228,709	229,949	4,663	2,142	2,521	2.54	51,935
2016.1/4	합계	4,194,485	10,282,821	5,053,675	5,229,146	10,009,588	4,922,103	5,087,485	273,233	131,572	141,661	2.39	1,280,268
2016.1/4	종로구	73,146	163,993	80,548	83,445	155,142	76,593	78,549	8,851	3,955	4,896	2.12	24,999
2016.1/4	중구	59,339	134,436	66,747	67,689	125,765	62,653	63,112	8,671	4,094	4,577	2.12	20,431
2016.1/4	용산구	107,342	247,297	120,607	126,690	232,684	112,719	119,965	14,613	7,888	6,725	2.17	35,912
2016.1/4	성동구	126,666	304,565	151,019	153,546	296,575	147,198	149,377	7,990	3,821	4,169	2.34	38,559
2016.1/4	광진구	158,593	374,798	182,951	191,847	360,083	176,451	183,632	14,715	6,500	8,215	2.27	40,764
2016.1/4	동대문구	160,378	373,657	185,627	188,030	359,864	180,230	179,634	13,793	5,397	8,396	2.24	52,965
2016.1/4	중랑구	176,721	418,341	208,235	210,106	413,605	206,344	207,261	4,736	1,891	2,845	2.34	54,687
2016.1/4	성북구	190,957	468,699	228,530	240,169	458,450	224,361	234,089	10,249	4,169	6,080	2.4	63,782
2016.1/4	강북구	141,053	333,615	163,819	169,796	330,058	162,445	167,613	3,557	1,374	2,183	2.34	53,023
2016.1/4	도봉구	136,687	352,521	173,342	179,179	350,526	172,571	177,955	1,995	771	1,224	2.56	49,161
2016.1/4	노원구	220,588	577,805	281,431	296,374	574,064	279,821	294,243	3,741	1,610	2,131	2.6	69,578
2016.1/4	은평구	203,140	501,242	244,103	257,139	496,659	242,160	254,499	4,583	1,943	2,640	2.44	70,311
2016.1/4	서대문구	137,303	326,746	157,763	168,983	315,778	153,651	162,127	10,968	4,112	6,856	2.3	47,319
2016.1/4	마포구	171,489	397,575	190,413	207,162	386,944	185,997	200,947	10,631	4,416	6,215	2.26	48,908
2016.1/4	양천구	179,008	487,368	241,190	246,178	482,945	239,159	243,786	4,423	2,031	2,392	2.7	50,905
2016.1/4	강서구	240,337	597,473	291,883	305,590	590,849	288,609	302,240	6,624	3,274	3,350	2.46	68,935
2016.1/4	구로구	172,837	454,252	227,913	226,339	421,912	210,236	211,676	32,340	17,677	14,663	2.44	54,405
2016.1/4	금천구	103,988	255,274	130,794	124,480	235,734	120,200	115,534	19,540	10,594	8,946	2.27	31,449
2016.1/4	영등포구	168,222	417,209	209,941	207,268	378,445	189,275	189,170	38,764	20,666	18,098	2.25	52,030
2016.1/4	동작구	171,466	413,282	202,397	210,885	401,250	196,713	204,537	12,032	5,684	6,348	2.34	54,222
2016.1/4	관악구	251,124	530,072	267,390	262,682	510,987	258,237	252,750	19,085	9,153	9,932	2.03	65,772
2016.1/4	서초구	172,636	450,085	216,403	233,682	445,606	214,122	231,484	4,479	2,281	2,198	2.58	49,805
2016.1/4	강남구	236,280	578,862	277,575	301,287	573,644	274,839	298,805	5,218	2,736	2,482	2.43	60,958
2016.1/4	송파구	255,601	663,904	324,076	339,828	656,830	320,641	336,189	7,074	3,435	3,639	2.57	68,987
2016.1/4	강동구	179,584	459,750	228,978	230,772	455,189	226,878	228,311	4,561	2,100	2,461	2.53	52,401
2016.2/4	합계	4,193,712	10,260,972	5,040,526	5,220,446	9,989,795	4,910,202	5,079,593	271,177	130,324	140,853	2.38	1,286,288
2016.2/4	종로구	72,820	163,235	80,127	83,108	154,365	76,126	78,239	8,870	4,001	4,869	2.12	25,009
2016.2/4	중구	59,315	134,175	66,582	67,593	125,457	62,458	62,999	8,718	4,124	4,594	2.12	20,434
2016.2/4	용산구	107,277	246,934	120,512	126,422	232,335	112,538	119,797	14,599	7,974	6,625	2.17	35,990
2016.2/4	성동구	127,341	305,525	151,449	154,076	297,558	147,650	149,908	7,967	3,799	4,168	2.34	38,739
2016.2/4	광진구	158,454	374,053	182,418	191,635	359,310	175,937	183,373	14,743	6,481	8,262	2.27	40,990
2016.2/4	동대문구	159,914	372,214	184,750	187,464	358,218	179,387	178,831	13,996	5,363	8,633	2.24	53,140
2016.2/4	중랑구	177,105	418,134	208,143	209,991	413,400	206,215	207,185	4,734	1,928	2,806	2.33	55,133
2016.2/4	성북구	190,406	467,142	227,567	239,575	456,795	223,363	233,432	10,347	4,204	6,143	2.4	63,899
2016.2/4	강북구	141,129	332,737	163,273	169,464	329,230	161,924	167,306	3,507	1,349	2,158	2.33	53,248
2016.2/4	도봉구	136,913	352,164	173,132	179,032	350,192	172,381	177,811	1,972	751	1,221	2.56	49,576
2016.2/4	노원구	220,804	576,782	280,787	295,995	573,156	279,247	293,909	3,626	1,540	2,086	2.6	70,065
2016.2/4	은평구	202,731	499,850	243,290	256,560	495,312	241,389	253,923	4,538	1,901	2,637	2.44	70,590
2016.2/4	서대문구	137,497	327,113	157,694	169,419	316,201	153,702	162,499	10,912	3,992	6,920	2.3	47,411
2016.2/4	마포구	170,792	395,687	189,332	206,355	384,990	184,916	200,074	10,697	4,416	6,281	2.25	48,584
2016.2/4	양천구	178,783	486,258	240,489	245,769	481,870	238,479	243,391	4,388	2,010	2,378	2.7	51,278
2016.2/4	강서구	241,192	598,190	292,094	306,096	591,592	288,836	302,756	6,598	3,258	3,340	2.45	69,551
2016.2/4	구로구	172,927	453,526	227,382	226,144	421,491	209,835	211,656	32,035	17,547	14,488	2.44	54,863
2016.2/4	금천구	103,995	254,662	130,461	124,201	235,322	119,927	115,395	19,340	10,534	8,806	2.26	31,704
2016.2/4	영등포구	167,863	414,901	208,870	206,031	377,200	188,697	188,503	37,701	20,173	17,528	2.25	52,078
2016.2/4	동작구	172,179	413,969	202,553	211,416	402,043	197,011	205,032	11,926	5,542	6,384	2.34	54,580
2016.2/4	관악구	251,736	529,254	266,960	262,294	510,333	257,975	252,358	18,921	8,985	9,936	2.03	66,031
2016.2/4	서초구	172,950	450,005	216,309	233,696	445,682	214,101	231,581	4,323	2,208	2,115	2.58	50,125
2016.2/4	강남구	235,660	576,413	276,311	300,102	571,330	273,630	297,700	5,083	2,681	2,402	2.42	61,178
2016.2/4	송파구	255,400	662,605	323,355	339,250	655,487	319,871	335,616	7,118	3,484	3,634	2.57	69,519
2016.2/4	강동구	178,529	455,444	226,686	228,758	450,926	224,607	226,319	4,518	2,079	2,439	2.53	52,573
2016.3/4	합계	4,191,411	10,236,408	5,025,843	5,210,565	9,964,291	4,895,508	5,068,783	272,117	130,335	141,782	2.38	1,293,335
2016.3/4	종로구	72,582	162,957	79,838	83,119	153,793	75,744	78,049	9,164	4,094	5,070	2.12	25,040
2016.3/4	중구	59,591	134,463	66,701	67,762	125,635	62,517	63,118	8,828	4,184	4,644	2.11	20,538
2016.3/4	용산구	107,026	246,317	120,244	126,073	231,528	112,231	119,297	14,789	8,013	6,776	2.16	35,998
2016.3/4	성동구	127,771	305,506	151,346	154,160	297,615	147,613	150,002	7,891	3,733	4,158	2.33	38,931
2016.3/4	광진구	158,554	373,680	182,184	191,496	358,744	175,660	183,084	14,936	6,524	8,412	2.26	41,243
2016.3/4	동대문구	159,429	371,253	184,089	187,164	356,691	178,553	178,138	14,562	5,536	9,026	2.24	53,247
2016.3/4	중랑구	177,232	416,887	207,523	209,364	412,223	205,634	206,589	4,664	1,889	2,775	2.33	55,494
2016.3/4	성북구	189,367	464,505	226,082	238,423	453,684	221,693	231,991	10,821	4,389	6,432	2.4	63,942
2016.3/4	강북구	141,275	332,116	162,917	169,199	328,639	161,587	167,052	3,477	1,330	2,147	2.33	53,710
2016.3/4	도봉구	136,829	351,253	172,546	178,707	349,234	171,790	177,444	2,019	756	1,263	2.55	50,033
2016.3/4	노원구	220,269	574,498	279,512	294,986	570,814	277,944	292,870	3,684	1,568	2,116	2.59	70,442
2016.3/4	은평구	202,404	498,514	242,447	256,067	494,038	240,579	253,459	4,476	1,868	2,608	2.44	71,016
2016.3/4	서대문구	136,994	326,359	156,959	169,400	314,980	152,946	162,034	11,379	4,013	7,366	2.3	47,507
2016.3/4	마포구	170,208	393,766	188,288	205,478	383,024	183,865	199,159	10,742	4,423	6,319	2.25	48,485
2016.3/4	양천구	178,742	485,505	239,986	245,519	481,211	238,028	243,183	4,294	1,958	2,336	2.69	51,789
2016.3/4	강서구	242,847	599,611	292,646	306,965	593,022	289,375	303,647	6,589	3,271	3,318	2.44	70,183
2016.3/4	구로구	172,473	451,754	226,492	225,262	419,778	208,911	210,867	31,976	17,581	14,395	2.43	55,265
2016.3/4	금천구	103,876	253,667	129,931	123,736	234,392	119,414	114,978	19,275	10,517	8,758	2.26	31,983
2016.3/4	영등포구	166,661	410,757	206,795	203,962	373,953	187,010	186,943	36,804	19,785	17,019	2.24	51,978
2016.3/4	동작구	172,672	414,261	202,623	211,638	402,229	197,045	205,184	12,032	5,578	6,454	2.33	54,953
2016.3/4	관악구	251,948	528,187	266,531	261,656	509,161	257,459	251,702	19,026	9,072	9,954	2.02	66,492
2016.3/4	서초구	173,572	450,906	216,647	234,259	446,634	214,471	232,163	4,272	2,176	2,096	2.57	50,533
2016.3/4	강남구	235,299	574,974	275,494	299,480	569,961	272,872	297,089	5,013	2,622	2,391	2.42	61,464
2016.3/4	송파구	255,825	662,413	323,007	339,406	655,427	319,578	335,849	6,986	3,429	3,557	2.56	70,208
2016.3/4	강동구	177,965	452,299	225,015	227,284	447,881	222,989	224,892	4,418	2,026	2,392	2.52	52,861
2016.4/4	합계	4,189,839	10,204,057	5,007,379	5,196,678	9,930,616	4,876,789	5,053,827	273,441	130,590	142,851	2.37	1,300,877
2016.4/4	종로구	72,118	161,922	79,322	82,600	152,737	75,201	77,536	9,185	4,121	5,064	2.12	25,091
2016.4/4	중구	59,651	134,409	66,452	67,957	125,249	62,204	63,045	9,160	4,248	4,912	2.1	20,606
2016.4/4	용산구	106,607	245,102	119,636	125,466	230,241	111,601	118,640	14,861	8,035	6,826	2.16	35,915
2016.4/4	성동구	128,727	307,161	152,006	155,155	299,259	148,326	150,933	7,902	3,680	4,222	2.32	39,262
2016.4/4	광진구	158,390	372,104	181,251	190,853	357,215	174,797	182,418	14,889	6,454	8,435	2.26	41,441
2016.4/4	동대문구	159,426	370,312	183,444	186,868	355,069	177,640	177,429	15,243	5,804	9,439	2.23	53,460
2016.4/4	중랑구	177,400	415,677	206,772	208,905	411,005	204,900	206,105	4,672	1,872	2,800	2.32	55,914
2016.4/4	성북구	188,304	461,617	224,504	237,113	450,355	219,951	230,404	11,262	4,553	6,709	2.39	64,015
2016.4/4	강북구	141,229	330,704	162,211	168,493	327,195	160,861	166,334	3,509	1,350	2,159	2.32	54,053
2016.4/4	도봉구	136,898	350,272	172,006	178,266	348,220	171,238	176,982	2,052	768	1,284	2.54	50,510
2016.4/4	노원구	219,736	571,212	277,866	293,346	567,581	276,333	291,248	3,631	1,533	2,098	2.58	70,887
2016.4/4	은평구	201,891	495,937	241,048	254,889	491,476	239,183	252,293	4,461	1,865	2,596	2.43	71,457
2016.4/4	서대문구	136,766	325,871	156,597	169,274	314,194	152,510	161,684	11,677	4,087	7,590	2.3	47,653
2016.4/4	마포구	169,432	390,887	186,668	204,219	379,892	182,162	197,730	10,995	4,506	6,489	2.24	48,303
2016.4/4	양천구	177,434	481,845	238,163	243,682	477,739	236,290	241,449	4,106	1,873	2,233	2.69	52,063
2016.4/4	강서구	245,045	602,104	293,734	308,370	595,485	290,478	305,007	6,619	3,256	3,363	2.43	71,062
2016.4/4	구로구	172,220	449,600	225,411	224,189	417,551	207,667	209,884	32,049	17,744	14,305	2.42	55,705
2016.4/4	금천구	104,483	254,654	130,429	124,225	235,386	119,885	115,501	19,268	10,544	8,724	2.25	32,279
2016.4/4	영등포구	165,729	406,779	204,712	202,067	370,613	185,200	185,413	36,166	19,512	16,654	2.24	51,844
2016.4/4	동작구	172,506	413,247	201,842	211,405	400,997	196,267	204,730	12,250	5,575	6,675	2.32	55,231
2016.4/4	관악구	251,955	525,607	265,034	260,573	506,851	256,143	250,708	18,756	8,891	9,865	2.01	66,952
2016.4/4	서초구	173,970	451,477	216,886	234,591	447,192	214,673	232,519	4,285	2,213	2,072	2.57	50,984
2016.4/4	강남구	234,080	572,140	274,217	297,923	567,115	271,604	295,511	5,025	2,613	2,412	2.42	61,931
2016.4/4	송파구	258,382	664,946	324,087	340,859	657,831	320,557	337,274	7,115	3,530	3,585	2.55	71,064
2016.4/4	강동구	177,460	448,471	223,081	225,390	444,168	221,118	223,050	4,303	1,963	2,340	2.5	53,195
2017.1/4	합계	4,202,888	10,197,604	5,000,005	5,197,599	9,926,968	4,871,560	5,055,408	270,636	128,445	142,191	2.36	1,321,458
2017.1/4	종로구	72,654	162,820	79,675	83,145	153,589	75,611	77,978	9,231	4,064	5,167	2.11	25,425
2017.1/4	중구	59,481	133,240	65,790	67,450	124,312	61,656	62,656	8,928	4,134	4,794	2.09	20,764
2017.1/4	용산구	106,544	244,203	119,132	125,071	229,456	111,167	118,289	14,747	7,965	6,782	2.15	36,231
2017.1/4	성동구	130,868	311,244	153,768	157,476	303,380	150,076	153,304	7,864	3,692	4,172	2.32	39,997
2017.1/4	광진구	158,960	372,164	180,992	191,172	357,211	174,599	182,612	14,953	6,393	8,560	2.25	42,214
2017.1/4	동대문구	159,839	369,496	182,932	186,564	354,079	177,021	177,058	15,417	5,911	9,506	2.22	54,173
2017.1/4	중랑구	177,548	414,503	206,102	208,401	409,882	204,265	205,617	4,621	1,837	2,784	2.31	56,774
2017.1/4	성북구	188,512	461,260	224,076	237,184	449,773	219,545	230,228	11,487	4,531	6,956	2.39	64,692
2017.1/4	강북구	141,554	330,192	161,686	168,506	326,686	160,353	166,333	3,506	1,333	2,173	2.31	54,813
2017.1/4	도봉구	136,613	348,646	171,026	177,620	346,629	170,289	176,340	2,017	737	1,280	2.54	51,312
2017.1/4	노원구	219,957	569,384	276,823	292,561	565,565	275,211	290,354	3,819	1,612	2,207	2.57	71,941
2017.1/4	은평구	201,869	494,388	240,220	254,168	489,943	238,337	251,606	4,445	1,883	2,562	2.43	72,334
2017.1/4	서대문구	137,207	327,163	156,765	170,398	314,982	152,613	162,369	12,181	4,152	8,029	2.3	48,161
2017.1/4	마포구	169,404	389,649	185,889	203,760	378,566	181,346	197,220	11,083	4,543	6,540	2.23	48,765
2017.1/4	양천구	176,921	479,978	237,117	242,861	475,949	235,278	240,671	4,029	1,839	2,190	2.69	52,975
2017.1/4	강서구	247,696	603,772	294,433	309,339	597,248	291,249	305,999	6,524	3,184	3,340	2.41	72,548
2017.1/4	구로구	172,272	447,874	224,436	223,438	416,487	207,114	209,373	31,387	17,322	14,065	2.42	56,833
2017.1/4	금천구	105,146	255,082	130,558	124,524	236,353	120,334	116,019	18,729	10,224	8,505	2.25	32,970
2017.1/4	영등포구	165,462	402,985	202,573	200,412	368,072	183,705	184,367	34,913	18,868	16,045	2.22	52,413
2017.1/4	동작구	173,033	412,520	201,217	211,303	400,456	195,775	204,681	12,064	5,442	6,622	2.31	56,013
2017.1/4	관악구	253,826	525,515	264,763	260,752	507,203	256,090	251,113	18,312	8,673	9,639	2	68,082
2017.1/4	서초구	173,856	450,310	216,264	234,046	445,994	214,036	231,958	4,316	2,228	2,088	2.57	51,733
2017.1/4	강남구	234,107	570,500	273,301	297,199	565,550	270,726	294,824	4,950	2,575	2,375	2.42	63,167
2017.1/4	송파구	259,883	667,483	325,040	342,443	660,584	321,676	338,908	6,899	3,364	3,535	2.54	72,506
2017.1/4	강동구	179,676	453,233	225,427	227,806	449,019	223,488	225,531	4,214	1,939	2,275	2.5	54,622
2017.2/4	합계	4,210,933	10,178,395	4,988,267	5,190,128	9,914,381	4,862,573	5,051,808	264,014	125,694	138,320	2.35	1,339,211
2017.2/4	종로구	73,091	163,521	79,905	83,616	154,408	75,924	78,484	9,113	3,981	5,132	2.11	25,745
2017.2/4	중구	59,368	132,838	65,445	67,393	123,970	61,343	62,627	8,868	4,102	4,766	2.09	20,974
2017.2/4	용산구	106,603	243,406	118,830	124,576	228,861	110,874	117,987	14,545	7,956	6,589	2.15	36,511
2017.2/4	성동구	131,474	311,831	153,799	158,032	304,049	150,185	153,864	7,782	3,614	4,168	2.31	40,480
2017.2/4	광진구	159,375	371,728	180,712	191,016	357,252	174,510	182,742	14,476	6,202	8,274	2.24	42,876
2017.2/4	동대문구	159,826	368,050	182,252	185,798	353,031	176,485	176,546	15,019	5,767	9,252	2.21	54,816
2017.2/4	중랑구	178,185	414,783	206,128	208,655	410,266	204,338	205,928	4,517	1,790	2,727	2.3	57,827
2017.2/4	성북구	188,100	459,276	223,155	236,121	448,104	218,694	229,410	11,172	4,461	6,711	2.38	65,355
2017.2/4	강북구	141,999	330,004	161,387	168,617	326,563	160,103	166,460	3,441	1,284	2,157	2.3	55,505
2017.2/4	도봉구	136,852	347,941	170,563	177,378	345,945	169,835	176,110	1,996	728	1,268	2.53	52,174
2017.2/4	노원구	219,460	566,411	275,299	291,112	562,781	273,757	289,024	3,630	1,542	2,088	2.56	73,010
2017.2/4	은평구	201,971	492,835	239,289	253,546	488,390	237,387	251,003	4,445	1,902	2,543	2.42	73,136
2017.2/4	서대문구	137,413	326,412	156,412	170,000	314,778	152,428	162,350	11,634	3,984	7,650	2.29	48,554
2017.2/4	마포구	169,407	388,574	185,105	203,469	377,791	180,722	197,069	10,783	4,383	6,400	2.23	49,200
2017.2/4	양천구	176,861	478,119	236,014	242,105	474,183	234,222	239,961	3,936	1,792	2,144	2.68	53,838
2017.2/4	강서구	250,708	606,823	295,845	310,978	600,323	292,676	307,647	6,500	3,169	3,331	2.39	73,981
2017.2/4	구로구	172,050	445,770	223,402	222,368	415,071	206,322	208,749	30,699	17,080	13,619	2.41	57,560
2017.2/4	금천구	105,628	254,711	130,392	124,319	236,366	120,273	116,093	18,345	10,119	8,226	2.24	33,457
2017.2/4	영등포구	166,252	402,967	202,648	200,319	369,174	184,257	184,917	33,793	18,391	15,402	2.22	53,088
2017.2/4	동작구	172,966	411,217	200,316	210,901	399,338	195,020	204,318	11,879	5,296	6,583	2.31	56,544
2017.2/4	관악구	254,395	523,859	263,812	260,047	506,332	255,488	250,844	17,527	8,324	9,203	1.99	68,908
2017.2/4	서초구	173,417	447,936	214,922	233,014	443,786	212,806	230,980	4,150	2,116	2,034	2.56	52,138
2017.2/4	강남구	233,943	568,425	272,319	296,106	563,448	269,762	293,686	4,977	2,557	2,420	2.41	63,975
2017.2/4	송파구	261,155	667,898	325,075	342,823	661,218	321,807	339,411	6,680	3,268	3,412	2.53	73,905
2017.2/4	강동구	180,434	453,060	225,241	227,819	448,953	223,355	225,598	4,107	1,886	2,221	2.49	55,654
2017.3/4	합계	4,219,001	10,158,411	4,975,437	5,182,974	9,891,448	4,849,195	5,042,253	266,963	126,242	140,721	2.34	1,353,486
2017.3/4	종로구	73,668	164,640	80,173	84,467	155,109	76,155	78,954	9,531	4,018	5,513	2.11	26,034
2017.3/4	중구	60,130	134,174	66,064	68,110	125,332	62,011	63,321	8,842	4,053	4,789	2.08	21,249
2017.3/4	용산구	107,090	243,922	119,056	124,866	228,960	110,838	118,122	14,962	8,218	6,744	2.14	36,727
2017.3/4	성동구	132,415	312,933	154,253	158,680	304,879	150,523	154,356	8,054	3,730	4,324	2.3	40,902
2017.3/4	광진구	160,085	372,414	180,737	191,677	357,743	174,534	183,209	14,671	6,203	8,468	2.23	43,579
2017.3/4	동대문구	160,029	367,769	182,000	185,769	352,011	176,022	175,989	15,758	5,978	9,780	2.2	55,287
2017.3/4	중랑구	179,002	414,554	206,011	208,543	410,109	204,232	205,877	4,445	1,779	2,666	2.29	58,675
2017.3/4	성북구	187,822	458,261	222,474	235,787	446,457	217,785	228,672	11,804	4,689	7,115	2.38	65,937
2017.3/4	강북구	142,165	329,042	160,842	168,200	325,552	159,528	166,024	3,490	1,314	2,176	2.29	56,078
2017.3/4	도봉구	137,269	347,338	170,134	177,204	345,293	169,388	175,905	2,045	746	1,299	2.52	52,909
2017.3/4	노원구	218,469	562,278	273,212	289,066	558,432	271,619	286,813	3,846	1,593	2,253	2.56	73,588
2017.3/4	은평구	202,391	491,899	238,733	253,166	487,507	236,870	250,637	4,392	1,863	2,529	2.41	73,850
2017.3/4	서대문구	137,509	326,479	156,070	170,409	314,182	151,961	162,221	12,297	4,109	8,188	2.28	48,985
2017.3/4	마포구	169,626	387,776	184,480	203,296	376,610	180,037	196,573	11,166	4,443	6,723	2.22	49,436
2017.3/4	양천구	176,811	476,627	235,246	241,381	472,730	233,489	239,241	3,897	1,757	2,140	2.67	54,598
2017.3/4	강서구	252,683	607,877	296,157	311,720	601,391	293,024	308,367	6,486	3,133	3,353	2.38	75,046
2017.3/4	구로구	171,861	443,288	222,088	221,200	412,972	205,174	207,798	30,316	16,914	13,402	2.4	58,260
2017.3/4	금천구	105,862	253,646	129,741	123,905	235,608	119,738	115,870	18,038	10,003	8,035	2.23	33,818
2017.3/4	영등포구	166,733	401,908	202,137	199,771	368,818	184,060	184,758	33,090	18,077	15,013	2.21	53,620
2017.3/4	동작구	173,474	410,703	199,978	210,725	398,501	194,549	203,952	12,202	5,429	6,773	2.3	56,902
2017.3/4	관악구	254,964	522,849	263,162	259,687	505,188	254,784	250,404	17,661	8,378	9,283	1.98	69,486
2017.3/4	서초구	173,885	447,177	214,389	232,788	442,833	212,189	230,644	4,344	2,200	2,144	2.55	52,738
2017.3/4	강남구	233,583	565,731	271,093	294,638	560,827	268,592	292,235	4,904	2,501	2,403	2.4	64,579
2017.3/4	송파구	262,611	668,366	325,253	343,113	661,750	322,029	339,721	6,616	3,224	3,392	2.52	75,301
2017.3/4	강동구	178,864	446,760	221,954	224,806	442,654	220,064	222,590	4,106	1,890	2,216	2.47	55,902
2017.4/4	합계	4,220,082	10,124,579	4,957,857	5,166,722	9,857,426	4,830,206	5,027,220	267,153	127,651	139,502	2.34	1,365,126
2017.4/4	종로구	73,594	164,257	80,094	84,163	154,770	75,967	78,803	9,487	4,127	5,360	2.1	26,182
2017.4/4	중구	60,412	134,593	66,337	68,256	125,709	62,253	63,456	8,884	4,084	4,800	2.08	21,384
2017.4/4	용산구	107,666	244,444	119,423	125,021	229,161	110,878	118,283	15,283	8,545	6,738	2.13	36,882
2017.4/4	성동구	132,902	312,711	154,077	158,634	304,808	150,368	154,440	7,903	3,709	4,194	2.29	41,273
2017.4/4	광진구	160,798	372,298	180,645	191,653	357,703	174,414	183,289	14,595	6,231	8,364	2.22	43,953
2017.4/4	동대문구	159,938	366,011	181,185	184,826	350,647	175,324	175,323	15,364	5,861	9,503	2.19	55,718
2017.4/4	중랑구	179,132	412,780	205,125	207,655	408,226	203,325	204,901	4,554	1,800	2,754	2.28	59,262
2017.4/4	성북구	187,112	455,407	221,103	234,304	444,055	216,556	227,499	11,352	4,547	6,805	2.37	66,251
2017.4/4	강북구	142,533	328,002	160,252	167,750	324,479	158,918	165,561	3,523	1,334	2,189	2.28	56,530
2017.4/4	도봉구	137,378	346,234	169,553	176,681	344,166	168,759	175,407	2,068	794	1,274	2.51	53,488
2017.4/4	노원구	217,619	558,075	271,025	287,050	554,403	269,508	284,895	3,672	1,517	2,155	2.55	74,243
2017.4/4	은평구	202,839	491,202	238,223	252,979	486,794	236,353	250,441	4,408	1,870	2,538	2.4	74,559
2017.4/4	서대문구	137,266	325,028	155,250	169,778	312,800	151,144	161,656	12,228	4,106	8,122	2.28	49,266
2017.4/4	마포구	169,408	385,783	183,248	202,535	374,915	178,939	195,976	10,868	4,309	6,559	2.21	49,615
2017.4/4	양천구	176,649	475,018	234,279	240,739	471,154	232,518	238,636	3,864	1,761	2,103	2.67	55,234
2017.4/4	강서구	254,257	608,255	296,175	312,080	601,691	292,989	308,702	6,564	3,186	3,378	2.37	76,032
2017.4/4	구로구	171,570	441,559	221,386	220,173	410,742	204,003	206,739	30,817	17,383	13,434	2.39	58,794
2017.4/4	금천구	106,066	253,491	129,775	123,716	235,154	119,497	115,657	18,337	10,278	8,059	2.22	34,170
2017.4/4	영등포구	167,355	402,024	202,400	199,624	368,550	183,975	184,575	33,474	18,425	15,049	2.2	53,981
2017.4/4	동작구	172,995	408,493	198,827	209,666	396,217	193,255	202,962	12,276	5,572	6,704	2.29	57,255
2017.4/4	관악구	255,352	520,929	262,006	258,923	503,297	253,661	249,636	17,632	8,345	9,287	1.97	70,046
2017.4/4	서초구	173,594	445,401	213,422	231,979	441,102	211,236	229,866	4,299	2,186	2,113	2.54	53,205
2017.4/4	강남구	231,612	561,052	268,941	292,111	556,164	266,442	289,722	4,888	2,499	2,389	2.4	65,060
2017.4/4	송파구	264,628	671,173	326,407	344,766	664,496	323,147	341,349	6,677	3,260	3,417	2.51	76,582
2017.4/4	강동구	177,407	440,359	218,699	221,660	436,223	216,777	219,446	4,136	1,922	2,214	2.46	56,161
2018.1/4	합계	4,237,610	10,112,070	4,948,481	5,163,589	9,838,892	4,817,507	5,021,385	273,178	130,974	142,204	2.32	1,382,420
2018.1/4	종로구	73,879	164,348	79,962	84,386	154,549	75,749	78,800	9,799	4,213	5,586	2.09	26,429
2018.1/4	중구	60,903	135,139	66,582	68,557	126,082	62,376	63,706	9,057	4,206	4,851	2.07	21,655
2018.1/4	용산구	108,497	245,411	119,985	125,426	229,909	111,262	118,647	15,502	8,723	6,779	2.12	37,238
2018.1/4	성동구	134,543	314,551	154,672	159,879	306,532	150,937	155,595	8,019	3,735	4,284	2.28	41,752
2018.1/4	광진구	161,407	371,671	180,206	191,465	357,149	173,946	183,203	14,522	6,260	8,262	2.21	44,470
2018.1/4	동대문구	160,489	364,962	180,381	184,581	349,308	174,476	174,832	15,654	5,905	9,749	2.18	56,284
2018.1/4	중랑구	179,600	411,552	204,411	207,141	406,868	202,526	204,342	4,684	1,885	2,799	2.27	59,992
2018.1/4	성북구	187,234	453,902	220,024	233,878	442,226	215,421	226,805	11,676	4,603	7,073	2.36	66,896
2018.1/4	강북구	143,139	327,511	159,853	167,658	323,862	158,440	165,422	3,649	1,413	2,236	2.26	57,002
2018.1/4	도봉구	137,479	345,041	168,833	176,208	342,861	168,009	174,852	2,180	824	1,356	2.49	54,293
2018.1/4	노원구	217,999	555,803	269,762	286,041	551,902	268,144	283,758	3,901	1,618	2,283	2.53	75,081
2018.1/4	은평구	203,431	490,253	237,542	252,711	485,902	235,674	250,228	4,351	1,868	2,483	2.39	75,535
2018.1/4	서대문구	137,758	324,871	154,960	169,911	312,311	150,793	161,518	12,560	4,167	8,393	2.27	49,645
2018.1/4	마포구	170,219	385,624	182,905	202,719	374,742	178,661	196,081	10,882	4,244	6,638	2.2	50,122
2018.1/4	양천구	176,559	473,087	233,189	239,898	469,221	231,409	237,812	3,866	1,780	2,086	2.66	56,070
2018.1/4	강서구	256,042	608,361	296,098	312,263	601,696	292,871	308,825	6,665	3,227	3,438	2.35	77,381
2018.1/4	구로구	171,751	440,396	220,903	219,493	408,369	202,731	205,638	32,027	18,172	13,855	2.38	59,838
2018.1/4	금천구	106,333	253,344	129,791	123,553	234,238	119,023	115,215	19,106	10,768	8,338	2.2	34,640
2018.1/4	영등포구	168,784	403,988	203,472	200,516	369,128	184,127	185,001	34,860	19,345	15,515	2.19	54,704
2018.1/4	동작구	173,544	406,715	197,848	208,867	394,353	192,215	202,138	12,362	5,633	6,729	2.27	57,711
2018.1/4	관악구	258,536	522,292	262,428	259,864	504,445	253,911	250,534	17,847	8,517	9,330	1.95	70,807
2018.1/4	서초구	174,225	445,164	213,279	231,885	440,954	211,156	229,798	4,210	2,123	2,087	2.53	54,055
2018.1/4	강남구	231,219	557,865	267,314	290,551	552,976	264,834	288,142	4,889	2,480	2,409	2.39	65,859
2018.1/4	송파구	266,550	671,994	326,511	345,483	665,282	323,228	342,054	6,712	3,283	3,429	2.5	77,978
2018.1/4	강동구	177,490	438,225	217,570	220,655	434,027	215,588	218,439	4,198	1,982	2,216	2.45	56,983
2018.2/4	합계	4,241,547	10,089,517	4,935,944	5,153,573	9,814,049	4,802,769	5,011,280	275,468	133,175	142,293	2.31	1,393,671
2018.2/4	종로구	73,655	163,569	79,522	84,047	153,780	75,247	78,533	9,789	4,275	5,514	2.09	26,512
2018.2/4	중구	61,091	135,427	66,673	68,754	126,032	62,260	63,772	9,395	4,413	4,982	2.06	21,798
2018.2/4	용산구	108,516	245,245	119,963	125,282	229,677	111,078	118,599	15,568	8,885	6,683	2.12	37,331
2018.2/4	성동구	135,666	316,068	155,268	160,800	308,066	151,571	156,495	8,002	3,697	4,305	2.27	42,171
2018.2/4	광진구	161,294	370,519	179,621	190,898	355,748	173,216	182,532	14,771	6,405	8,366	2.21	44,806
2018.2/4	동대문구	160,757	364,527	180,126	184,401	348,903	174,128	174,775	15,624	5,998	9,626	2.17	56,675
2018.2/4	중랑구	179,690	410,296	203,711	206,585	405,551	201,803	203,748	4,745	1,908	2,837	2.26	60,618
2018.2/4	성북구	186,696	451,829	218,998	232,831	440,272	214,430	225,842	11,557	4,568	6,989	2.36	67,132
2018.2/4	강북구	143,187	326,063	159,219	166,844	322,385	157,769	164,616	3,678	1,450	2,228	2.25	57,401
2018.2/4	도봉구	137,560	344,096	168,282	175,814	341,928	167,465	174,463	2,168	817	1,351	2.49	54,969
2018.2/4	노원구	217,662	553,177	268,396	284,781	549,365	266,826	282,539	3,812	1,570	2,242	2.52	75,741
2018.2/4	은평구	203,547	489,045	236,802	252,243	484,642	234,905	249,737	4,403	1,897	2,506	2.38	76,097
2018.2/4	서대문구	137,725	323,261	154,145	169,116	311,280	150,131	161,149	11,981	4,014	7,967	2.26	49,935
2018.2/4	마포구	170,788	385,507	182,627	202,880	374,691	178,430	196,261	10,816	4,197	6,619	2.19	50,350
2018.2/4	양천구	176,234	471,026	232,087	238,939	467,151	230,322	236,829	3,875	1,765	2,110	2.65	56,742
2018.2/4	강서구	256,560	606,981	295,221	311,760	600,257	291,966	308,291	6,724	3,255	3,469	2.34	78,042
2018.2/4	구로구	171,882	440,305	220,880	219,425	407,235	202,016	205,219	33,070	18,864	14,206	2.37	60,564
2018.2/4	금천구	106,307	252,752	129,612	123,140	233,263	118,530	114,733	19,489	11,082	8,407	2.19	34,945
2018.2/4	영등포구	169,264	404,501	203,696	200,805	369,003	183,888	185,115	35,498	19,808	15,690	2.18	54,994
2018.2/4	동작구	174,427	407,275	197,984	209,291	394,788	192,296	202,492	12,487	5,688	6,799	2.26	58,133
2018.2/4	관악구	259,681	521,960	262,235	259,725	504,048	253,600	250,448	17,912	8,635	9,277	1.94	71,317
2018.2/4	서초구	174,268	443,989	212,679	231,310	439,844	210,596	229,248	4,145	2,083	2,062	2.52	54,614
2018.2/4	강남구	229,160	551,888	264,332	287,556	546,952	261,815	285,137	4,936	2,517	2,419	2.39	66,011
2018.2/4	송파구	268,325	673,161	327,051	346,110	666,439	323,741	342,698	6,722	3,310	3,412	2.48	79,093
2018.2/4	강동구	177,605	437,050	216,814	220,236	432,749	214,740	218,009	4,301	2,074	2,227	2.44	57,680
2018.3/4	합계	4,254,018	10,068,381	4,922,959	5,145,422	9,793,003	4,789,821	5,003,182	275,378	133,138	142,240	2.3	1,405,404
2018.3/4	종로구	73,696	163,086	79,301	83,785	153,396	75,024	78,372	9,690	4,277	5,413	2.08	26,622
2018.3/4	중구	61,232	135,258	66,554	68,704	125,815	62,063	63,752	9,443	4,491	4,952	2.05	21,902
2018.3/4	용산구	108,777	245,087	119,830	125,257	229,391	110,861	118,530	15,696	8,969	6,727	2.11	37,443
2018.3/4	성동구	136,831	317,197	155,652	161,545	309,251	152,006	157,245	7,946	3,646	4,300	2.26	42,581
2018.3/4	광진구	161,714	369,999	179,120	190,879	355,032	172,678	182,354	14,967	6,442	8,525	2.2	45,202
2018.3/4	동대문구	162,232	366,101	180,817	185,284	350,556	174,863	175,693	15,545	5,954	9,591	2.16	57,096
2018.3/4	중랑구	180,044	409,058	203,014	206,044	404,313	201,089	203,224	4,745	1,925	2,820	2.25	61,271
2018.3/4	성북구	186,744	449,574	217,656	231,918	438,031	213,159	224,872	11,543	4,497	7,046	2.35	67,447
2018.3/4	강북구	143,172	324,276	158,263	166,013	320,576	156,829	163,747	3,700	1,434	2,266	2.24	57,741
2018.3/4	도봉구	137,901	342,990	167,726	175,264	340,876	166,926	173,950	2,114	800	1,314	2.47	55,499
2018.3/4	노원구	217,900	551,069	267,318	283,751	546,911	265,555	281,356	4,158	1,763	2,395	2.51	76,466
2018.3/4	은평구	203,951	487,849	236,029	251,820	483,417	234,119	249,298	4,432	1,910	2,522	2.37	76,643
2018.3/4	서대문구	138,027	322,497	153,727	168,770	310,584	149,728	160,856	11,913	3,999	7,914	2.25	50,278
2018.3/4	마포구	171,320	385,032	182,174	202,858	374,106	177,973	196,133	10,926	4,201	6,725	2.18	50,559
2018.3/4	양천구	176,598	469,945	231,360	238,585	466,121	229,619	236,502	3,824	1,741	2,083	2.64	57,442
2018.3/4	강서구	257,558	605,068	294,128	310,940	598,416	290,908	307,508	6,652	3,220	3,432	2.32	78,814
2018.3/4	구로구	172,121	439,234	220,323	218,911	406,144	201,362	204,782	33,090	18,961	14,129	2.36	61,293
2018.3/4	금천구	106,774	252,359	129,482	122,877	232,760	118,311	114,449	19,599	11,171	8,428	2.18	35,299
2018.3/4	영등포구	170,208	403,724	203,134	200,590	368,577	183,471	185,106	35,147	19,663	15,484	2.17	55,364
2018.3/4	동작구	175,873	407,925	198,184	209,741	395,513	192,523	202,990	12,412	5,661	6,751	2.25	58,803
2018.3/4	관악구	261,401	521,685	261,905	259,780	503,956	253,377	250,579	17,729	8,528	9,201	1.93	71,840
2018.3/4	서초구	173,912	441,539	211,513	230,026	437,407	209,418	227,989	4,132	2,095	2,037	2.52	54,887
2018.3/4	강남구	228,883	549,255	263,137	286,118	544,257	260,599	283,658	4,998	2,538	2,460	2.38	66,412
2018.3/4	송파구	269,558	673,582	327,054	346,528	666,892	323,832	343,060	6,690	3,222	3,468	2.47	80,220
2018.3/4	강동구	177,591	434,992	215,558	219,434	430,705	213,528	217,177	4,287	2,030	2,257	2.43	58,280
2018.4/4	합계	4,263,868	10,049,607	4,910,849	5,138,758	9,765,623	4,773,899	4,991,724	283,984	136,950	147,034	2.29	1,416,131
2018.4/4	종로구	73,735	163,026	79,156	83,870	153,065	74,825	78,240	9,961	4,331	5,630	2.08	26,742
2018.4/4	중구	61,502	135,633	66,674	68,959	125,725	61,947	63,778	9,908	4,727	5,181	2.04	22,005
2018.4/4	용산구	108,974	245,090	119,766	125,324	228,999	110,640	118,359	16,091	9,126	6,965	2.1	37,640
2018.4/4	성동구	137,209	316,463	155,091	161,372	308,221	151,359	156,862	8,242	3,732	4,510	2.25	42,767
2018.4/4	광진구	162,606	371,063	179,527	191,536	355,559	172,794	182,765	15,504	6,733	8,771	2.19	45,619
2018.4/4	동대문구	161,820	364,338	179,774	184,564	348,052	173,567	174,485	16,286	6,207	10,079	2.15	57,165
2018.4/4	중랑구	180,511	408,147	202,448	205,699	403,209	200,419	202,790	4,938	2,029	2,909	2.23	61,830
2018.4/4	성북구	186,601	447,687	216,495	231,192	435,868	211,904	223,964	11,819	4,591	7,228	2.34	67,782
2018.4/4	강북구	143,395	322,915	157,522	165,393	319,164	156,071	163,093	3,751	1,451	2,300	2.23	58,196
2018.4/4	도봉구	138,087	341,649	167,043	174,606	339,413	166,160	173,253	2,236	883	1,353	2.46	55,964
2018.4/4	노원구	217,655	548,160	265,870	282,290	543,752	263,919	279,833	4,408	1,951	2,457	2.5	77,096
2018.4/4	은평구	205,001	487,666	235,600	252,066	483,197	233,702	249,495	4,469	1,898	2,571	2.36	77,420
2018.4/4	서대문구	138,549	323,080	153,816	169,264	310,313	149,569	160,744	12,767	4,247	8,520	2.24	50,456
2018.4/4	마포구	172,505	386,359	182,573	203,786	375,077	178,240	196,837	11,282	4,333	6,949	2.17	50,833
2018.4/4	양천구	176,498	468,145	230,457	237,688	464,185	228,634	235,551	3,960	1,823	2,137	2.63	58,045
2018.4/4	강서구	258,503	603,611	293,289	310,322	596,949	290,079	306,870	6,662	3,210	3,452	2.31	79,660
2018.4/4	구로구	172,457	438,486	219,949	218,537	404,497	200,417	204,080	33,989	19,532	14,457	2.35	61,801
2018.4/4	금천구	107,971	254,021	130,398	123,623	233,917	118,915	115,002	20,104	11,483	8,621	2.17	35,739
2018.4/4	영등포구	171,085	403,600	203,319	200,281	367,778	183,224	184,554	35,822	20,095	15,727	2.15	55,673
2018.4/4	동작구	177,176	409,385	198,458	210,927	396,203	192,533	203,670	13,182	5,925	7,257	2.24	59,479
2018.4/4	관악구	262,222	520,040	260,742	259,298	501,957	252,160	249,797	18,083	8,582	9,501	1.91	72,249
2018.4/4	서초구	172,918	438,163	209,977	228,186	433,951	207,868	226,083	4,212	2,109	2,103	2.51	54,751
2018.4/4	강남구	228,775	547,453	262,203	285,250	542,364	259,611	282,753	5,089	2,592	2,497	2.37	67,085
2018.4/4	송파구	270,866	673,507	326,849	346,658	666,635	323,526	343,109	6,872	3,323	3,549	2.46	81,364
2018.4/4	강동구	177,247	431,920	213,853	218,067	427,573	211,816	215,757	4,347	2,037	2,310	2.41	58,770
2019.1/4	합계	4,290,922	10,054,979	4,909,387	5,145,592	9,770,216	4,772,134	4,998,082	284,763	137,253	147,510	2.28	1,436,125
2019.1/4	종로구	73,914	162,913	78,963	83,950	152,778	74,536	78,242	10,135	4,427	5,708	2.07	26,981
2019.1/4	중구	61,800	135,836	66,720	69,116	125,942	61,992	63,950	9,894	4,728	5,166	2.04	22,421
2019.1/4	용산구	109,413	245,139	119,597	125,542	229,168	110,626	118,542	15,971	8,971	7,000	2.09	38,049
2019.1/4	성동구	137,247	314,608	154,011	160,597	306,404	150,287	156,117	8,204	3,724	4,480	2.23	43,076
2019.1/4	광진구	163,460	370,658	179,162	191,496	354,873	172,361	182,512	15,785	6,801	8,984	2.17	46,288
2019.1/4	동대문구	162,228	363,262	179,100	184,162	346,750	172,784	173,966	16,512	6,316	10,196	2.14	57,570
2019.1/4	중랑구	181,182	407,211	201,808	205,403	402,203	199,730	202,473	5,008	2,078	2,930	2.22	62,789
2019.1/4	성북구	188,670	450,021	217,400	232,621	438,245	212,830	225,415	11,776	4,570	7,206	2.32	68,612
2019.1/4	강북구	143,663	321,151	156,525	164,626	317,386	155,075	162,311	3,765	1,450	2,315	2.21	58,858
2019.1/4	도봉구	138,175	340,089	166,218	173,871	337,820	165,314	172,506	2,269	904	1,365	2.44	56,742
2019.1/4	노원구	217,748	545,486	264,460	281,026	541,174	262,593	278,581	4,312	1,867	2,445	2.49	78,170
2019.1/4	은평구	206,527	488,713	235,925	252,788	484,274	234,064	250,210	4,439	1,861	2,578	2.34	78,406
2019.1/4	서대문구	139,811	324,604	154,410	170,194	311,771	150,103	161,668	12,833	4,307	8,526	2.23	51,085
2019.1/4	마포구	173,517	386,571	182,249	204,322	375,106	177,872	197,234	11,465	4,377	7,088	2.16	51,293
2019.1/4	양천구	176,680	466,622	229,486	237,136	462,599	227,678	234,921	4,023	1,808	2,215	2.62	58,930
2019.1/4	강서구	260,152	602,886	292,646	310,240	596,287	289,454	306,833	6,599	3,192	3,407	2.29	80,903
2019.1/4	구로구	173,585	438,889	220,013	218,876	404,726	200,367	204,359	34,163	19,646	14,517	2.33	63,017
2019.1/4	금천구	108,823	254,244	130,503	123,741	233,981	118,913	115,068	20,263	11,590	8,673	2.15	36,301
2019.1/4	영등포구	172,828	404,556	203,579	200,977	368,824	183,493	185,331	35,732	20,086	15,646	2.13	56,463
2019.1/4	동작구	179,709	412,031	199,526	212,505	398,886	193,622	205,264	13,145	5,904	7,241	2.22	60,462
2019.1/4	관악구	265,360	520,645	260,919	259,726	502,615	252,307	250,308	18,030	8,612	9,418	1.89	73,005
2019.1/4	서초구	172,929	437,007	209,329	227,678	432,762	207,206	225,556	4,245	2,123	2,122	2.5	55,366
2019.1/4	강남구	229,546	546,875	262,082	284,793	541,854	259,510	282,344	5,021	2,572	2,449	2.36	68,104
2019.1/4	송파구	276,815	685,361	332,367	352,994	678,521	329,046	349,475	6,840	3,321	3,519	2.45	83,492
2019.1/4	강동구	177,140	429,601	212,389	217,212	425,267	210,371	214,896	4,334	2,018	2,316	2.4	59,742
2019.2/4	합계	4,304,243	10,041,574	4,899,133	5,142,441	9,757,144	4,762,711	4,994,433	284,430	136,422	148,008	2.27	1,451,564
2019.2/4	종로구	73,828	162,413	78,657	83,756	152,026	74,190	77,836	10,387	4,467	5,920	2.06	27,155
2019.2/4	중구	62,156	136,276	66,919	69,357	126,143	62,086	64,057	10,133	4,833	5,300	2.03	22,749
2019.2/4	용산구	109,692	245,069	119,507	125,562	229,122	110,560	118,562	15,947	8,947	7,000	2.09	38,259
2019.2/4	성동구	136,872	312,991	153,027	159,964	304,936	149,412	155,524	8,055	3,615	4,440	2.23	43,370
2019.2/4	광진구	163,914	369,470	178,493	190,977	353,878	171,800	182,078	15,592	6,693	8,899	2.16	46,773
2019.2/4	동대문구	162,851	363,101	178,840	184,261	346,501	172,490	174,011	16,600	6,350	10,250	2.13	58,078
2019.2/4	중랑구	181,383	405,639	200,966	204,673	400,661	198,906	201,755	4,978	2,060	2,918	2.21	63,670
2019.2/4	성북구	190,253	452,292	218,236	234,056	440,397	213,648	226,749	11,895	4,588	7,307	2.31	69,341
2019.2/4	강북구	143,650	319,377	155,541	163,836	315,587	154,101	161,486	3,790	1,440	2,350	2.2	59,189
2019.2/4	도봉구	138,460	339,001	165,652	173,349	336,698	164,731	171,967	2,303	921	1,382	2.43	57,367
2019.2/4	노원구	217,462	542,603	262,747	279,856	538,350	260,946	277,404	4,253	1,801	2,452	2.48	79,046
2019.2/4	은평구	207,123	488,285	235,471	252,814	483,730	233,566	250,164	4,555	1,905	2,650	2.34	79,282
2019.2/4	서대문구	140,007	324,304	154,066	170,238	311,215	149,775	161,440	13,089	4,291	8,798	2.22	51,367
2019.2/4	마포구	173,845	385,985	181,757	204,228	374,422	177,388	197,034	11,563	4,369	7,194	2.15	51,613
2019.2/4	양천구	177,045	465,095	228,697	236,398	461,051	226,881	234,170	4,044	1,816	2,228	2.6	59,731
2019.2/4	강서구	261,383	602,230	292,139	310,091	595,602	288,905	306,697	6,628	3,234	3,394	2.28	81,965
2019.2/4	구로구	174,505	439,328	220,027	219,301	405,415	200,561	204,854	33,913	19,466	14,447	2.32	64,028
2019.2/4	금천구	109,708	254,061	130,282	123,779	234,079	118,912	115,167	19,982	11,370	8,612	2.13	36,727
2019.2/4	영등포구	173,701	404,229	203,265	200,964	369,017	183,460	185,557	35,212	19,805	15,407	2.12	56,891
2019.2/4	동작구	180,463	412,000	199,320	212,680	398,885	193,449	205,436	13,115	5,871	7,244	2.21	61,009
2019.2/4	관악구	266,692	519,864	260,404	259,460	502,089	251,875	250,214	17,775	8,529	9,246	1.88	73,693
2019.2/4	서초구	172,907	435,631	208,610	227,021	431,360	206,478	224,882	4,271	2,132	2,139	2.49	55,853
2019.2/4	강남구	230,752	547,602	262,219	285,383	542,498	259,645	282,853	5,104	2,574	2,530	2.35	69,011
2019.2/4	송파구	278,223	686,181	332,539	353,642	679,247	329,200	350,047	6,934	3,339	3,595	2.44	84,740
2019.2/4	강동구	177,368	428,547	211,752	216,795	424,235	209,746	214,489	4,312	2,006	2,306	2.39	60,657
2019.3/4	합계	4,315,921	10,025,927	4,887,068	5,138,859	9,740,398	4,751,696	4,988,702	285,529	135,372	150,157	2.26	1,468,146
2019.3/4	종로구	73,942	162,860	78,523	84,337	151,767	73,952	77,815	11,093	4,571	6,522	2.05	27,394
2019.3/4	중구	62,593	136,663	67,030	69,633	126,409	62,161	64,248	10,254	4,869	5,385	2.02	23,025
2019.3/4	용산구	109,911	244,989	119,499	125,490	228,830	110,478	118,352	16,159	9,021	7,138	2.08	38,531
2019.3/4	성동구	136,466	311,290	152,134	159,156	303,158	148,510	154,648	8,132	3,624	4,508	2.22	43,662
2019.3/4	광진구	164,173	368,337	177,749	190,588	352,692	171,103	181,589	15,645	6,646	8,999	2.15	47,347
2019.3/4	동대문구	163,606	363,779	178,958	184,821	346,551	172,440	174,111	17,228	6,518	10,710	2.12	58,764
2019.3/4	중랑구	181,448	403,776	199,959	203,817	398,812	197,927	200,885	4,964	2,032	2,932	2.2	64,449
2019.3/4	성북구	191,465	454,114	218,857	235,257	441,590	214,094	227,496	12,524	4,763	7,761	2.31	70,204
2019.3/4	강북구	143,680	317,875	154,784	163,091	314,090	153,356	160,734	3,785	1,428	2,357	2.19	59,808
2019.3/4	도봉구	138,603	337,594	164,883	172,711	335,280	163,953	171,327	2,314	930	1,384	2.42	58,070
2019.3/4	노원구	217,058	539,829	261,141	278,688	535,282	259,204	276,078	4,547	1,937	2,610	2.47	79,968
2019.3/4	은평구	207,410	486,159	234,228	251,931	481,663	232,383	249,280	4,496	1,845	2,651	2.32	79,957
2019.3/4	서대문구	140,007	324,089	153,618	170,471	310,069	149,061	161,008	14,020	4,557	9,463	2.21	51,708
2019.3/4	마포구	174,181	385,605	181,368	204,237	373,629	176,863	196,766	11,976	4,505	7,471	2.15	51,961
2019.3/4	양천구	177,339	463,931	227,911	236,020	459,849	226,091	233,758	4,082	1,820	2,262	2.59	60,487
2019.3/4	강서구	262,108	600,240	290,942	309,298	593,708	287,751	305,957	6,532	3,191	3,341	2.27	82,937
2019.3/4	구로구	175,844	439,850	219,971	219,879	406,748	201,077	205,671	33,102	18,894	14,208	2.31	64,952
2019.3/4	금천구	110,072	252,868	129,510	123,358	233,371	118,471	114,900	19,497	11,039	8,458	2.12	37,191
2019.3/4	영등포구	174,309	402,478	201,944	200,534	368,402	182,913	185,489	34,076	19,031	15,045	2.11	57,350
2019.3/4	동작구	180,841	410,487	198,593	211,894	397,618	192,829	204,789	12,869	5,764	7,105	2.2	61,607
2019.3/4	관악구	268,226	519,953	260,386	259,567	502,117	251,923	250,194	17,836	8,463	9,373	1.87	74,518
2019.3/4	서초구	173,215	435,258	208,297	226,961	431,027	206,185	224,842	4,231	2,112	2,119	2.49	56,455
2019.3/4	강남구	232,115	549,043	262,829	286,214	544,028	260,305	283,723	5,015	2,524	2,491	2.34	70,029
2019.3/4	송파구	278,340	684,338	331,364	352,974	677,489	328,073	349,416	6,849	3,291	3,558	2.43	86,062
2019.3/4	강동구	178,969	430,522	212,590	217,932	426,219	210,593	215,626	4,303	1,997	2,306	2.38	61,710
2019.4/4	합계	4,327,605	10,010,983	4,877,725	5,133,258	9,729,107	4,744,059	4,985,048	281,876	133,666	148,210	2.25	1,485,272
2019.4/4	종로구	73,947	161,869	78,215	83,654	151,290	73,746	77,544	10,579	4,469	6,110	2.05	27,519
2019.4/4	중구	62,739	136,488	66,823	69,665	126,171	61,910	64,261	10,317	4,913	5,404	2.01	23,275
2019.4/4	용산구	110,126	245,185	119,599	125,586	228,670	110,356	118,314	16,515	9,243	7,272	2.08	38,791
2019.4/4	성동구	135,838	308,979	150,861	158,118	300,889	147,273	153,616	8,090	3,588	4,502	2.22	43,947
2019.4/4	광진구	164,428	366,972	176,917	190,055	351,350	170,262	181,088	15,622	6,655	8,967	2.14	47,902
2019.4/4	동대문구	164,191	363,023	178,490	184,533	346,194	172,113	174,081	16,829	6,377	10,452	2.11	59,350
2019.4/4	중랑구	181,579	402,024	199,006	203,018	397,015	196,959	200,056	5,009	2,047	2,962	2.19	65,164
2019.4/4	성북구	192,592	454,744	219,099	235,645	442,650	214,437	228,213	12,094	4,662	7,432	2.3	70,850
2019.4/4	강북구	144,277	317,695	154,638	163,057	313,954	153,235	160,719	3,741	1,403	2,338	2.18	60,577
2019.4/4	도봉구	138,508	335,631	163,961	171,670	333,362	163,051	170,311	2,269	910	1,359	2.41	58,714
2019.4/4	노원구	216,966	537,303	259,810	277,493	532,905	257,923	274,982	4,398	1,887	2,511	2.46	80,923
2019.4/4	은평구	207,681	484,546	233,360	251,186	480,032	231,528	248,504	4,514	1,832	2,682	2.31	80,738
2019.4/4	서대문구	140,157	323,171	153,215	169,956	309,397	148,663	160,734	13,774	4,552	9,222	2.21	52,074
2019.4/4	마포구	175,023	385,925	181,303	204,622	374,035	176,891	197,144	11,890	4,412	7,478	2.14	52,429
2019.4/4	양천구	177,256	462,285	227,019	235,266	458,165	225,186	232,979	4,120	1,833	2,287	2.58	61,264
2019.4/4	강서구	262,708	598,273	289,691	308,582	591,796	286,563	305,233	6,477	3,128	3,349	2.25	84,077
2019.4/4	구로구	176,568	439,371	219,602	219,769	406,664	200,987	205,677	32,707	18,615	14,092	2.3	65,779
2019.4/4	금천구	110,622	251,820	128,954	122,866	232,810	118,209	114,601	19,010	10,745	8,265	2.1	37,660
2019.4/4	영등포구	174,806	400,986	200,986	200,000	367,678	182,438	185,240	33,308	18,548	14,760	2.1	57,872
2019.4/4	동작구	180,753	408,912	197,706	211,206	395,963	191,976	203,987	12,949	5,730	7,219	2.19	62,226
2019.4/4	관악구	268,559	517,334	259,194	258,140	500,094	251,009	249,085	17,240	8,185	9,055	1.86	75,194
2019.4/4	서초구	173,199	435,107	208,181	226,926	430,826	206,039	224,787	4,281	2,142	2,139	2.49	57,136
2019.4/4	강남구	232,981	550,209	263,345	286,864	545,169	260,806	284,363	5,040	2,539	2,501	2.34	71,025
2019.4/4	송파구	278,711	682,741	330,412	352,329	675,961	327,164	348,797	6,780	3,248	3,532	2.43	87,334
2019.4/4	강동구	183,390	440,390	217,338	223,052	436,067	215,335	220,732	4,323	2,003	2,320	2.38	63,452
2020.1/4	합계	4,354,006	10,013,781	4,874,995	5,138,786	9,733,655	4,742,217	4,991,438	280,126	132,778	147,348	2.24	1,518,239
2020.1/4	종로구	74,151	161,984	78,271	83,713	151,217	73,704	77,513	10,767	4,567	6,200	2.04	28,073
2020.1/4	중구	63,045	136,469	66,769	69,700	126,175	61,839	64,336	10,294	4,930	5,364	2	23,794
2020.1/4	용산구	110,895	246,165	119,961	126,204	229,579	110,667	118,912	16,586	9,294	7,292	2.07	39,439
2020.1/4	성동구	135,643	307,193	149,891	157,302	299,042	146,300	152,742	8,151	3,591	4,560	2.2	44,728
2020.1/4	광진구	165,287	365,990	176,226	189,764	350,417	169,568	180,849	15,573	6,658	8,915	2.12	48,989
2020.1/4	동대문구	165,279	362,793	178,202	184,591	346,156	171,896	174,260	16,637	6,306	10,331	2.09	60,367
2020.1/4	중랑구	182,220	400,678	198,122	202,556	395,619	196,076	199,543	5,059	2,046	3,013	2.17	66,764
2020.1/4	성북구	193,801	454,532	218,561	235,971	442,494	213,926	228,568	12,038	4,635	7,403	2.28	72,172
2020.1/4	강북구	144,805	316,750	154,141	162,609	312,985	152,747	160,238	3,765	1,394	2,371	2.16	61,660
2020.1/4	도봉구	138,595	333,495	162,774	170,721	331,238	161,879	169,359	2,257	895	1,362	2.39	60,023
2020.1/4	노원구	217,148	535,495	258,696	276,799	531,037	256,726	274,311	4,458	1,970	2,488	2.45	82,682
2020.1/4	은평구	208,209	482,509	231,953	250,556	478,019	230,147	247,872	4,490	1,806	2,684	2.3	82,245
2020.1/4	서대문구	142,109	325,875	154,502	171,373	312,642	150,051	162,591	13,233	4,451	8,782	2.2	53,038
2020.1/4	마포구	176,133	386,086	181,204	204,882	374,570	176,943	197,627	11,516	4,261	7,255	2.13	53,283
2020.1/4	양천구	177,436	460,532	226,109	234,423	456,339	224,241	232,098	4,193	1,868	2,325	2.57	62,761
2020.1/4	강서구	263,645	595,703	288,134	307,569	589,302	285,085	304,217	6,401	3,049	3,352	2.24	85,992
2020.1/4	구로구	177,275	438,308	218,970	219,338	405,837	200,558	205,279	32,471	18,412	14,059	2.29	67,432
2020.1/4	금천구	111,542	251,370	128,643	122,727	232,583	118,044	114,539	18,787	10,599	8,188	2.09	38,508
2020.1/4	영등포구	177,743	404,766	202,617	202,149	371,903	184,316	187,587	32,863	18,301	14,562	2.09	59,373
2020.1/4	동작구	181,761	407,802	196,943	210,859	395,014	191,272	203,742	12,788	5,671	7,117	2.17	63,378
2020.1/4	관악구	270,760	516,662	258,982	257,680	499,374	250,743	248,631	17,288	8,239	9,049	1.84	76,664
2020.1/4	서초구	173,580	434,801	207,877	226,924	430,568	205,787	224,781	4,233	2,090	2,143	2.48	58,332
2020.1/4	강남구	233,624	549,898	263,163	286,735	544,804	260,654	284,150	5,094	2,509	2,585	2.33	72,602
2020.1/4	송파구	279,301	680,883	329,058	351,825	674,095	325,859	348,236	6,788	3,199	3,589	2.41	89,539
2020.1/4	강동구	190,019	457,042	225,226	231,816	452,646	223,189	229,457	4,396	2,037	2,359	2.38	66,401
2020.2/4	합계	4,384,076	9,985,652	4,859,501	5,126,151	9,720,846	4,732,275	4,988,571	264,806	127,226	137,580	2.22	1,534,957
2020.2/4	종로구	74,497	160,520	77,745	82,775	150,383	73,288	77,095	10,137	4,457	5,680	2.02	28,203
2020.2/4	중구	63,354	136,030	66,545	69,485	126,092	61,697	64,395	9,938	4,848	5,090	1.99	24,035
2020.2/4	용산구	111,586	245,362	119,494	125,868	229,431	110,527	118,904	15,931	8,967	6,964	2.06	39,650
2020.2/4	성동구	135,937	304,851	148,554	156,297	297,397	145,258	152,139	7,454	3,296	4,158	2.19	45,005
2020.2/4	광진구	166,307	363,925	175,083	188,842	349,574	168,879	180,695	14,351	6,204	8,147	2.1	49,457
2020.2/4	동대문구	166,451	360,380	177,237	183,143	345,593	171,392	174,201	14,787	5,845	8,942	2.08	60,817
2020.2/4	중랑구	183,310	399,415	197,384	202,031	394,414	195,349	199,065	5,001	2,035	2,966	2.15	67,637
2020.2/4	성북구	195,064	452,290	217,551	234,739	441,812	213,431	228,381	10,478	4,120	6,358	2.26	72,822
2020.2/4	강북구	145,559	315,395	153,389	162,006	311,773	152,028	159,745	3,622	1,361	2,261	2.14	62,338
2020.2/4	도봉구	138,966	331,744	161,724	170,020	329,560	160,855	168,705	2,184	869	1,315	2.37	60,784
2020.2/4	노원구	217,897	533,041	257,473	275,568	528,887	255,624	273,263	4,154	1,849	2,305	2.43	83,636
2020.2/4	은평구	210,664	483,938	232,423	251,515	479,524	230,640	248,884	4,414	1,783	2,631	2.28	83,272
2020.2/4	서대문구	143,323	324,224	153,921	170,303	312,720	149,920	162,800	11,504	4,001	7,503	2.18	53,468
2020.2/4	마포구	177,544	384,957	180,659	204,298	374,390	176,664	197,726	10,567	3,995	6,572	2.11	53,694
2020.2/4	양천구	179,677	462,034	226,748	235,286	457,953	224,908	233,045	4,081	1,840	2,241	2.55	63,824
2020.2/4	강서구	265,252	593,203	286,668	306,535	586,936	283,697	303,239	6,267	2,971	3,296	2.21	87,032
2020.2/4	구로구	178,367	436,707	218,051	218,656	405,075	200,098	204,977	31,632	17,953	13,679	2.27	68,280
2020.2/4	금천구	112,570	250,554	128,078	122,476	232,250	117,762	114,488	18,304	10,316	7,988	2.06	38,950
2020.2/4	영등포구	179,787	405,154	202,648	202,506	373,349	184,905	188,444	31,805	17,743	14,062	2.08	60,071
2020.2/4	동작구	183,537	406,776	196,479	210,297	395,165	191,211	203,954	11,611	5,268	6,343	2.15	64,039
2020.2/4	관악구	273,715	516,318	258,740	257,578	499,740	250,829	248,911	16,578	7,911	8,667	1.83	77,341
2020.2/4	서초구	173,998	433,062	207,095	225,967	428,919	205,037	223,882	4,143	2,058	2,085	2.47	59,063
2020.2/4	강남구	233,484	546,158	261,187	284,971	541,233	258,753	282,480	4,925	2,434	2,491	2.32	73,097
2020.2/4	송파구	280,135	678,067	327,383	350,684	671,512	324,317	347,195	6,555	3,066	3,489	2.4	90,700
2020.2/4	강동구	193,095	461,547	227,242	234,305	457,164	225,206	231,958	4,383	2,036	2,347	2.37	67,742