기간	자치구	행정동	전체세대수	1인세대	2인세대	3인세대	4인세대	5인세대	6인세대	7인세대	8인세대	9인세대	10인세대 이상
2018.01	합계	합계	4,224,387	1,614,420	870,433	776,034	733,217	176,204	39,788	10,023	2,745	879	644
2018.01	종로구	소계	73,562	35,503	13,645	10,933	9,812	2,708	665	205	58	20	13
2018.01	종로구	사직동	4,425	2,074	860	670	596	157	34	22	8	-	4
2018.01	종로구	삼청동	1,416	726	247	203	159	57	16	7	1	-	-
2018.01	종로구	부암동	4,327	1,625	905	748	746	210	58	26	4	3	2
2018.01	종로구	평창동	7,476	2,370	1,595	1,469	1,472	419	108	25	10	6	2
2018.01	종로구	무악동	3,022	713	635	681	758	190	32	9	2	1	1
2018.01	종로구	교남동	4,425	1,586	1,043	823	764	158	33	13	5	-	-
2018.01	종로구	가회동	2,085	933	441	315	278	84	24	7	2	1	-
2018.01	종로구	종로1.2.3.4가동	5,366	4,208	540	305	233	53	17	7	3	-	-
2018.01	종로구	종로5·6가동	3,159	2,049	467	319	238	68	13	2	2	1	-
2018.01	종로구	이화동	4,484	2,601	771	536	425	115	24	10	-	2	-
2018.01	종로구	창신1동	3,045	1,773	550	364	255	82	17	4	-	-	-
2018.01	종로구	창신2동	4,279	1,970	843	664	570	177	44	8	2	1	-
2018.01	종로구	창신3동	2,866	815	669	640	513	180	36	9	4	-	-
2018.01	종로구	숭인1동	3,005	1,299	652	496	391	124	33	8	1	1	-
2018.01	종로구	숭인2동	5,617	3,552	908	564	452	103	26	6	3	3	-
2018.01	종로구	청운효자동	5,442	1,938	1,108	1,027	999	264	78	21	6	1	-
2018.01	종로구	혜화동	9,123	5,271	1,411	1,109	963	267	72	21	5	-	4
2018.01	중구	소계	60,520	28,887	12,298	9,246	7,501	1,904	501	122	32	12	17
2018.01	중구	소공동	1,058	580	192	158	100	19	6	1	-	-	2
2018.01	중구	회현동	3,272	2,239	439	288	231	53	14	6	1	-	1
2018.01	중구	명동	1,428	929	219	137	101	29	6	2	2	-	3
2018.01	중구	필동	2,253	1,363	381	245	187	56	12	6	2	-	1
2018.01	중구	장충동	2,603	1,555	448	269	225	80	19	3	1	-	3
2018.01	중구	광희동	2,912	1,835	482	287	231	52	20	4	1	-	-
2018.01	중구	을지로동	1,169	917	126	72	36	14	2	2	-	-	-
2018.01	중구	신당5동	4,455	2,028	909	717	605	147	35	9	3	2	-
2018.01	중구	황학동	6,210	3,189	1,266	879	657	162	48	5	3	1	-
2018.01	중구	중림동	5,377	2,363	1,136	917	741	154	49	13	3	1	-
2018.01	중구	신당동	4,404	2,599	772	539	360	96	31	6	-	1	-
2018.01	중구	다산동	6,880	2,948	1,592	1,102	925	230	58	17	3	2	3
2018.01	중구	약수동	7,825	2,729	1,982	1,551	1,171	293	78	13	4	1	3
2018.01	중구	청구동	6,458	2,434	1,493	1,195	984	275	57	12	5	2	1
2018.01	중구	동화동	4,216	1,179	861	890	947	244	66	23	4	2	-
2018.01	용산구	소계	107,979	49,725	21,850	16,918	14,458	3,741	917	235	80	28	27
2018.01	용산구	후암동	8,507	3,889	1,679	1,368	1,163	309	71	15	6	3	4
2018.01	용산구	용산2가동	5,555	2,764	1,203	801	589	155	32	9	2	-	-
2018.01	용산구	남영동	5,468	4,159	624	333	250	73	20	5	1	2	1
2018.01	용산구	원효로2동	6,021	1,955	1,291	1,193	1,160	306	73	22	14	4	3
2018.01	용산구	효창동	3,889	1,356	869	697	685	204	56	17	2	1	2
2018.01	용산구	용문동	5,255	1,786	1,208	1,034	917	233	56	14	4	1	2
2018.01	용산구	이촌1동	10,029	2,187	2,146	2,513	2,438	551	137	36	15	3	3
2018.01	용산구	이촌2동	3,865	1,267	1,000	791	589	158	44	10	5	-	1
2018.01	용산구	이태원1동	3,902	2,261	703	472	320	112	27	6	1	-	-
2018.01	용산구	이태원2동	4,934	2,606	1,003	662	492	122	39	6	2	1	1
2018.01	용산구	서빙고동	5,310	1,684	1,073	963	1,169	327	68	21	4	-	1
2018.01	용산구	보광동	7,837	3,966	1,689	1,087	822	210	47	13	3	-	-
2018.01	용산구	청파동	10,552	5,849	1,941	1,279	1,088	284	83	17	8	-	3
2018.01	용산구	원효로1동	6,931	3,075	1,489	1,176	915	214	41	10	6	5	-
2018.01	용산구	한강로동	9,025	5,057	1,656	1,175	856	211	50	14	2	2	2
2018.01	용산구	한남동	10,899	5,864	2,276	1,374	1,005	272	73	20	5	6	4
2018.01	성동구	소계	133,233	52,067	28,144	24,608	21,728	4,974	1,240	332	95	27	18
2018.01	성동구	왕십리2동	7,629	2,892	1,598	1,456	1,274	284	99	16	4	2	4
2018.01	성동구	마장동	10,292	4,146	2,128	1,793	1,660	410	111	24	12	6	2
2018.01	성동구	사근동	6,575	4,341	894	605	546	140	32	12	3	2	-
2018.01	성동구	행당1동	6,250	2,626	1,256	1,100	954	231	58	18	5	1	1
2018.01	성동구	행당2동	9,452	2,237	2,181	2,252	2,176	445	107	40	10	2	2
2018.01	성동구	응봉동	6,241	1,627	1,352	1,403	1,412	342	72	20	11	1	1
2018.01	성동구	금호1가동	5,349	1,688	1,236	1,113	1,002	227	63	17	2	1	-
2018.01	성동구	금호4가동	6,053	2,041	1,410	1,342	964	226	54	11	4	1	-
2018.01	성동구	성수1가1동	7,586	2,966	1,588	1,325	1,349	279	60	15	2	1	1
2018.01	성동구	성수1가2동	7,374	3,239	1,530	1,233	1,060	239	57	9	5	-	2
2018.01	성동구	성수2가1동	8,655	4,052	1,729	1,373	1,161	254	65	18	3	-	-
2018.01	성동구	성수2가3동	5,620	2,735	1,064	810	745	191	57	13	4	1	-
2018.01	성동구	송정동	5,483	2,587	1,122	811	725	180	40	13	1	4	-
2018.01	성동구	용답동	8,135	4,403	1,487	1,070	906	200	56	11	1	-	1
2018.01	성동구	왕십리도선동	11,375	3,993	2,425	2,271	2,073	474	103	31	4	-	1
2018.01	성동구	금호2.3가동	10,244	3,411	2,411	2,136	1,726	421	92	31	13	2	1
2018.01	성동구	옥수동	10,920	3,083	2,733	2,515	1,995	431	114	33	11	3	2
2018.01	광진구	소계	161,143	68,504	31,946	27,474	25,665	5,721	1,350	342	94	26	21
2018.01	광진구	화양동	15,135	11,490	1,894	877	688	135	39	10	2	-	-
2018.01	광진구	군자동	10,303	5,367	2,000	1,410	1,174	258	65	17	6	3	3
2018.01	광진구	중곡1동	7,668	3,456	1,768	1,261	917	208	35	15	6	2	-
2018.01	광진구	중곡2동	10,159	4,133	2,237	1,818	1,550	316	83	16	3	2	1
2018.01	광진구	중곡3동	8,331	3,619	1,867	1,409	1,093	276	54	9	2	1	1
2018.01	광진구	중곡4동	13,147	4,571	2,947	2,612	2,288	548	139	32	6	1	3
2018.01	광진구	능동	6,051	3,233	1,259	777	554	147	68	12	1	-	-
2018.01	광진구	구의1동	11,418	5,754	2,294	1,685	1,274	304	82	20	3	2	-
2018.01	광진구	구의2동	10,618	3,695	2,305	2,111	1,892	462	99	37	11	3	3
2018.01	광진구	구의3동	12,046	3,845	2,408	2,542	2,546	556	106	29	8	4	2
2018.01	광진구	광장동	11,938	2,094	1,749	2,923	4,183	754	179	33	19	3	1
2018.01	광진구	자양1동	11,291	5,314	2,320	1,706	1,495	351	78	20	3	1	3
2018.01	광진구	자양2동	11,205	3,733	2,429	2,303	2,079	490	125	33	8	2	3
2018.01	광진구	자양3동	11,039	2,676	2,263	2,527	2,761	618	136	42	13	2	1
2018.01	광진구	자양4동	10,794	5,524	2,206	1,513	1,171	298	62	17	3	-	-
2018.01	동대문구	소계	159,955	70,213	31,698	26,528	23,409	6,086	1,514	356	104	30	17
2018.01	동대문구	회기동	5,725	3,515	845	628	554	142	32	3	5	1	-
2018.01	동대문구	휘경1동	6,844	3,793	1,205	856	725	192	54	13	4	2	-
2018.01	동대문구	휘경2동	10,995	4,730	1,994	1,864	1,805	455	108	26	9	2	2
2018.01	동대문구	청량리동	10,526	4,753	2,289	1,659	1,315	391	93	18	5	2	1
2018.01	동대문구	용신동	16,476	9,089	3,061	2,060	1,663	455	104	38	4	1	1
2018.01	동대문구	제기동	12,673	6,443	2,480	1,750	1,453	401	114	21	8	2	1
2018.01	동대문구	전농1동	13,931	6,549	2,659	2,231	1,871	471	112	28	5	4	1
2018.01	동대문구	전농2동	7,599	1,972	1,720	1,747	1,576	429	116	31	4	2	2
2018.01	동대문구	답십리1동	10,598	4,102	2,101	1,980	1,777	489	107	30	9	3	-
2018.01	동대문구	답십리2동	11,991	3,858	2,776	2,392	2,235	542	143	34	7	2	2
2018.01	동대문구	장안1동	17,004	6,708	3,524	3,148	2,674	711	174	47	14	3	1
2018.01	동대문구	장안2동	12,502	4,048	2,585	2,631	2,467	586	144	28	8	2	3
2018.01	동대문구	이문1동	14,379	7,889	2,587	1,845	1,528	386	114	14	11	3	2
2018.01	동대문구	이문2동	8,712	2,764	1,872	1,737	1,766	436	99	25	11	1	1
2018.01	중랑구	소계	179,184	69,520	39,560	32,966	28,401	6,811	1,448	351	95	19	13
2018.01	중랑구	면목2동	12,255	5,177	2,709	2,077	1,748	427	93	14	10	-	-
2018.01	중랑구	면목4동	9,462	3,896	2,105	1,684	1,379	303	70	20	4	1	-
2018.01	중랑구	면목5동	4,705	1,898	1,086	847	675	155	31	11	2	-	-
2018.01	중랑구	면목7동	10,109	4,086	2,260	1,822	1,492	358	70	18	2	1	-
2018.01	중랑구	상봉1동	10,067	2,898	2,196	2,179	2,204	467	88	23	9	3	-
2018.01	중랑구	상봉2동	9,695	5,183	1,921	1,375	954	198	47	11	4	2	-
2018.01	중랑구	중화1동	8,805	2,970	2,035	1,797	1,531	373	68	22	7	1	1
2018.01	중랑구	중화2동	14,148	6,957	3,058	2,147	1,513	373	78	15	4	2	1
2018.01	중랑구	묵1동	14,255	4,300	3,070	3,061	2,910	700	159	38	13	1	3
2018.01	중랑구	묵2동	9,113	3,639	2,091	1,652	1,311	326	72	16	2	2	2
2018.01	중랑구	망우3동	8,484	3,474	1,984	1,540	1,150	251	65	16	2	2	-
2018.01	중랑구	신내1동	14,467	3,094	3,093	3,130	3,726	1,128	229	47	17	2	1
2018.01	중랑구	신내2동	9,014	2,504	2,153	2,037	1,824	379	80	25	9	1	2
2018.01	중랑구	면목본동	17,334	7,868	3,832	2,861	2,164	482	95	27	3	-	2
2018.01	중랑구	면목3.8동	12,578	5,319	2,781	2,220	1,750	380	100	24	4	-	-
2018.01	중랑구	망우본동	14,693	6,257	3,186	2,537	2,070	511	103	24	3	1	1
2018.01	성북구	소계	186,939	69,380	38,293	35,291	33,058	8,187	1,975	554	123	33	45
2018.01	성북구	돈암1동	6,405	1,740	1,494	1,400	1,333	335	78	20	3	-	2
2018.01	성북구	돈암2동	8,470	1,465	1,709	2,139	2,344	586	155	51	15	3	3
2018.01	성북구	안암동	8,551	5,235	1,376	907	778	202	36	11	3	2	1
2018.01	성북구	보문동	8,010	3,659	1,589	1,321	1,139	237	50	10	2	-	3
2018.01	성북구	정릉1동	7,011	1,979	1,472	1,580	1,480	367	96	29	4	1	3
2018.01	성북구	정릉2동	9,639	2,889	2,197	2,102	1,848	455	104	34	6	2	2
2018.01	성북구	정릉3동	7,480	3,565	1,470	1,162	948	257	54	14	5	2	3
2018.01	성북구	정릉4동	11,015	3,484	2,491	2,347	2,050	481	125	30	7	-	-
2018.01	성북구	길음1동	12,966	2,570	2,413	3,161	3,797	758	198	50	9	4	6
2018.01	성북구	길음2동	5,130	1,972	988	911	933	248	54	19	4	1	-
2018.01	성북구	월곡1동	10,743	3,061	2,293	2,304	2,327	571	138	39	7	1	2
2018.01	성북구	월곡2동	8,775	3,519	1,743	1,579	1,407	378	112	24	8	2	3
2018.01	성북구	장위1동	8,892	3,130	2,016	1,736	1,486	397	85	32	6	2	2
2018.01	성북구	장위2동	7,873	2,981	1,813	1,480	1,159	329	77	24	7	3	-
2018.01	성북구	장위3동	5,011	1,788	1,039	952	923	236	53	17	3	-	-
2018.01	성북구	성북동	7,966	3,574	1,646	1,222	1,068	327	83	31	8	1	6
2018.01	성북구	삼선동	12,519	5,818	2,424	1,924	1,787	432	106	20	4	3	1
2018.01	성북구	동선동	8,801	5,312	1,461	960	772	211	58	16	9	-	2
2018.01	성북구	종암동	16,966	6,003	3,412	3,309	3,187	807	181	52	7	5	3
2018.01	성북구	석관동	14,716	5,636	3,247	2,795	2,292	573	132	31	6	1	3
2018.01	강북구	소계	142,708	55,001	32,582	26,325	21,637	5,501	1,249	277	82	31	23
2018.01	강북구	번1동	9,934	4,974	2,085	1,454	1,089	249	67	10	5	1	-
2018.01	강북구	번2동	7,554	2,464	2,040	1,550	1,105	292	82	12	6	1	2
2018.01	강북구	번3동	7,621	2,025	2,088	1,683	1,315	383	99	22	4	2	-
2018.01	강북구	수유1동	10,228	4,413	2,194	1,792	1,350	367	84	18	6	1	3
2018.01	강북구	수유2동	9,393	3,081	2,335	1,931	1,533	388	95	19	8	2	1
2018.01	강북구	수유3동	12,037	5,966	2,538	1,864	1,276	312	60	13	1	4	3
2018.01	강북구	삼양동	12,579	4,749	2,876	2,365	1,952	507	89	26	8	5	2
2018.01	강북구	미아동	11,092	5,142	2,448	1,742	1,315	348	70	17	7	2	1
2018.01	강북구	송중동	13,125	5,327	2,839	2,300	1,973	524	124	27	5	3	3
2018.01	강북구	송천동	13,782	6,007	3,047	2,299	1,851	449	99	19	8	1	2
2018.01	강북구	삼각산동	11,889	2,527	2,362	2,727	3,348	734	139	42	7	2	1
2018.01	강북구	우이동	9,299	3,249	2,269	1,863	1,406	382	96	20	6	5	3
2018.01	강북구	인수동	14,175	5,077	3,461	2,755	2,124	566	145	32	11	2	2
2018.01	도봉구	소계	137,459	41,402	31,918	29,112	26,619	6,448	1,438	367	107	31	17
2018.01	도봉구	쌍문1동	9,005	2,855	2,144	1,850	1,585	425	110	29	5	-	2
2018.01	도봉구	쌍문2동	8,570	2,826	2,084	1,801	1,410	323	98	20	4	1	3
2018.01	도봉구	쌍문3동	7,594	2,856	1,792	1,424	1,159	279	67	16	-	-	1
2018.01	도봉구	쌍문4동	7,202	1,474	1,438	1,721	2,014	453	77	16	8	1	-
2018.01	도봉구	방학1동	12,564	4,228	2,858	2,460	2,234	614	115	42	8	4	1
2018.01	도봉구	방학2동	9,630	3,530	2,300	1,886	1,443	357	87	23	3	-	1
2018.01	도봉구	방학3동	10,185	1,713	2,251	2,568	2,772	685	139	34	19	3	1
2018.01	도봉구	창1동	10,911	3,319	2,493	2,324	2,180	463	101	23	6	2	-
2018.01	도봉구	창2동	12,342	3,447	2,938	2,760	2,387	590	157	43	13	6	1
2018.01	도봉구	창3동	6,641	2,415	1,616	1,255	1,029	250	61	12	-	2	1
2018.01	도봉구	창4동	10,573	2,596	2,167	2,351	2,707	596	116	26	11	3	-
2018.01	도봉구	창5동	9,871	2,459	2,187	2,324	2,219	537	91	38	11	5	-
2018.01	도봉구	도봉1동	10,300	3,868	2,672	1,873	1,366	393	88	19	13	3	5
2018.01	도봉구	도봉2동	12,071	3,816	2,978	2,515	2,114	483	131	26	6	1	1
2018.01	노원구	소계	217,375	64,820	46,696	45,422	47,414	10,339	2,053	428	133	42	28
2018.01	노원구	월계1동	10,304	4,092	2,100	1,790	1,750	455	93	21	2	1	-
2018.01	노원구	월계2동	11,291	3,619	2,879	2,233	1,957	464	109	23	5	1	1
2018.01	노원구	월계3동	13,074	3,473	3,365	3,020	2,508	526	133	34	12	2	1
2018.01	노원구	공릉2동	16,020	4,968	2,945	3,271	3,804	798	183	30	10	10	1
2018.01	노원구	하계1동	11,812	4,037	2,292	2,179	2,619	548	99	16	16	2	4
2018.01	노원구	하계2동	8,370	1,508	1,704	2,047	2,462	541	94	11	2	1	-
2018.01	노원구	중계본동	9,285	2,108	1,368	1,934	2,971	724	136	32	9	2	1
2018.01	노원구	중계1동	9,137	1,387	1,266	2,210	3,488	646	115	14	10	1	-
2018.01	노원구	중계4동	8,409	2,261	1,923	1,729	1,948	445	76	17	4	4	2
2018.01	노원구	상계1동	15,698	4,259	3,450	3,384	3,467	877	204	38	8	4	7
2018.01	노원구	상계2동	8,755	2,975	1,652	1,694	1,909	409	84	20	6	4	2
2018.01	노원구	상계5동	11,209	3,827	2,564	2,213	2,010	469	88	26	9	-	3
2018.01	노원구	상계8동	9,318	2,049	2,144	2,407	2,206	451	49	9	2	1	-
2018.01	노원구	상계9동	8,571	1,988	2,038	2,044	2,048	363	67	21	2	-	-
2018.01	노원구	상계10동	6,695	1,669	1,631	1,613	1,474	231	56	13	4	2	2
2018.01	노원구	상계3.4동	12,013	4,585	2,776	2,134	1,858	500	121	27	9	3	-
2018.01	노원구	상계6.7동	14,082	4,009	3,096	3,153	3,106	586	95	26	9	-	2
2018.01	노원구	중계2.3동	15,549	4,563	3,819	3,315	3,040	672	113	18	6	1	2
2018.01	노원구	공릉1동	17,783	7,443	3,684	3,052	2,789	634	138	32	8	3	-
2018.01	은평구	소계	203,009	70,917	45,312	39,664	35,187	9,067	2,124	543	131	35	29
2018.01	은평구	녹번동	14,620	5,832	3,291	2,660	2,149	530	115	33	8	1	1
2018.01	은평구	불광1동	17,648	6,007	4,055	3,704	2,978	699	146	49	8	1	1
2018.01	은평구	갈현1동	11,084	4,203	2,561	2,084	1,675	432	100	23	4	2	-
2018.01	은평구	갈현2동	12,400	3,860	2,896	2,651	2,260	572	113	35	9	2	2
2018.01	은평구	구산동	12,579	3,534	2,882	2,721	2,553	669	157	38	15	3	7
2018.01	은평구	대조동	15,759	7,217	3,423	2,503	1,971	479	130	32	2	2	-
2018.01	은평구	응암1동	11,232	4,448	2,407	1,989	1,791	454	102	23	10	3	5
2018.01	은평구	응암2동	8,517	2,547	1,856	1,908	1,664	400	108	22	5	5	2
2018.01	은평구	신사1동	11,201	3,391	2,587	2,478	2,077	501	121	31	10	3	2
2018.01	은평구	신사2동	8,983	2,878	2,074	1,816	1,664	414	109	21	5	1	1
2018.01	은평구	증산동	6,967	2,361	1,620	1,315	1,245	330	66	25	5	-	-
2018.01	은평구	수색동	5,796	2,098	1,367	1,099	935	218	63	13	1	2	-
2018.01	은평구	진관동	19,622	4,830	3,613	3,965	5,131	1,596	377	80	23	3	4
2018.01	은평구	불광2동	13,577	5,446	3,215	2,449	1,863	465	100	28	8	2	1
2018.01	은평구	응암3동	12,393	5,455	2,771	2,035	1,600	405	93	26	4	3	1
2018.01	은평구	역촌동	20,631	6,810	4,694	4,287	3,631	903	224	64	14	2	2
2018.01	서대문구	소계	137,416	55,296	28,524	24,318	22,011	5,474	1,315	343	88	26	21
2018.01	서대문구	천연동	8,305	3,269	1,683	1,543	1,410	313	65	17	2	1	2
2018.01	서대문구	홍제1동	9,808	3,246	2,273	1,928	1,766	430	116	30	11	4	4
2018.01	서대문구	홍제3동	7,203	2,614	1,635	1,376	1,161	305	81	20	9	1	1
2018.01	서대문구	홍제2동	5,852	1,629	1,418	1,281	1,180	265	55	16	4	2	2
2018.01	서대문구	홍은1동	9,562	3,219	2,072	1,885	1,770	467	112	24	9	-	4
2018.01	서대문구	홍은2동	12,550	4,591	2,809	2,329	2,105	516	145	38	12	4	1
2018.01	서대문구	남가좌1동	6,036	1,426	1,136	1,469	1,488	386	101	24	2	2	2
2018.01	서대문구	남가좌2동	10,130	4,145	2,187	1,726	1,558	405	83	16	6	2	2
2018.01	서대문구	북가좌1동	7,038	1,490	1,591	1,668	1,727	426	98	32	4	2	-
2018.01	서대문구	북가좌2동	14,701	5,211	3,416	2,877	2,455	573	127	38	4	-	-
2018.01	서대문구	충현동	8,813	4,286	1,660	1,289	1,178	304	71	21	3	1	-
2018.01	서대문구	북아현동	7,501	2,757	1,697	1,445	1,266	261	60	12	-	3	-
2018.01	서대문구	신촌동	11,410	8,170	1,439	857	693	171	56	16	6	-	2
2018.01	서대문구	연희동	18,507	9,243	3,508	2,645	2,254	652	145	39	16	4	1
2018.01	마포구	소계	169,586	72,149	34,736	28,779	25,961	6,124	1,343	341	89	37	27
2018.01	마포구	용강동	9,063	3,073	1,901	1,881	1,729	371	80	21	4	2	1
2018.01	마포구	대흥동	7,143	4,599	1,194	665	520	124	28	9	1	-	3
2018.01	마포구	염리동	5,049	2,417	1,012	756	628	182	37	7	8	-	2
2018.01	마포구	신수동	9,184	3,473	1,867	1,784	1,605	350	74	26	5	-	-
2018.01	마포구	서교동	13,935	8,322	2,429	1,543	1,232	304	71	19	10	5	-
2018.01	마포구	합정동	9,586	4,782	2,113	1,303	1,051	236	72	14	4	3	8
2018.01	마포구	망원1동	10,229	4,690	2,244	1,540	1,295	363	67	21	6	2	1
2018.01	마포구	망원2동	8,188	2,747	1,887	1,566	1,536	347	80	17	4	4	-
2018.01	마포구	연남동	8,736	4,613	1,846	1,110	875	209	61	14	4	1	3
2018.01	마포구	성산1동	9,264	4,026	1,924	1,582	1,277	340	78	27	6	3	1
2018.01	마포구	성산2동	17,248	6,380	3,611	3,246	3,104	730	135	31	7	3	1
2018.01	마포구	상암동	12,302	3,548	2,362	2,464	2,849	856	162	47	9	4	1
2018.01	마포구	도화동	9,616	3,526	2,026	1,832	1,707	392	100	21	5	5	2
2018.01	마포구	서강동	11,585	5,093	2,187	1,978	1,843	380	82	14	6	1	1
2018.01	마포구	공덕동	18,258	7,679	3,894	3,205	2,742	562	140	30	5	1	-
2018.01	마포구	아현동	10,200	3,181	2,239	2,324	1,968	378	76	23	5	3	3
2018.01	양천구	소계	176,650	47,454	35,648	38,598	42,483	9,735	2,037	469	151	44	31
2018.01	양천구	목1동	10,538	1,591	1,642	2,793	3,589	717	149	42	10	1	4
2018.01	양천구	목2동	12,797	4,129	2,736	2,638	2,534	611	110	28	6	3	2
2018.01	양천구	목3동	9,251	3,187	2,061	1,911	1,620	351	80	28	9	3	1
2018.01	양천구	목4동	10,028	2,670	1,834	2,064	2,669	627	122	29	10	2	1
2018.01	양천구	신월1동	10,184	4,138	2,282	1,819	1,468	366	84	23	3	1	-
2018.01	양천구	신월2동	8,746	2,327	1,970	1,993	1,754	510	142	36	6	4	4
2018.01	양천구	신월3동	8,243	3,763	1,783	1,315	994	298	70	12	5	1	2
2018.01	양천구	신월4동	6,892	1,385	1,512	1,686	1,689	463	121	25	9	2	-
2018.01	양천구	신월5동	6,397	2,006	1,426	1,362	1,196	306	78	20	1	2	-
2018.01	양천구	신월6동	2,672	753	556	568	591	156	32	13	2	1	-
2018.01	양천구	신월7동	9,392	2,778	2,416	2,050	1,688	341	93	16	8	1	1
2018.01	양천구	신정1동	7,257	1,400	1,164	1,667	2,366	538	90	20	9	1	2
2018.01	양천구	신정2동	7,244	1,555	1,236	1,512	2,289	541	84	13	8	4	2
2018.01	양천구	신정3동	18,181	4,253	3,857	4,055	4,474	1,229	247	41	18	4	3
2018.01	양천구	신정6동	8,166	991	1,336	2,183	2,973	542	109	18	11	2	1
2018.01	양천구	신정7동	11,273	2,711	2,400	2,548	2,896	571	100	31	12	3	1
2018.01	양천구	목5동	13,604	1,629	1,958	3,481	5,331	957	183	41	15	7	2
2018.01	양천구	신정4동	15,785	6,188	3,479	2,953	2,362	611	143	33	9	2	5
2018.01	강서구	소계	254,783	92,089	55,144	49,034	44,668	10,848	2,212	560	147	50	31
2018.01	강서구	염창동	14,113	2,757	2,601	3,546	4,156	860	142	40	6	4	1
2018.01	강서구	등촌1동	11,512	5,760	2,119	1,705	1,548	301	55	17	3	4	-
2018.01	강서구	등촌2동	8,445	2,252	1,897	1,874	1,854	421	96	36	10	2	3
2018.01	강서구	등촌3동	14,704	5,027	3,851	2,874	2,339	485	101	18	4	4	1
2018.01	강서구	화곡본동	15,858	6,093	3,553	3,025	2,407	594	128	43	11	3	1
2018.01	강서구	화곡2동	8,236	2,657	1,940	1,712	1,413	425	58	24	5	-	2
2018.01	강서구	화곡3동	9,095	2,861	2,000	1,953	1,667	466	116	22	6	2	2
2018.01	강서구	화곡4동	9,855	3,539	2,333	1,982	1,523	364	83	25	5	1	-
2018.01	강서구	화곡6동	10,840	4,236	2,268	2,012	1,778	427	79	24	8	3	5
2018.01	강서구	화곡8동	11,476	4,015	2,850	2,246	1,799	417	116	28	4	1	-
2018.01	강서구	가양1동	17,284	10,157	2,420	2,082	2,024	478	98	16	6	1	2
2018.01	강서구	가양2동	8,075	3,625	2,161	1,272	766	188	47	8	5	1	2
2018.01	강서구	가양3동	7,713	2,797	2,311	1,516	845	198	36	7	3	-	-
2018.01	강서구	발산1동	13,459	2,506	2,754	3,136	3,828	993	191	40	5	5	1
2018.01	강서구	공항동	12,433	5,151	2,584	2,193	1,899	497	85	21	2	1	-
2018.01	강서구	방화1동	17,250	4,579	3,539	3,709	4,007	1,119	225	54	13	4	1
2018.01	강서구	방화2동	11,441	5,113	2,481	1,829	1,463	411	104	28	5	1	6
2018.01	강서구	방화3동	11,248	4,285	2,735	2,102	1,599	414	86	15	10	2	-
2018.01	강서구	화곡1동	25,282	11,003	5,678	4,454	3,101	799	178	46	15	6	2
2018.01	강서구	우장산동	16,464	3,676	3,069	3,812	4,652	991	188	48	21	5	2
2018.01	구로구	소계	171,468	60,785	37,116	32,934	30,630	7,637	1,779	410	125	33	19
2018.01	구로구	신도림동	13,262	2,688	2,760	3,295	3,507	775	174	48	10	4	1
2018.01	구로구	구로1동	7,845	1,653	1,687	1,868	2,114	423	71	20	9	-	-
2018.01	구로구	구로3동	13,652	7,811	2,160	1,767	1,436	363	79	21	13	1	1
2018.01	구로구	구로4동	10,821	4,843	2,548	1,766	1,282	289	69	15	7	2	-
2018.01	구로구	구로5동	14,255	6,400	2,793	2,390	2,027	454	132	42	14	2	1
2018.01	구로구	고척1동	9,512	2,759	2,052	2,005	2,098	450	116	23	6	3	-
2018.01	구로구	고척2동	11,707	3,582	2,554	2,443	2,378	578	142	23	5	1	1
2018.01	구로구	개봉2동	12,812	3,175	3,096	2,953	2,673	683	176	39	12	3	2
2018.01	구로구	개봉3동	8,649	2,404	2,105	1,962	1,663	409	87	16	2	1	-
2018.01	구로구	오류1동	9,597	4,188	2,004	1,615	1,311	366	87	15	5	2	4
2018.01	구로구	오류2동	16,658	4,320	3,816	3,395	3,683	1,117	244	54	20	4	5
2018.01	구로구	수궁동	9,787	2,586	2,344	2,182	1,963	548	133	24	3	4	-
2018.01	구로구	가리봉동	5,965	3,795	1,058	565	403	115	21	4	2	-	2
2018.01	구로구	구로2동	12,996	6,020	2,881	2,007	1,546	402	95	31	10	3	1
2018.01	구로구	개봉1동	13,950	4,561	3,258	2,721	2,546	665	153	35	7	3	1
2018.01	금천구	소계	106,262	44,730	22,336	18,196	15,830	3,912	946	215	54	26	17
2018.01	금천구	가산동	12,323	8,399	1,683	1,141	829	203	56	7	2	3	-
2018.01	금천구	독산1동	17,293	8,007	3,247	2,690	2,529	614	157	30	10	4	5
2018.01	금천구	독산2동	9,469	3,886	2,121	1,709	1,347	314	71	17	1	2	1
2018.01	금천구	독산3동	12,142	5,320	2,678	2,024	1,607	391	97	15	7	3	-
2018.01	금천구	독산4동	7,678	3,130	1,710	1,376	1,088	274	76	17	4	1	2
2018.01	금천구	시흥1동	15,406	5,955	3,394	2,814	2,456	612	120	44	4	4	3
2018.01	금천구	시흥2동	8,541	1,919	1,984	1,888	2,039	513	143	39	9	4	3
2018.01	금천구	시흥3동	4,774	1,409	1,171	1,021	878	234	44	13	2	1	1
2018.01	금천구	시흥4동	9,219	3,028	2,143	1,847	1,664	409	95	16	12	4	1
2018.01	금천구	시흥5동	9,417	3,677	2,205	1,686	1,393	348	87	17	3	-	1
2018.01	영등포구	소계	167,854	72,821	33,220	28,390	25,563	6,019	1,341	353	81	34	32
2018.01	영등포구	여의동	12,604	3,240	2,781	2,938	2,809	616	156	42	11	5	6
2018.01	영등포구	당산1동	10,094	4,868	2,019	1,540	1,235	318	85	18	6	3	2
2018.01	영등포구	당산2동	16,577	7,958	2,752	2,619	2,537	538	128	33	10	1	1
2018.01	영등포구	양평1동	8,122	3,676	1,733	1,345	1,058	237	53	16	3	1	-
2018.01	영등포구	양평2동	9,654	3,711	1,875	1,784	1,788	382	84	20	6	2	2
2018.01	영등포구	신길1동	9,716	5,418	1,836	1,245	901	246	50	15	3	1	1
2018.01	영등포구	신길3동	7,033	2,728	1,410	1,304	1,224	294	48	18	3	3	1
2018.01	영등포구	신길4동	4,376	1,805	982	762	624	165	27	9	2	-	-
2018.01	영등포구	신길5동	4,883	2,043	1,058	849	690	189	41	10	1	-	2
2018.01	영등포구	신길6동	8,173	3,285	1,714	1,452	1,285	341	69	17	4	2	4
2018.01	영등포구	신길7동	6,572	1,928	1,286	1,356	1,560	344	73	19	5	-	1
2018.01	영등포구	대림1동	6,321	2,782	1,385	1,029	839	215	49	16	2	3	1
2018.01	영등포구	대림2동	6,506	3,105	1,499	951	700	188	40	17	3	3	-
2018.01	영등포구	대림3동	10,661	3,852	2,383	1,996	1,846	438	109	30	2	2	3
2018.01	영등포구	영등포본동	10,195	4,286	2,015	1,788	1,607	397	78	15	4	2	3
2018.01	영등포구	영등포동	14,866	10,400	1,887	1,227	1,040	235	56	12	5	1	3
2018.01	영등포구	도림동	9,317	4,287	2,035	1,499	1,117	295	64	16	3	1	-
2018.01	영등포구	문래동	12,184	3,449	2,570	2,706	2,703	581	131	30	8	4	2
2018.01	동작구	소계	173,019	68,870	35,620	30,913	28,486	6,995	1,571	418	98	28	20
2018.01	동작구	노량진2동	7,127	3,812	1,421	978	691	174	39	6	5	1	-
2018.01	동작구	상도1동	20,860	9,007	3,794	3,695	3,348	789	170	47	7	1	2
2018.01	동작구	상도2동	11,785	4,618	2,423	2,095	2,041	472	111	15	8	1	1
2018.01	동작구	상도3동	11,369	4,462	2,488	2,127	1,669	464	107	39	6	5	2
2018.01	동작구	상도4동	12,772	4,533	2,970	2,493	2,129	520	92	26	5	1	3
2018.01	동작구	사당1동	12,154	6,421	2,494	1,652	1,227	266	70	13	5	4	2
2018.01	동작구	사당3동	9,975	3,235	2,227	1,983	1,899	459	123	38	8	2	1
2018.01	동작구	사당4동	6,612	2,657	1,472	1,168	1,007	253	35	14	6	-	-
2018.01	동작구	사당5동	5,654	2,130	1,193	1,100	951	218	43	14	3	-	2
2018.01	동작구	대방동	16,585	6,122	3,105	2,879	3,418	802	182	57	14	3	3
2018.01	동작구	신대방1동	9,895	3,388	1,925	1,852	2,084	494	117	29	5	-	1
2018.01	동작구	신대방2동	8,794	3,525	1,638	1,511	1,583	405	98	30	4	-	-
2018.01	동작구	흑석동	13,282	5,184	2,705	2,430	2,244	570	111	27	7	4	-
2018.01	동작구	노량진1동	14,402	5,917	2,986	2,521	2,187	615	132	31	7	5	1
2018.01	동작구	사당2동	11,753	3,859	2,779	2,429	2,008	494	141	32	8	1	2
2018.01	관악구	소계	256,311	134,876	47,604	34,801	29,426	7,262	1,692	463	127	32	28
2018.01	관악구	보라매동	11,667	5,017	2,547	1,967	1,632	380	94	22	2	3	3
2018.01	관악구	청림동	6,612	1,941	1,527	1,489	1,284	276	67	19	5	1	3
2018.01	관악구	행운동	16,446	9,689	2,802	1,926	1,527	384	88	22	6	1	1
2018.01	관악구	낙성대동	10,347	6,953	1,460	933	729	197	49	17	6	1	2
2018.01	관악구	중앙동	8,622	5,286	1,471	897	726	196	33	8	2	2	1
2018.01	관악구	인헌동	13,744	7,046	2,630	1,929	1,621	398	87	25	8	-	-
2018.01	관악구	남현동	8,973	4,244	1,783	1,401	1,155	295	56	25	10	1	3
2018.01	관악구	서원동	12,816	7,546	2,394	1,476	1,034	273	66	19	6	1	1
2018.01	관악구	신원동	9,958	5,287	2,155	1,286	957	196	54	17	3	2	1
2018.01	관악구	서림동	14,116	8,883	2,186	1,479	1,145	319	77	22	3	-	2
2018.01	관악구	신사동	12,530	7,104	2,301	1,559	1,184	294	64	21	3	-	-
2018.01	관악구	신림동	15,234	11,992	1,928	744	424	106	33	5	1	1	-
2018.01	관악구	난향동	6,424	1,766	1,452	1,379	1,388	328	80	25	3	1	2
2018.01	관악구	조원동	9,920	5,854	1,774	1,104	916	196	52	16	5	2	1
2018.01	관악구	대학동	15,151	10,922	1,742	1,217	942	244	68	13	2	1	-
2018.01	관악구	은천동	15,229	5,766	3,345	2,749	2,559	599	157	35	14	3	2
2018.01	관악구	성현동	12,944	3,664	2,975	2,687	2,761	665	143	36	10	2	1
2018.01	관악구	청룡동	17,171	11,612	2,438	1,454	1,228	329	81	21	5	2	1
2018.01	관악구	난곡동	12,875	4,816	3,001	2,410	2,012	472	116	34	10	2	2
2018.01	관악구	삼성동	11,571	4,389	2,651	2,080	1,790	499	117	29	13	3	-
2018.01	관악구	미성동	13,961	5,099	3,042	2,635	2,412	616	110	32	10	3	2
2018.01	서초구	소계	173,802	56,133	33,954	34,452	37,177	9,083	2,111	608	177	62	45
2018.01	서초구	서초1동	9,031	3,602	1,698	1,580	1,562	417	117	37	13	5	-
2018.01	서초구	서초2동	7,255	3,078	1,265	1,276	1,266	271	76	13	5	4	1
2018.01	서초구	서초3동	12,538	4,736	2,433	2,262	2,239	606	181	50	17	7	7
2018.01	서초구	서초4동	10,627	2,079	1,850	2,512	3,337	648	131	56	9	3	2
2018.01	서초구	잠원동	13,876	4,531	2,626	2,900	3,069	589	117	27	9	6	2
2018.01	서초구	반포본동	4,231	704	779	980	1,398	289	63	12	4	1	1
2018.01	서초구	반포1동	12,926	6,120	1,983	1,951	2,152	551	116	38	10	4	1
2018.01	서초구	반포2동	7,888	1,178	1,417	1,905	2,571	643	133	28	9	2	2
2018.01	서초구	반포3동	6,468	1,267	1,196	1,608	1,928	380	64	17	5	1	2
2018.01	서초구	반포4동	7,337	1,849	1,485	1,696	1,744	417	93	33	13	4	3
2018.01	서초구	방배본동	7,831	2,048	1,458	1,653	2,007	488	122	35	13	2	5
2018.01	서초구	방배1동	7,376	2,749	1,619	1,391	1,223	286	82	17	5	1	3
2018.01	서초구	방배2동	11,091	3,749	2,500	2,172	2,038	486	90	41	4	6	5
2018.01	서초구	방배3동	8,522	2,354	1,827	1,827	1,914	458	95	31	11	3	2
2018.01	서초구	방배4동	10,403	3,442	2,074	2,028	2,143	534	135	30	11	4	2
2018.01	서초구	양재1동	18,255	5,705	3,846	3,484	3,622	1,195	306	76	14	6	1
2018.01	서초구	양재2동	10,949	4,965	2,236	1,643	1,519	448	82	36	15	2	3
2018.01	서초구	내곡동	7,198	1,977	1,662	1,584	1,445	377	108	31	10	1	3
2018.01	강남구	소계	231,521	87,855	42,141	41,969	45,741	10,486	2,375	644	182	84	44
2018.01	강남구	신사동	7,642	2,974	1,536	1,368	1,327	319	71	21	14	10	2
2018.01	강남구	논현1동	14,112	9,093	2,396	1,323	924	262	79	21	8	3	3
2018.01	강남구	논현2동	11,171	5,718	2,115	1,626	1,279	318	82	24	7	2	-
2018.01	강남구	삼성1동	5,831	1,858	1,157	1,153	1,235	304	92	20	6	5	1
2018.01	강남구	삼성2동	12,803	5,477	2,074	2,233	2,338	502	123	41	10	3	2
2018.01	강남구	대치1동	7,395	596	888	1,878	3,163	691	125	35	13	5	1
2018.01	강남구	대치4동	10,066	5,105	1,624	1,408	1,489	334	85	16	4	1	-
2018.01	강남구	역삼1동	22,675	15,742	3,351	1,840	1,256	336	98	30	18	4	-
2018.01	강남구	역삼2동	14,920	5,773	2,200	2,795	3,284	662	134	42	14	6	10
2018.01	강남구	도곡1동	8,488	2,436	1,482	1,810	2,147	468	98	30	10	5	2
2018.01	강남구	도곡2동	11,940	2,238	2,259	2,938	3,592	719	152	32	5	2	3
2018.01	강남구	개포1동	7,889	2,362	1,775	1,599	1,695	366	62	23	4	3	-
2018.01	강남구	개포4동	7,737	2,957	1,437	1,436	1,451	368	60	18	5	1	4
2018.01	강남구	일원본동	8,294	1,504	1,416	1,992	2,715	531	105	23	4	3	1
2018.01	강남구	일원1동	7,508	2,945	1,693	1,356	1,120	311	61	16	3	2	1
2018.01	강남구	일원2동	6,581	1,987	1,496	1,396	1,371	261	57	10	2	-	1
2018.01	강남구	수서동	7,866	3,073	2,272	1,408	836	203	54	12	5	2	1
2018.01	강남구	세곡동	16,920	5,031	3,450	3,204	3,590	1,211	322	86	17	5	4
2018.01	강남구	압구정동	10,696	2,941	2,295	2,408	2,338	531	127	39	7	6	4
2018.01	강남구	청담동	12,168	4,274	2,314	2,402	2,370	582	154	44	16	9	3
2018.01	강남구	대치2동	13,641	2,459	2,026	3,272	4,717	925	180	48	7	6	1
2018.01	강남구	개포2동	5,178	1,312	885	1,124	1,504	282	54	13	3	1	-
2018.01	송파구	소계	265,311	85,660	53,347	54,126	55,781	12,687	2,777	660	187	52	34
2018.01	송파구	풍납1동	6,985	2,601	1,613	1,309	1,132	248	60	11	8	3	-
2018.01	송파구	풍납2동	10,306	3,554	1,991	2,116	2,077	433	104	25	3	3	-
2018.01	송파구	거여1동	5,290	1,661	1,118	1,084	1,054	282	72	15	3	-	1
2018.01	송파구	거여2동	7,323	2,414	1,715	1,468	1,324	298	82	13	5	1	3
2018.01	송파구	마천1동	9,340	3,542	2,024	1,652	1,526	473	90	28	3	2	-
2018.01	송파구	마천2동	8,533	2,884	2,006	1,625	1,487	381	109	28	8	2	3
2018.01	송파구	방이1동	6,184	1,686	1,185	1,297	1,544	356	87	22	4	1	2
2018.01	송파구	방이2동	12,469	6,153	2,446	1,957	1,459	348	88	15	2	-	1
2018.01	송파구	오륜동	6,041	646	989	1,568	2,216	495	88	28	6	3	2
2018.01	송파구	오금동	14,404	3,817	3,069	3,254	3,309	743	153	50	8	-	1
2018.01	송파구	송파1동	12,038	5,298	2,497	2,026	1,665	418	96	23	9	4	2
2018.01	송파구	송파2동	7,305	1,428	1,420	1,743	2,053	503	118	26	10	3	1
2018.01	송파구	석촌동	16,249	7,554	3,307	2,656	2,080	476	130	28	14	3	1
2018.01	송파구	삼전동	16,049	7,658	3,122	2,566	2,107	469	88	31	4	2	2
2018.01	송파구	가락본동	11,457	4,013	2,232	2,291	2,260	533	90	28	6	1	3
2018.01	송파구	가락1동	361	141	53	65	77	22	2	1	-	-	-
2018.01	송파구	가락2동	12,188	2,677	2,309	2,883	3,363	740	164	39	9	2	2
2018.01	송파구	문정1동	8,381	2,551	1,742	1,747	1,783	424	107	15	7	5	-
2018.01	송파구	문정2동	13,284	6,381	2,591	1,859	1,878	425	101	25	17	6	1
2018.01	송파구	장지동	13,326	3,502	2,997	3,031	2,861	739	156	32	7	1	-
2018.01	송파구	위례동	9,022	1,123	1,689	2,251	2,909	842	167	28	9	3	1
2018.01	송파구	잠실본동	14,394	7,106	2,822	2,097	1,818	410	104	29	7	-	1
2018.01	송파구	잠실4동	10,431	1,765	2,105	2,850	2,933	614	135	18	7	3	1
2018.01	송파구	잠실6동	5,903	966	1,252	1,539	1,649	383	74	29	8	1	2
2018.01	송파구	잠실7동	3,504	502	772	896	1,049	223	42	16	3	1	-
2018.01	송파구	잠실2동	12,079	1,934	1,801	3,065	4,398	705	138	26	10	1	1
2018.01	송파구	잠실3동	12,465	2,103	2,480	3,231	3,770	704	132	31	10	1	3
2018.01	강동구	소계	177,338	59,763	37,101	35,037	34,571	8,455	1,815	427	105	37	27
2018.01	강동구	강일동	11,314	2,205	2,396	2,225	3,042	1,178	214	47	4	2	1
2018.01	강동구	상일동	3,936	1,098	815	849	909	195	51	11	6	-	2
2018.01	강동구	명일1동	8,196	2,010	1,578	1,899	2,094	470	111	24	7	2	1
2018.01	강동구	명일2동	5,907	951	1,007	1,326	2,059	451	81	24	5	3	-
2018.01	강동구	고덕1동	9,118	1,521	1,628	2,263	2,901	650	120	23	5	1	6
2018.01	강동구	고덕2동	3,628	1,509	804	634	511	132	26	7	2	1	2
2018.01	강동구	암사2동	5,909	1,791	1,269	1,267	1,262	244	58	11	1	4	2
2018.01	강동구	암사3동	6,294	1,004	1,188	1,613	1,914	432	97	25	15	3	3
2018.01	강동구	천호1동	12,899	4,923	2,905	2,468	1,976	482	108	24	7	3	3
2018.01	강동구	천호3동	13,145	5,950	2,794	2,161	1,686	411	110	24	6	2	1
2018.01	강동구	성내1동	8,141	2,255	1,810	1,783	1,769	414	81	24	3	2	-
2018.01	강동구	성내2동	12,222	5,614	2,684	2,012	1,460	349	78	18	6	1	-
2018.01	강동구	성내3동	10,238	3,663	2,148	2,039	1,851	441	71	17	4	3	1
2018.01	강동구	둔촌1동	470	283	81	55	42	7	1	1	-	-	-
2018.01	강동구	둔촌2동	11,157	3,268	2,278	2,388	2,506	563	120	26	5	2	1
2018.01	강동구	암사1동	16,343	6,042	3,591	3,137	2,751	626	149	33	11	1	2
2018.01	강동구	천호2동	17,357	8,008	3,731	2,802	2,179	469	133	25	7	3	-
2018.01	강동구	길동	21,064	7,668	4,394	4,116	3,659	941	206	63	11	4	2
2018.02	합계	합계	4,231,130	1,623,409	873,005	775,461	730,292	175,192	39,548	9,977	2,746	873	627
2018.02	종로구	소계	73,570	35,507	13,703	10,922	9,800	2,679	658	208	59	21	13
2018.02	종로구	사직동	4,439	2,082	857	675	601	155	35	22	8	-	4
2018.02	종로구	삼청동	1,410	725	247	201	159	54	16	7	1	-	-
2018.02	종로구	부암동	4,339	1,633	907	752	749	207	56	26	4	3	2
2018.02	종로구	평창동	7,467	2,358	1,606	1,465	1,460	426	108	25	10	7	2
2018.02	종로구	무악동	3,016	715	643	676	750	185	31	10	3	2	1
2018.02	종로구	교남동	4,480	1,601	1,068	821	782	160	30	13	5	-	-
2018.02	종로구	가회동	2,091	931	443	320	279	85	22	8	2	1	-
2018.02	종로구	종로1.2.3.4가동	5,342	4,183	543	303	236	50	17	7	3	-	-
2018.02	종로구	종로5·6가동	3,133	2,024	468	319	237	67	13	2	2	1	-
2018.02	종로구	이화동	4,522	2,636	773	542	419	114	26	10	-	2	-
2018.02	종로구	창신1동	3,042	1,775	550	366	251	79	17	4	-	-	-
2018.02	종로구	창신2동	4,285	1,984	845	666	560	175	43	9	2	1	-
2018.02	종로구	창신3동	2,869	820	665	647	512	177	36	8	4	-	-
2018.02	종로구	숭인1동	2,991	1,298	644	492	394	120	33	8	2	-	-
2018.02	종로구	숭인2동	5,617	3,557	905	570	445	102	27	6	3	2	-
2018.02	종로구	청운효자동	5,437	1,945	1,114	1,021	996	254	78	22	5	2	-
2018.02	종로구	혜화동	9,090	5,240	1,425	1,086	970	269	70	21	5	-	4
2018.02	중구	소계	60,689	28,998	12,376	9,256	7,484	1,889	504	119	33	12	18
2018.02	중구	소공동	1,058	586	194	152	98	18	7	1	-	-	2
2018.02	중구	회현동	3,274	2,243	442	284	228	54	15	5	2	-	1
2018.02	중구	명동	1,437	945	218	137	94	29	7	2	2	-	3
2018.02	중구	필동	2,251	1,361	378	247	188	56	12	6	2	-	1
2018.02	중구	장충동	2,620	1,570	447	273	223	80	20	3	1	-	3
2018.02	중구	광희동	2,910	1,830	491	284	226	52	22	4	1	-	-
2018.02	중구	을지로동	1,166	913	126	74	35	14	2	2	-	-	-
2018.02	중구	신당5동	4,440	2,027	909	704	602	149	35	9	3	2	-
2018.02	중구	황학동	6,253	3,221	1,273	883	657	162	48	6	2	1	-
2018.02	중구	중림동	5,501	2,402	1,145	957	771	158	52	11	4	1	-
2018.02	중구	신당동	4,412	2,603	793	523	359	96	30	7	-	1	-
2018.02	중구	다산동	6,874	2,941	1,607	1,106	915	227	56	14	3	2	3
2018.02	중구	약수동	7,826	2,737	1,985	1,555	1,161	290	76	14	4	1	3
2018.02	중구	청구동	6,451	2,434	1,498	1,193	984	264	57	12	5	2	2
2018.02	중구	동화동	4,216	1,185	870	884	943	240	65	23	4	2	-
2018.02	용산구	소계	108,280	49,991	21,870	17,003	14,428	3,705	915	233	78	30	27
2018.02	용산구	후암동	8,514	3,915	1,665	1,371	1,163	299	74	14	7	2	4
2018.02	용산구	용산2가동	5,560	2,774	1,202	802	583	156	32	10	1	-	-
2018.02	용산구	남영동	5,476	4,172	616	344	242	74	18	6	-	2	2
2018.02	용산구	원효로2동	6,031	1,953	1,297	1,204	1,156	307	73	21	13	4	3
2018.02	용산구	효창동	3,881	1,372	854	700	674	207	51	17	3	2	1
2018.02	용산구	용문동	5,272	1,801	1,210	1,035	921	226	58	13	5	1	2
2018.02	용산구	이촌1동	10,061	2,196	2,146	2,537	2,447	542	138	34	14	4	3
2018.02	용산구	이촌2동	3,852	1,253	1,010	791	585	155	42	10	5	-	1
2018.02	용산구	이태원1동	3,903	2,258	703	473	320	113	29	6	1	-	-
2018.02	용산구	이태원2동	4,941	2,609	991	676	494	122	39	6	2	1	1
2018.02	용산구	서빙고동	5,311	1,683	1,085	960	1,170	321	67	20	4	-	1
2018.02	용산구	보광동	7,843	3,975	1,690	1,095	813	207	47	13	3	-	-
2018.02	용산구	청파동	10,585	5,898	1,942	1,276	1,076	283	81	17	8	1	3
2018.02	용산구	원효로1동	6,984	3,107	1,505	1,165	922	219	45	11	5	5	-
2018.02	용산구	한강로동	9,148	5,121	1,688	1,191	867	210	51	14	2	2	2
2018.02	용산구	한남동	10,918	5,904	2,266	1,383	995	264	70	21	5	6	4
2018.02	성동구	소계	133,644	52,429	28,234	24,648	21,701	4,951	1,214	328	94	27	18
2018.02	성동구	왕십리2동	7,660	2,908	1,599	1,467	1,276	287	96	17	4	3	3
2018.02	성동구	마장동	10,312	4,175	2,135	1,789	1,647	416	108	24	10	6	2
2018.02	성동구	사근동	6,699	4,467	893	606	545	138	32	13	3	2	-
2018.02	성동구	행당1동	6,273	2,648	1,266	1,103	948	225	58	17	6	1	1
2018.02	성동구	행당2동	9,453	2,246	2,189	2,253	2,164	443	103	40	10	2	3
2018.02	성동구	응봉동	6,236	1,635	1,357	1,396	1,406	339	71	20	10	1	1
2018.02	성동구	금호1가동	5,396	1,708	1,256	1,108	1,019	225	61	15	3	1	-
2018.02	성동구	금호4가동	6,099	2,049	1,414	1,359	978	233	51	11	3	1	-
2018.02	성동구	성수1가1동	7,598	2,983	1,593	1,325	1,335	283	61	13	3	1	1
2018.02	성동구	성수1가2동	7,375	3,227	1,540	1,243	1,058	239	53	8	5	-	2
2018.02	성동구	성수2가1동	8,656	4,056	1,733	1,365	1,164	254	64	18	2	-	-
2018.02	성동구	성수2가3동	5,619	2,745	1,075	800	737	184	60	13	4	1	-
2018.02	성동구	송정동	5,480	2,600	1,100	820	721	182	40	13	1	3	-
2018.02	성동구	용답동	8,143	4,415	1,486	1,066	904	203	56	11	1	-	1
2018.02	성동구	왕십리도선동	11,424	4,030	2,426	2,285	2,086	462	100	29	5	-	1
2018.02	성동구	금호2.3가동	10,279	3,442	2,418	2,139	1,733	411	89	31	13	2	1
2018.02	성동구	옥수동	10,942	3,095	2,754	2,524	1,980	427	111	35	11	3	2
2018.02	광진구	소계	161,397	68,808	32,038	27,422	25,607	5,698	1,348	338	95	25	18
2018.02	광진구	화양동	15,141	11,527	1,894	865	673	131	39	10	2	-	-
2018.02	광진구	군자동	10,315	5,403	1,994	1,415	1,156	256	64	16	6	4	1
2018.02	광진구	중곡1동	7,687	3,480	1,762	1,261	923	202	37	16	5	1	-
2018.02	광진구	중곡2동	10,214	4,180	2,248	1,826	1,539	315	82	17	3	2	2
2018.02	광진구	중곡3동	8,357	3,652	1,873	1,403	1,091	271	55	9	2	1	-
2018.02	광진구	중곡4동	13,179	4,589	2,966	2,621	2,273	547	140	33	6	1	3
2018.02	광진구	능동	6,089	3,279	1,253	776	551	147	69	12	2	-	-
2018.02	광진구	구의1동	11,443	5,795	2,293	1,672	1,271	305	81	21	3	2	-
2018.02	광진구	구의2동	10,636	3,701	2,318	2,111	1,894	460	100	34	12	3	3
2018.02	광진구	구의3동	12,091	3,874	2,428	2,538	2,548	553	108	27	10	4	1
2018.02	광진구	광장동	11,954	2,078	1,754	2,945	4,190	765	169	33	17	2	1
2018.02	광진구	자양1동	11,336	5,334	2,351	1,701	1,496	346	82	19	3	1	3
2018.02	광진구	자양2동	11,198	3,746	2,432	2,282	2,076	487	130	31	9	2	3
2018.02	광진구	자양3동	11,057	2,695	2,276	2,513	2,768	617	131	42	12	2	1
2018.02	광진구	자양4동	10,700	5,475	2,196	1,493	1,158	296	61	18	3	-	-
2018.02	동대문구	소계	160,296	70,632	31,845	26,477	23,295	6,044	1,498	350	107	32	16
2018.02	동대문구	회기동	5,821	3,600	874	617	553	137	33	2	5	-	-
2018.02	동대문구	휘경1동	6,823	3,781	1,196	861	726	187	53	14	3	2	-
2018.02	동대문구	휘경2동	11,070	4,820	1,995	1,864	1,785	466	103	23	9	3	2
2018.02	동대문구	청량리동	10,525	4,759	2,287	1,659	1,311	388	93	19	6	2	1
2018.02	동대문구	용신동	16,476	9,128	3,051	2,044	1,650	455	104	37	4	2	1
2018.02	동대문구	제기동	12,681	6,478	2,486	1,742	1,430	404	110	20	8	2	1
2018.02	동대문구	전농1동	14,007	6,599	2,691	2,238	1,866	463	110	28	7	4	1
2018.02	동대문구	전농2동	7,605	1,986	1,730	1,737	1,573	424	115	32	4	2	2
2018.02	동대문구	답십리1동	10,601	4,109	2,122	1,978	1,761	478	109	32	10	2	-
2018.02	동대문구	답십리2동	11,995	3,848	2,802	2,395	2,227	537	140	34	8	3	1
2018.02	동대문구	장안1동	17,012	6,702	3,554	3,148	2,670	703	171	45	14	4	1
2018.02	동대문구	장안2동	12,530	4,097	2,576	2,628	2,463	577	148	28	8	2	3
2018.02	동대문구	이문1동	14,437	7,956	2,595	1,835	1,522	387	112	14	11	3	2
2018.02	동대문구	이문2동	8,713	2,769	1,886	1,731	1,758	438	97	22	10	1	1
2018.02	중랑구	소계	179,365	69,920	39,595	32,919	28,273	6,758	1,419	354	95	19	13
2018.02	중랑구	면목2동	12,229	5,179	2,688	2,079	1,743	424	91	14	11	-	-
2018.02	중랑구	면목4동	9,482	3,923	2,100	1,686	1,379	301	69	19	4	1	-
2018.02	중랑구	면목5동	4,711	1,902	1,091	844	673	157	31	11	2	-	-
2018.02	중랑구	면목7동	10,098	4,096	2,269	1,811	1,476	358	65	20	2	1	-
2018.02	중랑구	상봉1동	10,078	2,922	2,188	2,185	2,199	462	88	24	8	2	-
2018.02	중랑구	상봉2동	9,726	5,225	1,922	1,363	954	197	48	11	4	2	-
2018.02	중랑구	중화1동	8,800	2,981	2,044	1,784	1,526	370	65	22	5	2	1
2018.02	중랑구	중화2동	14,165	6,991	3,056	2,156	1,494	367	76	18	4	2	1
2018.02	중랑구	묵1동	14,311	4,357	3,089	3,063	2,896	696	158	35	13	1	3
2018.02	중랑구	묵2동	9,138	3,659	2,097	1,652	1,315	323	70	16	2	2	2
2018.02	중랑구	망우3동	8,496	3,495	1,984	1,541	1,147	242	64	19	2	2	-
2018.02	중랑구	신내1동	14,467	3,118	3,107	3,122	3,711	1,126	216	48	17	1	1
2018.02	중랑구	신내2동	9,005	2,526	2,145	2,035	1,810	372	81	23	10	1	2
2018.02	중랑구	면목본동	17,401	7,937	3,851	2,840	2,167	477	97	26	4	-	2
2018.02	중랑구	면목3.8동	12,562	5,318	2,793	2,221	1,725	379	99	23	4	-	-
2018.02	중랑구	망우본동	14,696	6,291	3,171	2,537	2,058	507	101	25	3	2	1
2018.02	성북구	소계	187,221	69,855	38,361	35,210	32,951	8,155	1,932	557	126	31	43
2018.02	성북구	돈암1동	6,403	1,761	1,491	1,393	1,326	331	78	19	2	-	2
2018.02	성북구	돈암2동	8,488	1,467	1,729	2,125	2,356	585	152	52	16	3	3
2018.02	성북구	안암동	8,661	5,361	1,358	911	778	202	36	9	3	2	1
2018.02	성북구	보문동	8,002	3,649	1,592	1,325	1,132	239	50	10	2	-	3
2018.02	성북구	정릉1동	7,018	1,995	1,468	1,587	1,477	363	92	28	4	1	3
2018.02	성북구	정릉2동	9,638	2,897	2,208	2,091	1,835	455	108	34	6	2	2
2018.02	성북구	정릉3동	7,550	3,635	1,477	1,159	943	259	53	15	4	2	3
2018.02	성북구	정릉4동	11,014	3,515	2,495	2,334	2,038	475	118	32	7	-	-
2018.02	성북구	길음1동	12,979	2,580	2,390	3,180	3,798	768	194	52	9	2	6
2018.02	성북구	길음2동	5,101	1,967	979	909	922	244	57	18	4	1	-
2018.02	성북구	월곡1동	10,773	3,106	2,291	2,301	2,318	576	130	39	8	3	1
2018.02	성북구	월곡2동	8,768	3,539	1,754	1,562	1,394	373	109	24	9	1	3
2018.02	성북구	장위1동	8,900	3,134	2,036	1,721	1,494	390	84	31	6	2	2
2018.02	성북구	장위2동	7,819	2,968	1,801	1,464	1,152	322	79	25	6	2	-
2018.02	성북구	장위3동	4,991	1,765	1,042	968	912	232	52	17	3	-	-
2018.02	성북구	성북동	7,997	3,596	1,681	1,210	1,061	321	81	32	8	1	6
2018.02	성북구	삼선동	12,542	5,850	2,423	1,919	1,782	436	103	20	6	2	1
2018.02	성북구	동선동	8,840	5,350	1,467	964	766	208	57	17	9	-	2
2018.02	성북구	종암동	16,984	6,028	3,419	3,295	3,200	797	176	54	7	5	3
2018.02	성북구	석관동	14,753	5,692	3,260	2,792	2,267	579	123	29	7	2	2
2018.02	강북구	소계	142,900	55,313	32,618	26,335	21,508	5,462	1,250	274	87	28	25
2018.02	강북구	번1동	9,958	5,000	2,101	1,450	1,084	243	65	10	5	-	-
2018.02	강북구	번2동	7,541	2,466	2,035	1,548	1,104	286	82	11	6	1	2
2018.02	강북구	번3동	7,613	2,039	2,086	1,677	1,311	376	96	22	4	1	1
2018.02	강북구	수유1동	10,263	4,454	2,196	1,792	1,343	368	82	18	6	1	3
2018.02	강북구	수유2동	9,421	3,107	2,351	1,916	1,536	385	95	21	7	1	2
2018.02	강북구	수유3동	12,084	6,016	2,533	1,884	1,257	310	64	12	1	4	3
2018.02	강북구	삼양동	12,563	4,776	2,869	2,359	1,922	508	89	22	11	5	2
2018.02	강북구	미아동	11,102	5,159	2,428	1,753	1,319	347	70	14	9	2	1
2018.02	강북구	송중동	13,136	5,351	2,844	2,292	1,964	519	126	30	5	2	3
2018.02	강북구	송천동	13,814	6,039	3,066	2,297	1,837	446	101	18	7	1	2
2018.02	강북구	삼각산동	11,883	2,529	2,376	2,740	3,319	729	136	43	7	3	1
2018.02	강북구	우이동	9,324	3,269	2,279	1,862	1,402	383	94	21	6	5	3
2018.02	강북구	인수동	14,198	5,108	3,454	2,765	2,110	562	150	32	13	2	2
2018.02	도봉구	소계	137,542	41,589	31,980	29,164	26,442	6,423	1,426	364	106	32	16
2018.02	도봉구	쌍문1동	9,026	2,869	2,169	1,846	1,578	426	103	28	5	-	2
2018.02	도봉구	쌍문2동	8,578	2,830	2,106	1,808	1,391	317	98	20	4	1	3
2018.02	도봉구	쌍문3동	7,606	2,872	1,798	1,434	1,145	275	65	15	1	-	1
2018.02	도봉구	쌍문4동	7,189	1,474	1,446	1,708	2,009	454	72	18	7	1	-
2018.02	도봉구	방학1동	12,596	4,276	2,853	2,485	2,199	613	115	42	8	4	1
2018.02	도봉구	방학2동	9,622	3,531	2,308	1,881	1,430	360	87	22	3	-	-
2018.02	도봉구	방학3동	10,166	1,707	2,243	2,578	2,759	688	136	33	18	3	1
2018.02	도봉구	창1동	10,898	3,322	2,486	2,344	2,164	453	97	24	6	2	-
2018.02	도봉구	창2동	12,352	3,451	2,939	2,766	2,388	586	159	43	13	6	1
2018.02	도봉구	창3동	6,655	2,429	1,623	1,256	1,021	253	58	12	-	2	1
2018.02	도봉구	창4동	10,554	2,613	2,162	2,347	2,682	587	121	26	13	3	-
2018.02	도봉구	창5동	9,891	2,483	2,184	2,331	2,214	535	92	36	11	5	-
2018.02	도봉구	도봉1동	10,305	3,877	2,685	1,854	1,365	396	90	18	11	4	5
2018.02	도봉구	도봉2동	12,104	3,855	2,978	2,526	2,097	480	133	27	6	1	1
2018.02	노원구	소계	217,244	65,006	46,789	45,310	47,142	10,327	2,048	424	135	37	26
2018.02	노원구	월계1동	10,332	4,120	2,101	1,782	1,752	460	94	21	2	-	-
2018.02	노원구	월계2동	11,256	3,594	2,864	2,244	1,952	463	109	23	6	-	1
2018.02	노원구	월계3동	13,054	3,474	3,392	2,986	2,500	528	125	34	12	2	1
2018.02	노원구	공릉2동	16,046	5,033	2,947	3,268	3,768	797	183	28	12	10	-
2018.02	노원구	하계1동	11,792	4,015	2,303	2,197	2,590	550	98	17	16	3	3
2018.02	노원구	하계2동	8,358	1,509	1,712	2,050	2,442	535	96	11	2	1	-
2018.02	노원구	중계본동	9,254	2,089	1,375	1,941	2,950	721	135	32	9	1	1
2018.02	노원구	중계1동	9,155	1,395	1,267	2,223	3,488	644	111	16	10	1	-
2018.02	노원구	중계4동	8,415	2,273	1,928	1,715	1,949	444	79	17	5	3	2
2018.02	노원구	상계1동	15,680	4,258	3,472	3,372	3,441	884	198	37	7	4	7
2018.02	노원구	상계2동	8,733	2,970	1,655	1,675	1,912	403	87	19	6	4	2
2018.02	노원구	상계5동	11,206	3,822	2,580	2,202	2,004	474	87	24	10	-	3
2018.02	노원구	상계8동	9,287	2,070	2,142	2,386	2,190	438	51	9	1	-	-
2018.02	노원구	상계9동	8,555	1,980	2,036	2,051	2,036	364	68	18	2	-	-
2018.02	노원구	상계10동	6,688	1,673	1,636	1,611	1,458	230	57	15	4	2	2
2018.02	노원구	상계3.4동	11,972	4,548	2,782	2,132	1,843	504	126	26	9	2	-
2018.02	노원구	상계6.7동	14,075	4,043	3,096	3,136	3,084	584	94	28	8	-	2
2018.02	노원구	중계2.3동	15,521	4,585	3,823	3,291	3,017	664	113	19	6	1	2
2018.02	노원구	공릉1동	17,865	7,555	3,678	3,048	2,766	640	137	30	8	3	-
2018.02	은평구	소계	203,293	71,252	45,512	39,656	34,977	9,031	2,132	535	133	37	28
2018.02	은평구	녹번동	14,672	5,900	3,301	2,641	2,139	527	121	34	7	1	1
2018.02	은평구	불광1동	17,697	6,064	4,088	3,687	2,956	696	147	48	9	1	1
2018.02	은평구	갈현1동	11,112	4,223	2,581	2,084	1,660	437	100	21	4	2	-
2018.02	은평구	갈현2동	12,395	3,863	2,892	2,649	2,266	561	118	32	9	3	2
2018.02	은평구	구산동	12,603	3,561	2,903	2,718	2,535	658	165	37	16	3	7
2018.02	은평구	대조동	15,778	7,249	3,426	2,503	1,961	472	129	32	4	2	-
2018.02	은평구	응암1동	11,256	4,477	2,410	2,001	1,768	456	102	24	10	3	5
2018.02	은평구	응암2동	8,525	2,552	1,861	1,906	1,662	403	107	22	6	4	2
2018.02	은평구	신사1동	11,234	3,402	2,621	2,474	2,072	503	118	31	8	3	2
2018.02	은평구	신사2동	8,998	2,882	2,079	1,832	1,657	412	107	21	6	1	1
2018.02	은평구	증산동	6,967	2,370	1,621	1,332	1,221	327	67	24	5	-	-
2018.02	은평구	수색동	5,722	2,082	1,365	1,079	900	218	62	13	1	2	-
2018.02	은평구	진관동	19,689	4,878	3,651	3,985	5,092	1,602	374	78	22	3	4
2018.02	은평구	불광2동	13,577	5,447	3,218	2,430	1,877	467	99	26	8	4	1
2018.02	은평구	응암3동	12,417	5,469	2,792	2,044	1,586	398	94	26	4	3	1
2018.02	은평구	역촌동	20,651	6,833	4,703	4,291	3,625	894	222	66	14	2	1
2018.02	서대문구	소계	137,701	55,599	28,635	24,262	22,009	5,402	1,315	345	90	25	19
2018.02	서대문구	천연동	8,308	3,282	1,686	1,551	1,390	312	64	18	2	1	2
2018.02	서대문구	홍제1동	9,707	3,226	2,259	1,905	1,733	416	121	29	10	4	4
2018.02	서대문구	홍제3동	7,174	2,607	1,636	1,375	1,151	294	80	19	11	-	1
2018.02	서대문구	홍제2동	5,838	1,619	1,430	1,275	1,165	266	59	16	4	1	3
2018.02	서대문구	홍은1동	9,729	3,258	2,121	1,924	1,805	472	111	25	9	-	4
2018.02	서대문구	홍은2동	12,565	4,635	2,811	2,305	2,102	516	141	38	12	5	-
2018.02	서대문구	남가좌1동	6,067	1,436	1,142	1,475	1,502	383	101	23	2	3	-
2018.02	서대문구	남가좌2동	10,115	4,148	2,189	1,720	1,554	397	82	15	6	2	2
2018.02	서대문구	북가좌1동	7,057	1,492	1,598	1,681	1,740	410	97	32	5	2	-
2018.02	서대문구	북가좌2동	14,720	5,230	3,443	2,849	2,464	565	128	37	4	-	-
2018.02	서대문구	충현동	8,818	4,293	1,672	1,280	1,178	297	73	23	1	1	-
2018.02	서대문구	북아현동	7,534	2,773	1,717	1,425	1,284	261	59	12	-	3	-
2018.02	서대문구	신촌동	11,528	8,299	1,435	852	691	171	53	19	6	-	2
2018.02	서대문구	연희동	18,541	9,301	3,496	2,645	2,250	642	146	39	18	3	1
2018.02	마포구	소계	169,996	72,680	34,782	28,692	25,885	6,131	1,332	337	92	38	27
2018.02	마포구	용강동	9,071	3,087	1,906	1,867	1,735	369	81	19	3	3	1
2018.02	마포구	대흥동	7,166	4,625	1,190	660	527	124	27	8	2	-	3
2018.02	마포구	염리동	5,054	2,428	1,009	755	631	178	37	7	7	-	2
2018.02	마포구	신수동	9,183	3,488	1,849	1,782	1,599	357	75	26	7	-	-
2018.02	마포구	서교동	13,951	8,368	2,417	1,544	1,215	304	71	19	8	5	-
2018.02	마포구	합정동	9,624	4,838	2,113	1,301	1,040	234	71	13	4	2	8
2018.02	마포구	망원1동	10,233	4,709	2,242	1,533	1,292	362	65	22	5	2	1
2018.02	마포구	망원2동	8,193	2,744	1,892	1,560	1,545	347	81	16	4	4	-
2018.02	마포구	연남동	8,752	4,623	1,856	1,116	860	215	58	16	4	1	3
2018.02	마포구	성산1동	9,289	4,055	1,946	1,563	1,271	338	80	26	6	3	1
2018.02	마포구	성산2동	17,356	6,508	3,619	3,236	3,094	722	130	35	8	3	1
2018.02	마포구	상암동	12,359	3,615	2,375	2,467	2,825	852	160	49	10	5	1
2018.02	마포구	도화동	9,602	3,519	2,029	1,818	1,713	392	99	20	5	5	2
2018.02	마포구	서강동	11,593	5,122	2,189	1,974	1,824	384	80	12	6	1	1
2018.02	마포구	공덕동	18,312	7,741	3,923	3,172	2,734	569	138	27	7	1	-
2018.02	마포구	아현동	10,258	3,210	2,227	2,344	1,980	384	79	22	6	3	3
2018.02	양천구	소계	176,725	47,580	35,753	38,631	42,353	9,694	2,016	476	145	45	32
2018.02	양천구	목1동	10,555	1,579	1,653	2,808	3,586	724	147	42	10	2	4
2018.02	양천구	목2동	12,831	4,169	2,748	2,636	2,519	613	105	30	6	2	3
2018.02	양천구	목3동	9,283	3,209	2,077	1,926	1,601	344	85	31	6	3	1
2018.02	양천구	목4동	10,047	2,680	1,844	2,061	2,673	628	121	27	9	3	1
2018.02	양천구	신월1동	10,186	4,155	2,291	1,817	1,445	364	86	24	3	1	-
2018.02	양천구	신월2동	8,750	2,346	1,971	1,994	1,737	515	136	34	9	5	3
2018.02	양천구	신월3동	8,232	3,766	1,791	1,305	992	294	62	15	4	1	2
2018.02	양천구	신월4동	6,893	1,397	1,505	1,678	1,688	467	124	24	9	1	-
2018.02	양천구	신월5동	6,393	1,996	1,427	1,367	1,203	300	78	19	1	2	-
2018.02	양천구	신월6동	2,643	727	565	561	589	150	36	12	2	1	-
2018.02	양천구	신월7동	9,374	2,774	2,423	2,046	1,674	334	92	21	8	1	1
2018.02	양천구	신정1동	7,275	1,425	1,154	1,661	2,381	530	94	20	7	1	2
2018.02	양천구	신정2동	7,245	1,558	1,228	1,495	2,318	537	82	13	7	4	3
2018.02	양천구	신정3동	18,141	4,253	3,885	4,027	4,443	1,224	246	38	18	4	3
2018.02	양천구	신정6동	8,173	989	1,336	2,195	2,982	532	108	18	10	2	1
2018.02	양천구	신정7동	11,270	2,708	2,406	2,556	2,894	562	96	32	12	3	1
2018.02	양천구	목5동	13,623	1,640	1,963	3,511	5,304	965	173	43	15	7	2
2018.02	양천구	신정4동	15,811	6,209	3,486	2,987	2,324	611	145	33	9	2	5
2018.02	강서구	소계	255,379	92,734	55,341	48,950	44,547	10,806	2,217	557	144	51	32
2018.02	강서구	염창동	14,233	2,868	2,620	3,556	4,148	845	143	42	6	4	1
2018.02	강서구	등촌1동	11,556	5,830	2,102	1,699	1,543	305	54	16	3	4	-
2018.02	강서구	등촌2동	8,456	2,270	1,915	1,876	1,833	412	101	35	9	2	3
2018.02	강서구	등촌3동	14,717	5,060	3,836	2,881	2,334	483	99	16	3	4	1
2018.02	강서구	화곡본동	15,870	6,138	3,535	3,024	2,399	589	128	43	10	3	1
2018.02	강서구	화곡2동	8,232	2,646	1,948	1,712	1,415	416	61	25	7	-	2
2018.02	강서구	화곡3동	9,097	2,873	2,013	1,951	1,649	461	118	23	5	2	2
2018.02	강서구	화곡4동	9,838	3,529	2,331	1,985	1,512	366	84	25	4	1	1
2018.02	강서구	화곡6동	10,877	4,271	2,295	1,999	1,770	422	83	21	8	3	5
2018.02	강서구	화곡8동	11,494	4,045	2,846	2,239	1,796	420	113	30	4	1	-
2018.02	강서구	가양1동	17,481	10,331	2,442	2,078	2,024	482	99	17	5	1	2
2018.02	강서구	가양2동	8,096	3,663	2,159	1,264	763	184	48	7	5	1	2
2018.02	강서구	가양3동	7,718	2,795	2,331	1,515	835	196	36	7	3	-	-
2018.02	강서구	발산1동	13,454	2,491	2,783	3,128	3,815	995	191	40	6	4	1
2018.02	강서구	공항동	12,457	5,180	2,566	2,198	1,906	494	87	22	3	1	-
2018.02	강서구	방화1동	17,252	4,568	3,578	3,674	4,023	1,118	221	53	11	5	1
2018.02	강서구	방화2동	11,457	5,114	2,499	1,813	1,468	421	101	29	5	1	6
2018.02	강서구	방화3동	11,226	4,278	2,737	2,101	1,587	404	88	19	9	3	-
2018.02	강서구	화곡1동	25,375	11,066	5,737	4,444	3,086	801	173	46	14	6	2
2018.02	강서구	우장산동	16,493	3,718	3,068	3,813	4,641	992	189	41	24	5	2
2018.02	구로구	소계	171,426	61,079	37,207	32,800	30,424	7,579	1,745	413	125	34	20
2018.02	구로구	신도림동	13,263	2,710	2,774	3,276	3,507	762	174	46	9	4	1
2018.02	구로구	구로1동	7,812	1,653	1,681	1,869	2,090	419	72	19	9	-	-
2018.02	구로구	구로3동	13,641	7,828	2,173	1,736	1,432	362	74	22	11	2	1
2018.02	구로구	구로4동	10,776	4,826	2,555	1,748	1,265	288	67	16	9	2	-
2018.02	구로구	구로5동	14,244	6,423	2,801	2,357	2,016	452	136	43	13	2	1
2018.02	구로구	고척1동	9,497	2,775	2,056	2,011	2,062	451	112	21	6	3	-
2018.02	구로구	고척2동	11,680	3,581	2,543	2,430	2,378	574	142	24	6	1	1
2018.02	구로구	개봉2동	12,800	3,191	3,105	2,934	2,663	674	176	39	12	3	3
2018.02	구로구	개봉3동	8,649	2,410	2,116	1,971	1,639	410	84	16	2	1	-
2018.02	구로구	오류1동	9,743	4,303	2,036	1,631	1,293	370	82	17	5	2	4
2018.02	구로구	오류2동	16,648	4,357	3,816	3,395	3,656	1,096	243	55	20	6	4
2018.02	구로구	수궁동	9,794	2,603	2,356	2,179	1,944	554	125	26	4	3	-
2018.02	구로구	가리봉동	5,964	3,805	1,061	565	390	114	22	3	2	-	2
2018.02	구로구	구로2동	12,981	6,024	2,886	1,992	1,545	395	94	31	10	3	1
2018.02	구로구	개봉1동	13,934	4,590	3,248	2,706	2,544	658	142	35	7	2	2
2018.02	금천구	소계	106,305	44,887	22,391	18,167	15,707	3,903	943	209	56	24	18
2018.02	금천구	가산동	12,389	8,474	1,678	1,141	829	200	57	6	2	2	-
2018.02	금천구	독산1동	17,303	8,025	3,254	2,692	2,508	615	162	29	10	3	5
2018.02	금천구	독산2동	9,467	3,888	2,125	1,700	1,350	310	73	16	1	2	2
2018.02	금천구	독산3동	12,174	5,370	2,677	2,023	1,589	395	96	15	6	3	-
2018.02	금천구	독산4동	7,685	3,152	1,713	1,366	1,087	271	72	16	5	1	2
2018.02	금천구	시흥1동	15,408	5,971	3,394	2,827	2,431	615	114	44	6	3	3
2018.02	금천구	시흥2동	8,535	1,927	1,997	1,889	2,016	509	141	39	9	5	3
2018.02	금천구	시흥3동	4,765	1,410	1,173	1,029	859	232	45	13	2	1	1
2018.02	금천구	시흥4동	9,181	3,001	2,162	1,832	1,651	408	94	17	11	4	1
2018.02	금천구	시흥5동	9,398	3,669	2,218	1,668	1,387	348	89	14	4	-	1
2018.02	영등포구	소계	168,381	73,331	33,388	28,450	25,421	5,964	1,336	348	80	30	33
2018.02	영등포구	여의동	12,609	3,266	2,796	2,935	2,789	606	156	41	9	5	6
2018.02	영등포구	당산1동	10,166	4,934	2,028	1,562	1,212	316	83	19	7	3	2
2018.02	영등포구	당산2동	16,640	7,999	2,773	2,626	2,531	544	125	31	9	1	1
2018.02	영등포구	양평1동	8,229	3,747	1,756	1,357	1,063	234	52	16	3	1	-
2018.02	영등포구	양평2동	9,727	3,768	1,908	1,784	1,772	382	84	20	5	2	2
2018.02	영등포구	신길1동	9,632	5,402	1,813	1,235	869	245	48	13	5	1	1
2018.02	영등포구	신길3동	7,017	2,723	1,423	1,297	1,210	291	49	16	4	3	1
2018.02	영등포구	신길4동	4,382	1,820	970	763	623	168	26	10	2	-	-
2018.02	영등포구	신길5동	4,858	2,031	1,067	841	676	188	45	7	1	-	2
2018.02	영등포구	신길6동	8,200	3,312	1,727	1,455	1,271	343	65	17	4	2	4
2018.02	영등포구	신길7동	6,598	1,930	1,292	1,356	1,580	344	70	20	5	-	1
2018.02	영등포구	대림1동	6,344	2,816	1,385	1,027	837	208	49	16	1	3	2
2018.02	영등포구	대림2동	6,528	3,142	1,496	951	693	183	42	16	3	2	-
2018.02	영등포구	대림3동	10,653	3,857	2,390	2,004	1,831	426	108	30	2	2	3
2018.02	영등포구	영등포본동	10,179	4,288	2,024	1,779	1,596	390	76	16	5	2	3
2018.02	영등포구	영등포동	15,043	10,520	1,914	1,251	1,055	227	56	13	4	-	3
2018.02	영등포구	도림동	9,345	4,319	2,051	1,494	1,101	290	69	16	4	1	-
2018.02	영등포구	문래동	12,231	3,457	2,575	2,733	2,712	579	133	31	7	2	2
2018.02	동작구	소계	173,304	69,439	35,624	30,865	28,324	6,925	1,558	429	91	29	20
2018.02	동작구	노량진2동	7,133	3,829	1,423	969	690	171	40	6	4	1	-
2018.02	동작구	상도1동	20,992	9,160	3,789	3,675	3,366	773	173	47	6	-	3
2018.02	동작구	상도2동	11,790	4,646	2,410	2,105	2,028	469	107	16	7	1	1
2018.02	동작구	상도3동	11,410	4,523	2,494	2,111	1,659	462	105	44	5	5	2
2018.02	동작구	상도4동	12,782	4,563	2,977	2,470	2,120	525	90	28	5	1	3
2018.02	동작구	사당1동	12,214	6,489	2,513	1,657	1,207	257	66	14	5	4	2
2018.02	동작구	사당3동	9,947	3,209	2,214	2,001	1,900	455	123	35	7	2	1
2018.02	동작구	사당4동	6,642	2,700	1,470	1,176	992	248	37	13	6	-	-
2018.02	동작구	사당5동	5,646	2,120	1,192	1,098	960	214	42	15	3	1	1
2018.02	동작구	대방동	16,624	6,212	3,085	2,882	3,398	787	184	57	13	3	3
2018.02	동작구	신대방1동	9,905	3,406	1,928	1,840	2,088	489	119	28	6	-	1
2018.02	동작구	신대방2동	8,834	3,588	1,653	1,495	1,557	410	91	36	4	-	-
2018.02	동작구	흑석동	13,196	5,185	2,682	2,418	2,204	559	108	29	7	4	-
2018.02	동작구	노량진1동	14,417	5,924	2,998	2,546	2,167	611	132	27	6	5	1
2018.02	동작구	사당2동	11,772	3,885	2,796	2,422	1,988	495	141	34	7	2	2
2018.02	관악구	소계	257,333	136,135	47,646	34,757	29,271	7,192	1,694	455	124	31	28
2018.02	관악구	보라매동	11,709	5,061	2,551	1,979	1,616	376	96	22	2	3	3
2018.02	관악구	청림동	6,610	1,952	1,527	1,488	1,276	275	66	17	5	1	3
2018.02	관악구	행운동	16,488	9,728	2,823	1,907	1,535	378	88	21	6	1	1
2018.02	관악구	낙성대동	10,409	7,009	1,467	936	727	192	50	18	7	1	2
2018.02	관악구	중앙동	8,705	5,361	1,489	892	723	193	35	7	2	2	1
2018.02	관악구	인헌동	13,784	7,113	2,616	1,929	1,619	387	87	25	8	-	-
2018.02	관악구	남현동	8,997	4,275	1,779	1,413	1,144	293	56	23	11	-	3
2018.02	관악구	서원동	12,921	7,650	2,401	1,479	1,023	278	65	20	5	-	-
2018.02	관악구	신원동	9,969	5,326	2,152	1,267	952	196	53	16	3	2	2
2018.02	관악구	서림동	14,138	8,927	2,176	1,472	1,141	319	77	21	3	-	2
2018.02	관악구	신사동	12,600	7,205	2,289	1,551	1,174	290	67	20	4	-	-
2018.02	관악구	신림동	15,341	12,107	1,939	731	429	98	30	5	1	1	-
2018.02	관악구	난향동	6,433	1,766	1,468	1,387	1,371	331	80	24	3	1	2
2018.02	관악구	조원동	9,983	5,924	1,782	1,105	903	193	51	17	5	2	1
2018.02	관악구	대학동	15,240	11,027	1,741	1,203	943	245	65	13	2	1	-
2018.02	관악구	은천동	15,254	5,798	3,351	2,752	2,550	592	155	39	12	3	2
2018.02	관악구	성현동	12,956	3,687	2,985	2,679	2,747	666	141	37	10	3	1
2018.02	관악구	청룡동	17,361	11,830	2,419	1,448	1,232	323	81	21	4	2	1
2018.02	관악구	난곡동	12,869	4,818	3,000	2,422	2,000	466	119	31	9	2	2
2018.02	관악구	삼성동	11,570	4,416	2,657	2,069	1,767	499	117	29	13	3	-
2018.02	관악구	미성동	13,996	5,155	3,034	2,648	2,399	602	115	29	9	3	2
2018.02	서초구	소계	174,139	56,344	34,117	34,477	37,175	9,041	2,097	610	174	62	42
2018.02	서초구	서초1동	9,046	3,620	1,706	1,560	1,579	412	115	37	12	5	-
2018.02	서초구	서초2동	7,397	3,113	1,295	1,305	1,301	282	76	15	6	3	1
2018.02	서초구	서초3동	12,602	4,777	2,457	2,265	2,236	608	177	50	18	8	6
2018.02	서초구	서초4동	10,653	2,086	1,855	2,504	3,355	648	136	56	9	2	2
2018.02	서초구	잠원동	13,918	4,575	2,628	2,920	3,050	582	120	27	9	6	1
2018.02	서초구	반포본동	4,249	712	804	985	1,385	283	64	10	4	1	1
2018.02	서초구	반포1동	12,935	6,120	1,987	1,951	2,162	547	113	40	10	4	1
2018.02	서초구	반포2동	7,880	1,172	1,417	1,924	2,557	633	134	30	9	2	2
2018.02	서초구	반포3동	6,470	1,269	1,201	1,603	1,929	377	65	17	4	3	2
2018.02	서초구	반포4동	7,353	1,852	1,493	1,713	1,735	418	91	31	13	4	3
2018.02	서초구	방배본동	7,811	2,051	1,439	1,662	2,006	481	117	36	12	3	4
2018.02	서초구	방배1동	7,384	2,754	1,624	1,385	1,231	284	82	16	4	1	3
2018.02	서초구	방배2동	11,076	3,766	2,491	2,171	2,020	480	91	42	5	5	5
2018.02	서초구	방배3동	8,510	2,352	1,841	1,818	1,901	456	98	28	12	2	2
2018.02	서초구	방배4동	10,430	3,464	2,087	2,018	2,147	536	130	34	9	3	2
2018.02	서초구	양재1동	18,277	5,731	3,855	3,477	3,628	1,189	299	77	14	6	1
2018.02	서초구	양재2동	10,951	4,972	2,235	1,650	1,513	447	84	30	15	2	3
2018.02	서초구	내곡동	7,197	1,958	1,702	1,566	1,440	378	105	34	9	2	3
2018.02	강남구	소계	231,560	88,042	42,308	41,934	45,536	10,433	2,367	634	186	82	38
2018.02	강남구	신사동	7,636	2,972	1,538	1,357	1,332	316	73	22	15	9	2
2018.02	강남구	논현1동	14,130	9,109	2,410	1,317	917	258	82	22	9	4	2
2018.02	강남구	논현2동	11,147	5,722	2,126	1,611	1,257	318	83	19	9	2	-
2018.02	강남구	삼성1동	5,805	1,853	1,146	1,151	1,230	300	90	21	8	5	1
2018.02	강남구	삼성2동	12,825	5,504	2,069	2,231	2,343	502	120	42	9	3	2
2018.02	강남구	대치1동	7,425	584	902	1,897	3,177	686	126	35	13	4	1
2018.02	강남구	대치4동	10,085	5,147	1,623	1,409	1,470	333	82	18	2	1	-
2018.02	강남구	역삼1동	22,664	15,748	3,369	1,819	1,239	345	94	29	17	4	-
2018.02	강남구	역삼2동	14,929	5,762	2,226	2,808	3,273	657	133	42	14	5	9
2018.02	강남구	도곡1동	8,502	2,467	1,467	1,809	2,148	464	99	31	10	5	2
2018.02	강남구	도곡2동	11,973	2,258	2,246	2,977	3,584	718	150	29	6	3	2
2018.02	강남구	개포1동	7,759	2,343	1,753	1,556	1,658	358	65	19	4	3	-
2018.02	강남구	개포4동	7,778	2,985	1,458	1,430	1,446	377	58	14	5	1	4
2018.02	강남구	일원본동	8,308	1,512	1,427	1,995	2,710	538	96	21	5	3	1
2018.02	강남구	일원1동	7,529	2,967	1,709	1,348	1,111	310	64	15	3	2	-
2018.02	강남구	일원2동	6,575	1,981	1,522	1,398	1,344	262	53	13	1	-	1
2018.02	강남구	수서동	7,851	3,072	2,290	1,386	830	195	55	13	7	2	1
2018.02	강남구	세곡동	16,965	5,067	3,471	3,215	3,579	1,201	320	88	16	5	3
2018.02	강남구	압구정동	10,701	2,947	2,302	2,415	2,325	526	132	39	6	6	3
2018.02	강남구	청담동	12,208	4,321	2,319	2,400	2,375	573	155	38	15	9	3
2018.02	강남구	대치2동	13,633	2,438	2,042	3,303	4,679	923	182	51	9	5	1
2018.02	강남구	개포2동	5,132	1,283	893	1,102	1,509	273	55	13	3	1	-
2018.02	송파구	소계	265,977	86,268	53,639	54,081	55,663	12,623	2,775	658	185	55	30
2018.02	송파구	풍납1동	6,951	2,591	1,627	1,305	1,106	244	58	11	6	3	-
2018.02	송파구	풍납2동	10,345	3,613	1,995	2,113	2,062	429	103	25	3	2	-
2018.02	송파구	거여1동	5,294	1,670	1,136	1,066	1,050	285	70	13	3	-	1
2018.02	송파구	거여2동	7,309	2,432	1,706	1,457	1,315	298	78	14	5	1	3
2018.02	송파구	마천1동	9,344	3,551	2,039	1,647	1,514	468	91	30	2	2	-
2018.02	송파구	마천2동	8,526	2,884	2,020	1,617	1,478	380	107	28	8	1	3
2018.02	송파구	방이1동	6,195	1,693	1,188	1,300	1,539	357	90	21	4	1	2
2018.02	송파구	방이2동	12,493	6,194	2,452	1,950	1,447	345	86	16	2	-	1
2018.02	송파구	오륜동	6,027	644	1,000	1,559	2,208	490	90	25	6	3	2
2018.02	송파구	오금동	14,443	3,848	3,065	3,275	3,288	755	157	46	8	-	1
2018.02	송파구	송파1동	12,066	5,319	2,524	2,014	1,659	416	93	25	11	4	1
2018.02	송파구	송파2동	7,300	1,432	1,430	1,737	2,051	493	118	27	8	3	1
2018.02	송파구	석촌동	16,306	7,618	3,327	2,638	2,067	484	127	25	16	3	1
2018.02	송파구	삼전동	16,090	7,689	3,146	2,556	2,110	467	84	29	5	2	2
2018.02	송파구	가락본동	11,491	4,035	2,258	2,287	2,254	531	90	28	4	1	3
2018.02	송파구	가락1동	360	139	53	66	77	22	1	2	-	-	-
2018.02	송파구	가락2동	12,215	2,713	2,308	2,887	3,364	724	166	40	9	3	1
2018.02	송파구	문정1동	8,394	2,563	1,746	1,749	1,780	423	106	15	7	5	-
2018.02	송파구	문정2동	13,610	6,652	2,618	1,890	1,879	421	103	24	17	5	1
2018.02	송파구	장지동	13,342	3,510	3,022	3,012	2,862	746	152	29	8	1	-
2018.02	송파구	위례동	9,063	1,110	1,701	2,274	2,953	820	163	29	9	3	1
2018.02	송파구	잠실본동	14,412	7,121	2,834	2,105	1,801	408	106	29	7	-	1
2018.02	송파구	잠실4동	10,446	1,768	2,126	2,860	2,926	596	139	19	7	5	-
2018.02	송파구	잠실6동	5,905	959	1,260	1,540	1,650	379	76	30	8	2	1
2018.02	송파구	잠실7동	3,498	503	773	892	1,048	218	43	16	3	2	-
2018.02	송파구	잠실2동	12,093	1,925	1,808	3,062	4,404	716	138	27	10	2	1
2018.02	송파구	잠실3동	12,459	2,092	2,477	3,223	3,771	708	140	35	9	1	3
2018.02	강동구	소계	177,463	59,991	37,253	35,073	34,369	8,377	1,809	422	106	36	27
2018.02	강동구	강일동	11,293	2,200	2,413	2,243	3,004	1,171	211	44	5	1	1
2018.02	강동구	상일동	4,053	1,104	856	882	936	200	55	11	7	-	2
2018.02	강동구	명일1동	8,208	2,015	1,587	1,909	2,092	462	106	27	7	2	1
2018.02	강동구	명일2동	5,890	957	1,014	1,315	2,043	449	80	23	5	3	1
2018.02	강동구	고덕1동	9,100	1,515	1,617	2,269	2,892	645	126	22	6	2	6
2018.02	강동구	고덕2동	3,609	1,498	814	622	504	131	26	9	2	1	2
2018.02	강동구	암사2동	5,913	1,804	1,273	1,269	1,254	239	57	10	-	5	2
2018.02	강동구	암사3동	6,291	1,000	1,204	1,629	1,888	422	99	28	15	3	3
2018.02	강동구	천호1동	12,939	4,982	2,909	2,458	1,964	487	102	26	6	3	2
2018.02	강동구	천호3동	13,219	5,999	2,781	2,196	1,688	408	114	24	7	1	1
2018.02	강동구	성내1동	8,145	2,282	1,801	1,781	1,763	411	78	24	3	2	-
2018.02	강동구	성내2동	12,291	5,674	2,705	1,999	1,470	339	79	18	6	1	-
2018.02	강동구	성내3동	10,238	3,667	2,166	2,024	1,849	433	74	18	4	2	1
2018.02	강동구	둔촌1동	265	183	33	22	20	5	1	1	-	-	-
2018.02	강동구	둔촌2동	11,173	3,279	2,308	2,393	2,494	556	111	25	4	2	1
2018.02	강동구	암사1동	16,334	6,059	3,594	3,133	2,741	615	146	32	11	1	2
2018.02	강동구	천호2동	17,433	8,047	3,767	2,829	2,157	468	130	24	8	3	-
2018.02	강동구	길동	21,069	7,726	4,411	4,100	3,610	936	214	56	10	4	2
2018.03	합계	합계	4,237,610	1,631,901	875,455	774,836	727,987	174,304	39,118	9,853	2,691	846	619
2018.03	종로구	소계	73,879	35,870	13,742	10,888	9,769	2,670	653	196	57	21	13
2018.03	종로구	사직동	4,459	2,107	852	680	597	153	36	22	8	1	3
2018.03	종로구	삼청동	1,401	723	244	201	154	56	16	6	1	-	-
2018.03	종로구	부암동	4,312	1,618	911	748	741	204	56	26	3	3	2
2018.03	종로구	평창동	7,590	2,488	1,619	1,457	1,452	431	103	23	8	7	2
2018.03	종로구	무악동	3,019	711	654	668	759	181	30	10	3	2	1
2018.03	종로구	교남동	4,519	1,620	1,067	835	789	159	33	12	4	-	-
2018.03	종로구	가회동	2,077	927	433	329	272	83	22	7	3	-	1
2018.03	종로구	종로1.2.3.4가동	5,375	4,216	543	302	234	54	17	6	3	-	-
2018.03	종로구	종로5·6가동	3,204	2,094	474	317	235	66	13	2	2	1	-
2018.03	종로구	이화동	4,503	2,627	777	537	411	115	24	10	-	2	-
2018.03	종로구	창신1동	3,043	1,782	541	371	249	80	16	4	-	-	-
2018.03	종로구	창신2동	4,270	1,970	853	658	560	173	43	9	2	2	-
2018.03	종로구	창신3동	2,879	838	669	633	513	176	39	8	3	-	-
2018.03	종로구	숭인1동	2,991	1,305	651	486	387	123	30	7	2	-	-
2018.03	종로구	숭인2동	5,640	3,585	906	571	441	99	29	5	3	1	-
2018.03	종로구	청운효자동	5,433	1,936	1,123	1,010	1,004	251	82	19	6	2	-
2018.03	종로구	혜화동	9,164	5,323	1,425	1,085	971	266	64	20	6	-	4
2018.03	중구	소계	60,903	29,156	12,451	9,294	7,477	1,845	498	116	37	10	19
2018.03	중구	소공동	1,059	590	193	150	98	18	7	1	-	-	2
2018.03	중구	회현동	3,276	2,246	436	288	229	54	15	5	2	-	1
2018.03	중구	명동	1,440	942	222	137	96	29	7	2	2	-	3
2018.03	중구	필동	2,249	1,368	373	246	187	54	12	6	2	-	1
2018.03	중구	장충동	2,644	1,598	447	277	217	77	21	3	1	-	3
2018.03	중구	광희동	2,919	1,828	501	293	217	52	23	4	1	-	-
2018.03	중구	을지로동	1,179	923	129	71	37	15	2	2	-	-	-
2018.03	중구	신당5동	4,440	2,022	918	704	602	144	36	9	3	2	-
2018.03	중구	황학동	6,319	3,288	1,280	882	658	156	46	6	2	1	-
2018.03	중구	중림동	5,591	2,408	1,182	974	797	161	53	9	5	1	1
2018.03	중구	신당동	4,421	2,618	796	525	352	92	30	7	-	1	-
2018.03	중구	다산동	6,871	2,939	1,607	1,111	921	217	54	14	4	1	3
2018.03	중구	약수동	7,816	2,749	1,980	1,557	1,152	285	71	14	5	-	3
2018.03	중구	청구동	6,457	2,434	1,511	1,205	976	255	55	11	6	2	2
2018.03	중구	동화동	4,222	1,203	876	874	938	236	66	23	4	2	-
2018.03	용산구	소계	108,497	50,144	21,957	17,037	14,393	3,696	915	228	74	28	25
2018.03	용산구	후암동	8,535	3,932	1,663	1,378	1,158	304	76	14	4	2	4
2018.03	용산구	용산2가동	5,562	2,786	1,196	798	584	152	34	11	1	-	-
2018.03	용산구	남영동	5,491	4,192	609	344	247	72	18	5	-	1	3
2018.03	용산구	원효로2동	6,031	1,972	1,287	1,203	1,151	305	74	19	13	4	3
2018.03	용산구	효창동	3,889	1,381	853	704	673	207	49	16	3	2	1
2018.03	용산구	용문동	5,288	1,826	1,205	1,027	928	224	60	12	4	1	1
2018.03	용산구	이촌1동	10,092	2,198	2,171	2,560	2,439	535	134	34	15	3	3
2018.03	용산구	이촌2동	3,855	1,249	1,014	791	590	155	43	8	4	1	-
2018.03	용산구	이태원1동	3,890	2,241	719	464	319	110	29	6	2	-	-
2018.03	용산구	이태원2동	4,927	2,599	993	677	485	125	38	7	2	-	1
2018.03	용산구	서빙고동	5,330	1,687	1,099	963	1,166	324	67	19	4	-	1
2018.03	용산구	보광동	7,832	3,966	1,692	1,095	813	205	45	14	2	-	-
2018.03	용산구	청파동	10,592	5,904	1,957	1,279	1,065	274	82	20	7	1	3
2018.03	용산구	원효로1동	7,038	3,136	1,513	1,177	924	219	49	9	5	6	-
2018.03	용산구	한강로동	9,227	5,172	1,711	1,189	876	214	47	14	2	1	1
2018.03	용산구	한남동	10,918	5,903	2,275	1,388	975	271	70	20	6	6	4
2018.03	성동구	소계	134,543	52,947	28,504	24,739	21,751	4,944	1,205	317	94	26	16
2018.03	성동구	왕십리2동	7,665	2,902	1,623	1,462	1,269	286	96	18	3	3	3
2018.03	성동구	마장동	10,400	4,255	2,136	1,804	1,643	414	106	25	10	6	1
2018.03	성동구	사근동	6,888	4,655	902	608	536	140	29	13	3	2	-
2018.03	성동구	행당1동	6,301	2,680	1,271	1,107	937	222	59	17	6	1	1
2018.03	성동구	행당2동	9,459	2,265	2,211	2,245	2,147	439	98	39	9	3	3
2018.03	성동구	응봉동	6,249	1,643	1,359	1,404	1,408	332	77	16	8	1	1
2018.03	성동구	금호1가동	5,829	1,823	1,365	1,215	1,094	244	67	17	3	1	-
2018.03	성동구	금호4가동	6,236	2,089	1,454	1,381	1,010	237	49	12	3	1	-
2018.03	성동구	성수1가1동	7,617	3,002	1,598	1,327	1,326	285	62	13	3	-	1
2018.03	성동구	성수1가2동	7,345	3,224	1,533	1,225	1,061	239	49	7	5	1	1
2018.03	성동구	성수2가1동	8,620	4,032	1,730	1,366	1,162	247	61	19	3	-	-
2018.03	성동구	성수2가3동	5,632	2,760	1,074	807	729	189	57	10	5	1	-
2018.03	성동구	송정동	5,482	2,605	1,099	825	719	181	37	13	1	2	-
2018.03	성동구	용답동	8,146	4,418	1,515	1,043	903	201	54	10	1	-	1
2018.03	성동구	왕십리도선동	11,442	4,045	2,436	2,272	2,098	457	100	27	6	-	1
2018.03	성동구	금호2.3가동	10,286	3,456	2,443	2,129	1,723	403	87	28	14	2	1
2018.03	성동구	옥수동	10,946	3,093	2,755	2,519	1,986	428	117	33	11	2	2
2018.03	광진구	소계	161,407	68,927	32,126	27,392	25,482	5,679	1,342	326	89	26	18
2018.03	광진구	화양동	15,201	11,576	1,919	855	673	127	39	10	2	-	-
2018.03	광진구	군자동	10,328	5,424	1,988	1,416	1,158	259	58	15	5	3	2
2018.03	광진구	중곡1동	7,694	3,485	1,763	1,259	914	210	41	16	5	1	-
2018.03	광진구	중곡2동	10,214	4,182	2,241	1,831	1,530	323	83	17	3	2	2
2018.03	광진구	중곡3동	8,385	3,691	1,885	1,386	1,094	264	54	8	2	1	-
2018.03	광진구	중곡4동	13,173	4,607	2,961	2,623	2,253	544	140	34	5	3	3
2018.03	광진구	능동	6,099	3,282	1,255	785	551	144	67	13	2	-	-
2018.03	광진구	구의1동	11,461	5,818	2,313	1,661	1,259	302	86	17	3	2	-
2018.03	광진구	구의2동	10,631	3,694	2,315	2,120	1,885	466	103	32	11	2	3
2018.03	광진구	구의3동	12,111	3,890	2,454	2,506	2,557	553	110	28	9	3	1
2018.03	광진구	광장동	11,946	2,080	1,768	2,965	4,159	752	167	34	18	2	1
2018.03	광진구	자양1동	11,357	5,340	2,373	1,705	1,484	347	83	18	3	2	2
2018.03	광진구	자양2동	11,200	3,756	2,431	2,289	2,075	481	124	32	7	3	2
2018.03	광진구	자양3동	11,061	2,708	2,282	2,526	2,749	610	133	38	11	2	2
2018.03	광진구	자양4동	10,546	5,394	2,178	1,465	1,141	297	54	14	3	-	-
2018.03	동대문구	소계	160,489	71,048	31,886	26,370	23,211	6,010	1,471	353	95	29	16
2018.03	동대문구	회기동	5,884	3,653	879	622	550	141	32	2	5	-	-
2018.03	동대문구	휘경1동	6,842	3,800	1,200	866	724	183	49	14	4	2	-
2018.03	동대문구	휘경2동	11,081	4,842	1,995	1,874	1,776	463	96	24	7	2	2
2018.03	동대문구	청량리동	10,529	4,784	2,286	1,652	1,301	388	92	18	5	2	1
2018.03	동대문구	용신동	16,436	9,161	3,036	2,019	1,629	443	106	36	4	1	1
2018.03	동대문구	제기동	12,687	6,488	2,501	1,730	1,426	400	110	21	8	2	1
2018.03	동대문구	전농1동	14,030	6,629	2,715	2,220	1,857	460	109	30	4	5	1
2018.03	동대문구	전농2동	7,628	2,004	1,754	1,731	1,570	414	115	34	3	1	2
2018.03	동대문구	답십리1동	10,617	4,140	2,108	1,970	1,764	482	110	32	9	1	1
2018.03	동대문구	답십리2동	12,007	3,891	2,796	2,390	2,213	534	137	34	8	3	1
2018.03	동대문구	장안1동	17,042	6,760	3,559	3,124	2,664	710	162	45	13	4	1
2018.03	동대문구	장안2동	12,545	4,115	2,584	2,620	2,473	571	146	23	8	3	2
2018.03	동대문구	이문1동	14,445	8,005	2,574	1,828	1,515	383	111	15	9	3	2
2018.03	동대문구	이문2동	8,716	2,776	1,899	1,724	1,749	438	96	25	8	-	1
2018.03	중랑구	소계	179,600	70,253	39,686	32,877	28,156	6,746	1,409	350	92	18	13
2018.03	중랑구	면목2동	12,223	5,196	2,683	2,076	1,732	421	90	15	10	-	-
2018.03	중랑구	면목4동	9,494	3,927	2,119	1,682	1,372	303	67	19	4	1	-
2018.03	중랑구	면목5동	4,698	1,907	1,093	832	670	153	32	10	1	-	-
2018.03	중랑구	면목7동	10,100	4,127	2,266	1,798	1,460	362	64	19	3	1	-
2018.03	중랑구	상봉1동	10,092	2,913	2,221	2,202	2,195	448	85	21	5	2	-
2018.03	중랑구	상봉2동	9,806	5,287	1,957	1,336	960	198	51	11	4	2	-
2018.03	중랑구	중화1동	8,789	2,986	2,040	1,779	1,514	373	69	20	6	1	1
2018.03	중랑구	중화2동	14,243	7,057	3,056	2,167	1,496	367	74	18	5	2	1
2018.03	중랑구	묵1동	14,344	4,388	3,107	3,048	2,897	695	155	36	14	1	3
2018.03	중랑구	묵2동	9,135	3,651	2,089	1,669	1,313	324	67	16	2	2	2
2018.03	중랑구	망우3동	8,467	3,501	1,970	1,524	1,144	243	64	18	1	2	-
2018.03	중랑구	신내1동	14,510	3,143	3,130	3,135	3,689	1,130	217	48	16	1	1
2018.03	중랑구	신내2동	8,996	2,521	2,158	2,030	1,799	369	84	23	9	1	2
2018.03	중랑구	면목본동	17,439	7,982	3,844	2,848	2,166	474	90	27	6	-	2
2018.03	중랑구	면목3.8동	12,563	5,356	2,784	2,209	1,703	383	101	24	3	-	-
2018.03	중랑구	망우본동	14,701	6,311	3,169	2,542	2,046	503	99	25	3	2	1
2018.03	성북구	소계	187,234	70,020	38,412	35,134	32,919	8,080	1,918	559	119	30	43
2018.03	성북구	돈암1동	6,413	1,767	1,507	1,386	1,324	326	81	18	2	-	2
2018.03	성북구	돈암2동	8,502	1,483	1,743	2,128	2,356	575	145	53	13	3	3
2018.03	성북구	안암동	8,728	5,415	1,368	913	783	198	37	8	3	2	1
2018.03	성북구	보문동	8,010	3,660	1,595	1,318	1,136	238	49	10	2	-	2
2018.03	성북구	정릉1동	7,024	2,005	1,475	1,580	1,476	360	92	28	4	1	3
2018.03	성북구	정릉2동	9,646	2,903	2,228	2,068	1,850	447	107	35	5	1	2
2018.03	성북구	정릉3동	7,565	3,664	1,474	1,144	952	255	51	16	4	2	3
2018.03	성북구	정릉4동	11,045	3,548	2,492	2,353	2,014	476	122	32	7	1	-
2018.03	성북구	길음1동	12,983	2,578	2,395	3,179	3,817	757	192	49	8	2	6
2018.03	성북구	길음2동	5,068	1,955	968	903	931	234	57	17	3	-	-
2018.03	성북구	월곡1동	10,766	3,099	2,294	2,283	2,335	573	133	37	9	2	1
2018.03	성북구	월곡2동	8,750	3,527	1,750	1,556	1,400	373	111	21	8	1	3
2018.03	성북구	장위1동	8,910	3,145	2,061	1,718	1,482	383	81	30	6	2	2
2018.03	성북구	장위2동	7,732	2,927	1,786	1,461	1,126	322	78	23	6	3	-
2018.03	성북구	장위3동	4,952	1,746	1,045	944	916	229	51	19	2	-	-
2018.03	성북구	성북동	8,020	3,614	1,685	1,212	1,057	319	83	34	9	1	6
2018.03	성북구	삼선동	12,556	5,871	2,415	1,931	1,771	439	98	22	5	3	1
2018.03	성북구	동선동	8,831	5,376	1,444	974	753	202	53	19	7	-	3
2018.03	성북구	종암동	16,991	6,037	3,422	3,292	3,195	799	172	58	8	5	3
2018.03	성북구	석관동	14,742	5,700	3,265	2,791	2,245	575	125	30	8	1	2
2018.03	강북구	소계	143,139	55,648	32,630	26,306	21,485	5,442	1,219	271	88	25	25
2018.03	강북구	번1동	10,023	5,062	2,101	1,457	1,081	244	65	8	5	-	-
2018.03	강북구	번2동	7,525	2,468	2,032	1,544	1,100	279	82	11	6	1	2
2018.03	강북구	번3동	7,624	2,056	2,090	1,674	1,311	368	96	22	5	1	1
2018.03	강북구	수유1동	10,263	4,452	2,220	1,788	1,333	363	81	15	7	1	3
2018.03	강북구	수유2동	9,475	3,161	2,357	1,906	1,541	386	92	22	7	1	2
2018.03	강북구	수유3동	12,161	6,106	2,539	1,870	1,258	308	61	12	1	3	3
2018.03	강북구	삼양동	12,535	4,780	2,846	2,365	1,909	511	87	20	11	4	2
2018.03	강북구	미아동	11,099	5,193	2,418	1,740	1,309	345	68	14	8	3	1
2018.03	강북구	송중동	13,105	5,325	2,845	2,292	1,959	518	123	34	4	2	3
2018.03	강북구	송천동	13,785	6,014	3,073	2,298	1,829	443	100	18	7	1	2
2018.03	강북구	삼각산동	11,912	2,536	2,384	2,736	3,336	735	133	42	7	2	1
2018.03	강북구	우이동	9,423	3,356	2,291	1,866	1,407	379	89	21	7	4	3
2018.03	강북구	인수동	14,209	5,139	3,434	2,770	2,112	563	142	32	13	2	2
2018.03	도봉구	소계	137,479	41,629	32,031	29,179	26,315	6,389	1,415	375	100	31	15
2018.03	도봉구	쌍문1동	9,069	2,895	2,177	1,865	1,573	418	106	27	5	1	2
2018.03	도봉구	쌍문2동	8,555	2,820	2,105	1,800	1,384	316	102	21	3	1	3
2018.03	도봉구	쌍문3동	7,600	2,852	1,803	1,430	1,151	284	62	16	1	-	1
2018.03	도봉구	쌍문4동	7,173	1,472	1,443	1,723	1,986	454	71	19	5	-	-
2018.03	도봉구	방학1동	12,625	4,326	2,853	2,492	2,179	602	116	44	7	5	1
2018.03	도봉구	방학2동	9,605	3,530	2,313	1,869	1,431	352	84	23	3	-	-
2018.03	도봉구	방학3동	10,131	1,696	2,237	2,578	2,745	681	137	34	20	2	1
2018.03	도봉구	창1동	10,896	3,321	2,500	2,338	2,166	447	93	25	5	1	-
2018.03	도봉구	창2동	12,348	3,456	2,949	2,764	2,379	587	152	42	12	6	1
2018.03	도봉구	창3동	6,662	2,447	1,608	1,260	1,022	251	57	13	1	2	1
2018.03	도봉구	창4동	10,532	2,607	2,160	2,351	2,662	590	119	27	13	3	-
2018.03	도봉구	창5동	9,898	2,480	2,192	2,339	2,214	526	98	34	11	4	-
2018.03	도봉구	도봉1동	10,312	3,900	2,676	1,853	1,358	401	86	19	10	5	4
2018.03	도봉구	도봉2동	12,073	3,827	3,015	2,517	2,065	480	132	31	4	1	1
2018.03	노원구	소계	217,999	66,035	46,793	45,251	47,014	10,268	2,016	426	129	42	25
2018.03	노원구	월계1동	10,383	4,174	2,112	1,781	1,743	463	89	19	2	-	-
2018.03	노원구	월계2동	11,270	3,609	2,859	2,258	1,939	466	110	22	6	-	1
2018.03	노원구	월계3동	13,033	3,474	3,396	2,979	2,493	519	129	29	11	2	1
2018.03	노원구	공릉2동	16,091	5,074	2,960	3,251	3,783	782	185	35	10	11	-
2018.03	노원구	하계1동	12,479	4,713	2,292	2,218	2,573	548	99	14	15	3	4
2018.03	노원구	하계2동	8,354	1,527	1,716	2,036	2,428	541	90	13	2	1	-
2018.03	노원구	중계본동	9,250	2,097	1,366	1,952	2,937	718	137	32	8	2	1
2018.03	노원구	중계1동	9,144	1,398	1,266	2,234	3,475	640	104	17	8	2	-
2018.03	노원구	중계4동	8,439	2,306	1,934	1,709	1,946	438	78	17	7	2	2
2018.03	노원구	상계1동	15,670	4,262	3,467	3,369	3,435	883	201	35	7	4	7
2018.03	노원구	상계2동	8,735	2,967	1,655	1,674	1,910	412	84	21	7	4	1
2018.03	노원구	상계5동	11,189	3,845	2,565	2,200	1,986	467	85	29	9	1	2
2018.03	노원구	상계8동	9,282	2,078	2,151	2,374	2,196	424	49	9	1	-	-
2018.03	노원구	상계9동	8,552	1,973	2,049	2,041	2,035	368	67	17	2	-	-
2018.03	노원구	상계10동	6,692	1,704	1,610	1,614	1,456	230	54	17	3	2	2
2018.03	노원구	상계3.4동	11,936	4,537	2,802	2,101	1,835	507	119	24	9	2	-
2018.03	노원구	상계6.7동	14,059	4,047	3,106	3,129	3,078	575	87	26	8	1	2
2018.03	노원구	중계2.3동	15,531	4,618	3,827	3,287	3,001	655	115	18	6	2	2
2018.03	노원구	공릉1동	17,910	7,632	3,660	3,044	2,765	632	134	32	8	3	-
2018.03	은평구	소계	203,431	71,395	45,656	39,648	34,928	8,969	2,110	533	130	34	28
2018.03	은평구	녹번동	14,732	5,951	3,299	2,640	2,155	522	123	35	5	1	1
2018.03	은평구	불광1동	17,707	6,057	4,107	3,702	2,942	692	145	50	10	1	1
2018.03	은평구	갈현1동	11,128	4,249	2,591	2,084	1,648	430	98	20	5	3	-
2018.03	은평구	갈현2동	12,439	3,900	2,903	2,646	2,265	561	120	31	10	1	2
2018.03	은평구	구산동	12,638	3,590	2,914	2,733	2,520	655	163	36	17	3	7
2018.03	은평구	대조동	15,766	7,244	3,414	2,519	1,954	472	122	35	4	2	-
2018.03	은평구	응암1동	11,240	4,465	2,417	1,995	1,777	449	98	22	9	3	5
2018.03	은평구	응암2동	8,488	2,518	1,855	1,898	1,681	396	106	23	5	4	2
2018.03	은평구	신사1동	11,250	3,413	2,635	2,470	2,069	506	112	33	7	3	2
2018.03	은평구	신사2동	9,026	2,903	2,078	1,846	1,657	408	105	21	6	1	1
2018.03	은평구	증산동	6,959	2,384	1,617	1,313	1,225	321	72	23	4	-	-
2018.03	은평구	수색동	5,591	2,033	1,332	1,054	885	214	58	12	2	1	-
2018.03	은평구	진관동	19,729	4,865	3,709	3,980	5,116	1,579	379	75	19	3	4
2018.03	은평구	불광2동	13,610	5,473	3,248	2,423	1,859	467	101	26	9	3	1
2018.03	은평구	응암3동	12,420	5,468	2,811	2,041	1,572	402	92	26	4	3	1
2018.03	은평구	역촌동	20,708	6,882	4,726	4,304	3,603	895	216	65	14	2	1
2018.03	서대문구	소계	137,758	55,746	28,646	24,268	21,944	5,378	1,299	345	90	23	19
2018.03	서대문구	천연동	8,328	3,302	1,692	1,536	1,398	315	63	17	2	1	2
2018.03	서대문구	홍제1동	9,612	3,184	2,264	1,889	1,697	411	122	27	10	4	4
2018.03	서대문구	홍제3동	7,134	2,571	1,641	1,371	1,147	296	79	19	9	-	1
2018.03	서대문구	홍제2동	5,819	1,611	1,430	1,266	1,168	264	56	16	4	1	3
2018.03	서대문구	홍은1동	9,794	3,262	2,140	1,943	1,821	481	107	26	10	-	4
2018.03	서대문구	홍은2동	12,590	4,664	2,821	2,314	2,092	503	139	39	13	5	-
2018.03	서대문구	남가좌1동	6,068	1,428	1,141	1,495	1,502	377	95	25	4	1	-
2018.03	서대문구	남가좌2동	10,123	4,178	2,185	1,714	1,544	395	82	15	6	2	2
2018.03	서대문구	북가좌1동	7,056	1,510	1,596	1,669	1,738	407	97	32	5	2	-
2018.03	서대문구	북가좌2동	14,732	5,240	3,444	2,864	2,451	565	129	35	4	-	-
2018.03	서대문구	충현동	8,825	4,325	1,661	1,275	1,168	296	75	23	1	1	-
2018.03	서대문구	북아현동	7,537	2,767	1,700	1,448	1,298	254	55	12	-	3	-
2018.03	서대문구	신촌동	11,630	8,405	1,441	842	685	175	55	19	6	-	2
2018.03	서대문구	연희동	18,510	9,299	3,490	2,642	2,235	639	145	40	16	3	1
2018.03	마포구	소계	170,219	72,888	34,894	28,731	25,770	6,131	1,315	343	84	38	25
2018.03	마포구	용강동	9,087	3,090	1,916	1,875	1,729	373	79	17	5	3	-
2018.03	마포구	대흥동	7,200	4,672	1,187	656	520	125	26	9	2	-	3
2018.03	마포구	염리동	5,021	2,399	1,017	753	626	174	38	6	6	-	2
2018.03	마포구	신수동	9,193	3,501	1,852	1,765	1,609	352	79	28	7	-	-
2018.03	마포구	서교동	13,924	8,335	2,436	1,542	1,207	302	70	19	9	4	-
2018.03	마포구	합정동	9,619	4,836	2,113	1,302	1,035	236	70	14	3	2	8
2018.03	마포구	망원1동	10,245	4,719	2,266	1,514	1,296	358	64	20	5	2	1
2018.03	마포구	망원2동	8,188	2,763	1,873	1,565	1,539	352	70	19	3	4	-
2018.03	마포구	연남동	8,778	4,665	1,859	1,116	839	217	58	16	4	1	3
2018.03	마포구	성산1동	9,289	4,049	1,969	1,556	1,257	346	76	28	4	3	1
2018.03	마포구	성산2동	17,371	6,513	3,621	3,239	3,094	730	130	33	6	4	1
2018.03	마포구	상암동	12,461	3,704	2,386	2,482	2,816	848	161	48	10	5	1
2018.03	마포구	도화동	9,612	3,528	2,025	1,826	1,714	386	101	20	5	5	2
2018.03	마포구	서강동	11,599	5,126	2,205	1,974	1,801	395	78	14	4	1	1
2018.03	마포구	공덕동	18,321	7,774	3,909	3,183	2,723	555	141	28	7	1	-
2018.03	마포구	아현동	10,311	3,214	2,260	2,383	1,965	382	74	24	4	3	2
2018.03	양천구	소계	176,559	47,634	35,824	38,576	42,224	9,627	1,986	468	141	46	33
2018.03	양천구	목1동	10,527	1,580	1,660	2,797	3,584	702	147	40	10	3	4
2018.03	양천구	목2동	12,854	4,178	2,759	2,641	2,522	606	106	30	7	2	3
2018.03	양천구	목3동	9,286	3,222	2,075	1,924	1,596	346	83	29	7	3	1
2018.03	양천구	목4동	10,048	2,694	1,848	2,064	2,668	614	120	29	8	2	1
2018.03	양천구	신월1동	10,165	4,148	2,288	1,830	1,430	359	84	22	3	1	-
2018.03	양천구	신월2동	8,724	2,333	1,993	1,959	1,743	516	130	34	8	5	3
2018.03	양천구	신월3동	8,220	3,766	1,789	1,303	985	291	64	16	3	1	2
2018.03	양천구	신월4동	6,911	1,407	1,532	1,680	1,673	466	120	23	8	2	-
2018.03	양천구	신월5동	6,383	2,015	1,417	1,357	1,197	297	77	20	1	2	-
2018.03	양천구	신월6동	2,628	720	557	561	587	154	35	11	2	1	-
2018.03	양천구	신월7동	9,354	2,773	2,432	2,049	1,646	333	89	22	8	1	1
2018.03	양천구	신정1동	7,281	1,422	1,168	1,673	2,367	522	99	19	8	1	2
2018.03	양천구	신정2동	7,227	1,554	1,223	1,506	2,311	531	77	12	7	3	3
2018.03	양천구	신정3동	18,142	4,252	3,888	4,050	4,428	1,228	234	37	18	4	3
2018.03	양천구	신정6동	8,150	983	1,340	2,191	2,975	529	106	14	9	2	1
2018.03	양천구	신정7동	11,245	2,708	2,398	2,561	2,873	560	98	31	12	3	1
2018.03	양천구	목5동	13,602	1,639	1,971	3,497	5,293	959	174	46	14	7	2
2018.03	양천구	신정4동	15,812	6,240	3,486	2,933	2,346	614	143	33	8	3	6
2018.03	강서구	소계	256,042	93,411	55,699	48,865	44,352	10,746	2,198	547	144	50	30
2018.03	강서구	염창동	14,345	2,948	2,668	3,557	4,134	849	139	39	6	4	1
2018.03	강서구	등촌1동	11,596	5,864	2,104	1,709	1,532	309	54	18	2	4	-
2018.03	강서구	등촌2동	8,487	2,300	1,933	1,877	1,816	411	101	33	11	2	3
2018.03	강서구	등촌3동	14,735	5,110	3,843	2,863	2,318	479	100	16	2	4	-
2018.03	강서구	화곡본동	15,896	6,148	3,580	3,008	2,393	585	124	45	8	4	1
2018.03	강서구	화곡2동	8,233	2,660	1,948	1,716	1,400	415	61	24	7	-	2
2018.03	강서구	화곡3동	9,125	2,910	2,020	1,943	1,648	454	118	23	5	2	2
2018.03	강서구	화곡4동	9,827	3,507	2,340	1,993	1,506	364	87	25	4	-	1
2018.03	강서구	화곡6동	10,875	4,284	2,300	1,991	1,761	418	82	22	9	3	5
2018.03	강서구	화곡8동	11,511	4,063	2,853	2,251	1,790	416	104	29	4	1	-
2018.03	강서구	가양1동	17,727	10,554	2,467	2,075	2,029	480	97	16	6	1	2
2018.03	강서구	가양2동	8,112	3,700	2,149	1,265	751	182	50	7	5	2	1
2018.03	강서구	가양3동	7,724	2,817	2,334	1,502	828	196	37	7	3	-	-
2018.03	강서구	발산1동	13,428	2,456	2,846	3,110	3,788	988	192	37	5	5	1
2018.03	강서구	공항동	12,478	5,199	2,565	2,213	1,895	491	89	21	4	1	-
2018.03	강서구	방화1동	17,276	4,566	3,611	3,676	4,019	1,118	217	53	12	3	1
2018.03	강서구	방화2동	11,471	5,145	2,512	1,809	1,444	421	100	28	6	1	5
2018.03	강서구	방화3동	11,262	4,317	2,768	2,092	1,575	393	88	16	9	3	1
2018.03	강서구	화곡1동	25,438	11,123	5,773	4,416	3,099	785	173	46	15	6	2
2018.03	강서구	우장산동	16,496	3,740	3,085	3,799	4,626	992	185	42	21	4	2
2018.03	구로구	소계	171,751	61,442	37,375	32,829	30,263	7,509	1,757	403	121	31	21
2018.03	구로구	신도림동	13,270	2,720	2,788	3,295	3,478	753	178	42	11	4	1
2018.03	구로구	구로1동	7,811	1,669	1,686	1,861	2,087	413	69	17	8	1	-
2018.03	구로구	구로3동	13,607	7,836	2,155	1,727	1,424	357	72	23	11	1	1
2018.03	구로구	구로4동	10,734	4,824	2,532	1,752	1,248	287	66	14	9	2	-
2018.03	구로구	구로5동	14,282	6,475	2,786	2,358	2,014	452	137	45	13	1	1
2018.03	구로구	고척1동	9,489	2,755	2,086	2,021	2,034	448	115	21	6	3	-
2018.03	구로구	고척2동	11,693	3,584	2,541	2,447	2,377	572	143	23	5	-	1
2018.03	구로구	개봉2동	12,774	3,197	3,101	2,925	2,650	669	175	39	12	3	3
2018.03	구로구	개봉3동	8,634	2,413	2,100	1,972	1,647	397	84	17	3	1	-
2018.03	구로구	오류1동	10,190	4,559	2,213	1,658	1,281	368	84	16	5	2	4
2018.03	구로구	오류2동	16,644	4,345	3,853	3,387	3,657	1,081	238	56	17	5	5
2018.03	구로구	수궁동	9,767	2,601	2,353	2,171	1,937	545	128	25	4	3	-
2018.03	구로구	가리봉동	5,962	3,823	1,051	562	382	115	22	3	2	-	2
2018.03	구로구	구로2동	12,962	6,037	2,877	1,976	1,535	395	99	31	8	3	1
2018.03	구로구	개봉1동	13,932	4,604	3,253	2,717	2,512	657	147	31	7	2	2
2018.03	금천구	소계	106,333	45,022	22,455	18,079	15,657	3,892	930	203	54	23	18
2018.03	금천구	가산동	12,441	8,510	1,687	1,148	826	203	57	6	2	2	-
2018.03	금천구	독산1동	17,334	8,052	3,261	2,695	2,495	625	160	29	9	3	5
2018.03	금천구	독산2동	9,460	3,886	2,143	1,687	1,342	309	74	14	1	2	2
2018.03	금천구	독산3동	12,183	5,395	2,676	2,021	1,581	395	93	15	5	2	-
2018.03	금천구	독산4동	7,672	3,162	1,713	1,348	1,083	270	72	16	5	1	2
2018.03	금천구	시흥1동	15,389	5,992	3,412	2,780	2,438	604	109	42	6	3	3
2018.03	금천구	시흥2동	8,548	1,938	2,004	1,896	2,012	506	137	38	10	4	3
2018.03	금천구	시흥3동	4,755	1,407	1,179	1,016	862	229	44	14	1	2	1
2018.03	금천구	시흥4동	9,158	2,989	2,172	1,826	1,637	409	93	16	11	4	1
2018.03	금천구	시흥5동	9,393	3,691	2,208	1,662	1,381	342	91	13	4	-	1
2018.03	영등포구	소계	168,784	73,739	33,476	28,474	25,300	5,991	1,324	344	79	25	32
2018.03	영등포구	여의동	12,653	3,300	2,805	2,946	2,782	607	151	41	10	5	6
2018.03	영등포구	당산1동	10,181	4,962	2,033	1,553	1,208	312	81	21	6	3	2
2018.03	영등포구	당산2동	16,717	8,059	2,799	2,626	2,507	556	127	32	9	1	1
2018.03	영등포구	양평1동	8,268	3,777	1,753	1,370	1,054	241	51	18	3	1	-
2018.03	영등포구	양평2동	9,803	3,837	1,923	1,795	1,755	386	79	20	5	1	2
2018.03	영등포구	신길1동	9,578	5,402	1,796	1,207	867	240	46	13	5	1	1
2018.03	영등포구	신길3동	7,019	2,722	1,422	1,301	1,205	300	49	15	3	1	1
2018.03	영등포구	신길4동	4,382	1,827	966	763	621	167	27	9	2	-	-
2018.03	영등포구	신길5동	4,805	2,006	1,058	839	662	187	43	7	1	-	2
2018.03	영등포구	신길6동	8,221	3,308	1,748	1,466	1,259	347	67	16	4	2	4
2018.03	영등포구	신길7동	6,556	1,908	1,274	1,358	1,571	351	68	20	5	-	1
2018.03	영등포구	대림1동	6,386	2,853	1,390	1,032	832	207	48	18	3	2	1
2018.03	영등포구	대림2동	6,537	3,168	1,507	936	682	181	44	14	3	2	-
2018.03	영등포구	대림3동	10,655	3,868	2,402	1,995	1,830	419	107	28	2	1	3
2018.03	영등포구	영등포본동	10,176	4,298	2,006	1,785	1,596	390	77	14	6	1	3
2018.03	영등포구	영등포동	15,235	10,655	1,946	1,270	1,062	229	53	12	4	1	3
2018.03	영등포구	도림동	9,364	4,337	2,052	1,491	1,098	294	71	14	5	1	1
2018.03	영등포구	문래동	12,248	3,452	2,596	2,741	2,709	577	135	32	3	2	1
2018.03	동작구	소계	173,544	69,899	35,636	30,782	28,297	6,836	1,532	425	94	27	16
2018.03	동작구	노량진2동	7,118	3,834	1,421	958	691	164	38	7	4	-	1
2018.03	동작구	상도1동	21,055	9,193	3,814	3,684	3,368	771	172	44	7	-	2
2018.03	동작구	상도2동	11,776	4,638	2,398	2,112	2,033	460	108	17	8	1	1
2018.03	동작구	상도3동	11,449	4,550	2,516	2,122	1,652	447	108	41	7	4	2
2018.03	동작구	상도4동	12,799	4,588	2,991	2,462	2,113	519	90	28	4	1	3
2018.03	동작구	사당1동	12,252	6,534	2,504	1,655	1,213	258	64	14	6	4	-
2018.03	동작구	사당3동	9,957	3,223	2,217	1,990	1,906	453	123	35	7	2	1
2018.03	동작구	사당4동	6,694	2,745	1,474	1,171	1,009	240	37	12	6	-	-
2018.03	동작구	사당5동	5,649	2,130	1,192	1,090	965	211	42	14	3	2	-
2018.03	동작구	대방동	16,671	6,272	3,096	2,875	3,396	779	177	58	12	3	3
2018.03	동작구	신대방1동	9,925	3,428	1,936	1,852	2,066	493	114	29	6	1	-
2018.03	동작구	신대방2동	8,891	3,643	1,664	1,496	1,547	412	89	35	5	-	-
2018.03	동작구	흑석동	13,045	5,180	2,627	2,383	2,171	538	108	27	7	4	-
2018.03	동작구	노량진1동	14,481	6,010	3,002	2,526	2,175	600	129	28	6	4	1
2018.03	동작구	사당2동	11,782	3,931	2,784	2,406	1,992	491	133	36	6	1	2
2018.03	관악구	소계	258,536	137,383	47,862	34,692	29,113	7,176	1,679	450	121	32	28
2018.03	관악구	보라매동	11,723	5,092	2,557	1,964	1,612	373	96	21	2	3	3
2018.03	관악구	청림동	6,610	1,959	1,521	1,496	1,266	276	64	18	5	2	3
2018.03	관악구	행운동	16,583	9,818	2,847	1,894	1,534	371	89	22	6	1	1
2018.03	관악구	낙성대동	10,549	7,129	1,488	933	737	188	49	17	6	-	2
2018.03	관악구	중앙동	8,759	5,403	1,500	900	715	192	37	8	1	2	1
2018.03	관악구	인헌동	13,853	7,194	2,627	1,928	1,592	391	89	25	7	-	-
2018.03	관악구	남현동	9,094	4,353	1,787	1,426	1,144	295	52	26	8	-	3
2018.03	관악구	서원동	12,986	7,718	2,396	1,478	1,021	283	68	17	5	-	-
2018.03	관악구	신원동	10,041	5,399	2,160	1,264	942	199	55	15	3	2	2
2018.03	관악구	서림동	14,164	8,992	2,169	1,459	1,133	313	72	21	3	-	2
2018.03	관악구	신사동	12,671	7,289	2,292	1,554	1,155	295	63	18	5	-	-
2018.03	관악구	신림동	15,429	12,176	1,958	729	428	99	31	5	2	1	-
2018.03	관악구	난향동	6,433	1,791	1,466	1,371	1,366	328	79	25	4	1	2
2018.03	관악구	조원동	9,995	5,933	1,792	1,098	901	194	53	18	4	2	-
2018.03	관악구	대학동	15,361	11,135	1,756	1,201	945	244	64	13	2	1	-
2018.03	관악구	은천동	15,307	5,841	3,386	2,742	2,554	580	149	37	12	3	3
2018.03	관악구	성현동	12,979	3,721	2,989	2,683	2,719	671	144	37	10	4	1
2018.03	관악구	청룡동	17,542	11,994	2,456	1,437	1,227	325	77	19	4	2	1
2018.03	관악구	난곡동	12,855	4,823	3,003	2,437	1,971	462	115	30	10	2	2
2018.03	관악구	삼성동	11,579	4,446	2,655	2,064	1,755	497	117	29	13	3	-
2018.03	관악구	미성동	14,023	5,177	3,057	2,634	2,396	600	116	29	9	3	2
2018.03	서초구	소계	174,225	56,489	34,188	34,490	37,132	8,995	2,064	585	169	68	45
2018.03	서초구	서초1동	9,013	3,629	1,679	1,559	1,570	409	116	33	12	6	-
2018.03	서초구	서초2동	7,506	3,138	1,324	1,318	1,340	291	73	14	4	3	1
2018.03	서초구	서초3동	12,675	4,854	2,455	2,283	2,223	607	172	47	18	8	8
2018.03	서초구	서초4동	10,665	2,099	1,866	2,490	3,364	643	133	56	10	2	2
2018.03	서초구	잠원동	13,924	4,584	2,605	2,933	3,063	583	114	26	9	6	1
2018.03	서초구	반포본동	4,249	716	806	993	1,373	283	62	11	3	1	1
2018.03	서초구	반포1동	12,946	6,141	1,975	1,948	2,181	534	114	36	10	6	1
2018.03	서초구	반포2동	7,847	1,174	1,422	1,911	2,527	633	136	31	9	2	2
2018.03	서초구	반포3동	6,453	1,264	1,207	1,593	1,923	375	65	17	4	3	2
2018.03	서초구	반포4동	7,338	1,839	1,509	1,718	1,722	410	91	31	11	5	2
2018.03	서초구	방배본동	7,814	2,057	1,463	1,659	1,987	476	118	35	12	3	4
2018.03	서초구	방배1동	7,444	2,784	1,652	1,399	1,223	282	83	13	4	1	3
2018.03	서초구	방배2동	11,076	3,780	2,501	2,169	2,010	474	90	38	3	6	5
2018.03	서초구	방배3동	8,453	2,320	1,831	1,815	1,895	451	100	26	11	1	3
2018.03	서초구	방배4동	10,374	3,437	2,082	2,000	2,152	532	123	33	10	3	2
2018.03	서초구	양재1동	18,287	5,764	3,857	3,476	3,613	1,196	284	75	14	7	1
2018.03	서초구	양재2동	10,971	4,978	2,240	1,659	1,517	441	85	28	16	3	4
2018.03	서초구	내곡동	7,190	1,931	1,714	1,567	1,449	375	105	35	9	2	3
2018.03	강남구	소계	231,219	88,068	42,396	41,867	45,267	10,399	2,310	616	182	76	38
2018.03	강남구	신사동	7,609	2,971	1,526	1,352	1,327	311	74	23	14	9	2
2018.03	강남구	논현1동	14,154	9,135	2,404	1,325	919	257	78	21	9	4	2
2018.03	강남구	논현2동	11,199	5,772	2,132	1,629	1,238	318	82	20	6	2	-
2018.03	강남구	삼성1동	5,822	1,878	1,149	1,153	1,214	301	93	19	11	4	-
2018.03	강남구	삼성2동	12,805	5,488	2,094	2,225	2,318	507	118	41	9	2	3
2018.03	강남구	대치1동	7,404	576	890	1,897	3,181	683	125	36	10	5	1
2018.03	강남구	대치4동	10,073	5,145	1,633	1,394	1,469	328	87	15	2	-	-
2018.03	강남구	역삼1동	22,690	15,750	3,408	1,811	1,233	347	93	27	17	4	-
2018.03	강남구	역삼2동	14,922	5,765	2,245	2,806	3,271	639	131	39	12	5	9
2018.03	강남구	도곡1동	8,517	2,478	1,492	1,814	2,123	467	98	28	11	4	2
2018.03	강남구	도곡2동	11,969	2,277	2,258	2,955	3,578	717	143	31	5	3	2
2018.03	강남구	개포1동	7,470	2,262	1,699	1,495	1,583	347	57	20	4	3	-
2018.03	강남구	개포4동	7,775	2,965	1,452	1,449	1,450	371	64	14	5	1	4
2018.03	강남구	일원본동	8,308	1,527	1,425	1,999	2,699	530	100	19	5	3	1
2018.03	강남구	일원1동	7,541	2,969	1,721	1,357	1,104	310	61	14	4	1	-
2018.03	강남구	일원2동	6,551	1,992	1,531	1,384	1,320	262	49	11	1	-	1
2018.03	강남구	수서동	7,854	3,081	2,299	1,373	831	195	55	9	8	2	1
2018.03	강남구	세곡동	17,053	5,134	3,486	3,229	3,572	1,214	308	88	14	5	3
2018.03	강남구	압구정동	10,692	2,944	2,300	2,424	2,312	529	127	41	7	5	3
2018.03	강남구	청담동	12,174	4,294	2,326	2,414	2,352	568	153	40	15	9	3
2018.03	강남구	대치2동	13,604	2,446	2,048	3,292	4,667	926	161	50	9	4	1
2018.03	강남구	개포2동	5,033	1,219	878	1,090	1,506	272	53	10	4	1	-
2018.03	송파구	소계	266,550	86,878	53,834	54,083	55,496	12,566	2,761	656	195	50	31
2018.03	송파구	풍납1동	6,917	2,564	1,626	1,301	1,110	239	59	9	6	3	-
2018.03	송파구	풍납2동	10,337	3,636	1,983	2,125	2,036	423	104	25	3	2	-
2018.03	송파구	거여1동	5,299	1,675	1,142	1,060	1,053	284	69	12	3	-	1
2018.03	송파구	거여2동	7,295	2,422	1,718	1,447	1,320	287	76	16	5	1	3
2018.03	송파구	마천1동	9,341	3,585	2,031	1,619	1,519	464	89	30	2	2	-
2018.03	송파구	마천2동	8,559	2,921	2,025	1,623	1,462	382	106	28	8	1	3
2018.03	송파구	방이1동	6,162	1,676	1,182	1,311	1,514	358	92	21	5	1	2
2018.03	송파구	방이2동	12,480	6,180	2,471	1,932	1,450	347	80	17	2	-	1
2018.03	송파구	오륜동	6,013	643	1,007	1,555	2,191	493	85	28	6	3	2
2018.03	송파구	오금동	14,522	3,875	3,084	3,287	3,303	757	160	46	9	-	1
2018.03	송파구	송파1동	12,095	5,346	2,530	2,026	1,640	412	100	25	10	4	2
2018.03	송파구	송파2동	7,292	1,443	1,420	1,737	2,046	496	114	24	8	3	1
2018.03	송파구	석촌동	16,350	7,664	3,344	2,606	2,081	477	135	24	15	3	1
2018.03	송파구	삼전동	16,110	7,706	3,161	2,562	2,096	470	78	28	5	2	2
2018.03	송파구	가락본동	11,511	4,062	2,265	2,290	2,241	526	89	28	6	2	2
2018.03	송파구	가락1동	357	137	53	67	75	21	2	2	-	-	-
2018.03	송파구	가락2동	12,215	2,725	2,324	2,880	3,350	721	164	39	10	1	1
2018.03	송파구	문정1동	8,395	2,565	1,757	1,755	1,773	413	103	15	9	5	-
2018.03	송파구	문정2동	14,030	7,023	2,652	1,900	1,882	423	100	28	17	3	2
2018.03	송파구	장지동	13,365	3,527	3,050	3,009	2,843	739	157	29	10	1	-
2018.03	송파구	위례동	9,086	1,094	1,711	2,306	2,948	823	162	29	9	3	1
2018.03	송파구	잠실본동	14,465	7,177	2,855	2,107	1,781	404	102	31	7	-	1
2018.03	송파구	잠실4동	10,455	1,776	2,117	2,861	2,948	584	138	19	7	5	-
2018.03	송파구	잠실6동	5,912	958	1,266	1,544	1,642	379	83	26	11	2	1
2018.03	송파구	잠실7동	3,502	498	780	883	1,056	221	43	16	3	2	-
2018.03	송파구	잠실2동	12,055	1,899	1,810	3,066	4,395	712	135	26	11	-	1
2018.03	송파구	잠실3동	12,430	2,101	2,470	3,224	3,741	711	136	35	8	1	3
2018.03	강동구	소계	177,490	60,230	37,296	34,985	34,272	8,320	1,792	418	113	37	27
2018.03	강동구	강일동	11,270	2,175	2,417	2,242	2,999	1,176	211	42	6	1	1
2018.03	강동구	상일동	4,103	1,116	875	889	945	203	55	11	7	-	2
2018.03	강동구	명일1동	8,175	1,993	1,599	1,890	2,085	462	113	23	7	2	1
2018.03	강동구	명일2동	5,890	964	1,028	1,294	2,048	444	81	22	6	3	-
2018.03	강동구	고덕1동	9,066	1,488	1,623	2,248	2,902	645	125	21	7	1	6
2018.03	강동구	고덕2동	3,578	1,498	798	625	491	127	25	9	2	1	2
2018.03	강동구	암사2동	5,915	1,805	1,270	1,278	1,254	236	55	10	-	5	2
2018.03	강동구	암사3동	6,274	991	1,206	1,622	1,885	419	100	28	15	4	4
2018.03	강동구	천호1동	12,941	5,007	2,901	2,468	1,942	478	107	27	6	3	2
2018.03	강동구	천호3동	13,306	6,077	2,804	2,186	1,684	406	115	24	7	2	1
2018.03	강동구	성내1동	8,139	2,283	1,799	1,797	1,753	408	69	25	3	2	-
2018.03	강동구	성내2동	12,296	5,686	2,703	1,996	1,470	337	79	18	6	1	-
2018.03	강동구	성내3동	10,223	3,676	2,159	2,028	1,836	430	67	18	6	2	1
2018.03	강동구	둔촌1동	230	162	27	17	17	5	1	1	-	-	-
2018.03	강동구	둔촌2동	11,178	3,320	2,316	2,362	2,483	554	111	24	5	2	1
2018.03	강동구	암사1동	16,305	6,062	3,594	3,135	2,727	598	140	34	12	1	2
2018.03	강동구	천호2동	17,532	8,146	3,772	2,827	2,162	460	130	25	7	3	-
2018.03	강동구	길동	21,069	7,781	4,405	4,081	3,589	932	208	56	11	4	2