기간	자치구	행정동	전체세대수	1인세대	2인세대	3인세대	4인세대	5인세대	6인세대	7인세대	8인세대	9인세대	10인세대 이상
2018.04	합계	합계	4,239,848	1,636,407	876,814	774,389	725,873	173,577	38,878	9,778	2,681	832	619
2018.04	종로구	소계	73,857	35,885	13,774	10,877	9,746	2,643	646	200	53	20	13
2018.04	종로구	사직동	4,467	2,116	856	679	600	149	33	23	6	2	3
2018.04	종로구	삼청동	1,419	739	252	199	149	56	18	6	-	-	-
2018.04	종로구	부암동	4,297	1,609	917	746	736	200	56	23	5	3	2
2018.04	종로구	평창동	7,591	2,491	1,624	1,457	1,454	422	100	26	8	7	2
2018.04	종로구	무악동	3,020	721	646	676	749	181	32	10	3	1	1
2018.04	종로구	교남동	4,516	1,597	1,077	838	791	163	33	13	4	-	-
2018.04	종로구	가회동	2,079	927	436	327	273	82	23	7	3	-	1
2018.04	종로구	종로1.2.3.4가동	5,368	4,215	541	303	230	53	17	6	3	-	-
2018.04	종로구	종로5·6가동	3,196	2,093	472	315	233	65	13	2	2	1	-
2018.04	종로구	이화동	4,486	2,615	782	531	411	114	21	11	-	1	-
2018.04	종로구	창신1동	3,043	1,786	549	364	247	79	14	4	-	-	-
2018.04	종로구	창신2동	4,271	1,969	857	663	556	170	42	10	2	2	-
2018.04	종로구	창신3동	2,875	841	662	636	509	180	37	7	3	-	-
2018.04	종로구	숭인1동	3,009	1,318	654	480	395	122	31	7	2	-	-
2018.04	종로구	숭인2동	5,652	3,588	917	569	444	98	27	5	3	1	-
2018.04	종로구	청운효자동	5,426	1,942	1,117	1,010	999	249	83	21	3	2	-
2018.04	종로구	혜화동	9,142	5,318	1,415	1,084	970	260	66	19	6	-	4
2018.04	중구	소계	60,943	29,195	12,485	9,313	7,462	1,820	489	111	39	11	18
2018.04	중구	소공동	1,070	599	196	149	98	18	7	1	-	-	2
2018.04	중구	회현동	3,282	2,251	437	289	227	57	14	5	2	-	-
2018.04	중구	명동	1,437	946	217	138	94	28	7	2	2	-	3
2018.04	중구	필동	2,250	1,374	375	243	185	54	12	4	2	-	1
2018.04	중구	장충동	2,643	1,597	448	275	218	78	20	3	1	-	3
2018.04	중구	광희동	2,922	1,820	515	294	213	51	22	5	1	-	1
2018.04	중구	을지로동	1,170	919	126	69	37	15	2	2	-	-	-
2018.04	중구	신당5동	4,426	2,030	908	706	589	143	35	10	3	2	-
2018.04	중구	황학동	6,327	3,294	1,295	891	642	152	44	6	2	1	-
2018.04	중구	중림동	5,644	2,421	1,194	995	807	159	54	8	5	1	-
2018.04	중구	신당동	4,415	2,628	793	511	354	91	30	6	-	2	-
2018.04	중구	다산동	6,864	2,931	1,612	1,114	920	212	53	13	5	1	3
2018.04	중구	약수동	7,815	2,760	1,976	1,561	1,148	279	69	14	5	-	3
2018.04	중구	청구동	6,462	2,431	1,520	1,197	990	252	52	10	6	2	2
2018.04	중구	동화동	4,216	1,194	873	881	940	231	68	22	5	2	-
2018.04	용산구	소계	108,545	50,169	21,973	17,091	14,353	3,685	915	234	71	27	27
2018.04	용산구	후암동	8,560	3,942	1,678	1,379	1,157	304	73	17	3	2	5
2018.04	용산구	용산2가동	5,549	2,776	1,210	792	578	149	34	9	1	-	-
2018.04	용산구	남영동	5,475	4,185	604	336	250	75	16	5	-	1	3
2018.04	용산구	원효로2동	6,030	1,966	1,287	1,202	1,156	308	73	20	11	3	4
2018.04	용산구	효창동	3,868	1,369	860	687	676	204	51	15	3	2	1
2018.04	용산구	용문동	5,310	1,826	1,220	1,038	922	226	59	13	4	1	1
2018.04	용산구	이촌1동	10,101	2,204	2,167	2,581	2,429	526	139	35	14	3	3
2018.04	용산구	이촌2동	3,859	1,253	1,005	803	590	155	39	9	4	1	-
2018.04	용산구	이태원1동	3,900	2,257	717	460	318	111	29	6	2	-	-
2018.04	용산구	이태원2동	4,913	2,586	999	673	480	124	41	7	2	-	1
2018.04	용산구	서빙고동	5,324	1,683	1,102	964	1,161	325	64	20	4	-	1
2018.04	용산구	보광동	7,830	3,982	1,683	1,093	809	202	45	14	2	-	-
2018.04	용산구	청파동	10,561	5,893	1,948	1,275	1,060	271	85	18	7	1	3
2018.04	용산구	원효로1동	7,069	3,156	1,502	1,197	926	221	47	9	5	6	-
2018.04	용산구	한강로동	9,267	5,172	1,736	1,202	874	214	50	15	2	1	1
2018.04	용산구	한남동	10,929	5,919	2,255	1,409	967	270	70	22	7	6	4
2018.04	성동구	소계	135,147	53,277	28,734	24,735	21,817	4,935	1,204	315	89	25	16
2018.04	성동구	왕십리2동	7,661	2,907	1,619	1,459	1,270	279	101	17	3	3	3
2018.04	성동구	마장동	10,479	4,317	2,175	1,800	1,629	415	105	23	8	5	2
2018.04	성동구	사근동	6,901	4,659	906	611	536	139	32	13	3	2	-
2018.04	성동구	행당1동	6,312	2,693	1,272	1,095	942	228	57	17	6	1	1
2018.04	성동구	행당2동	9,471	2,290	2,195	2,241	2,160	436	99	36	9	3	2
2018.04	성동구	응봉동	6,253	1,649	1,372	1,395	1,404	332	73	18	8	1	1
2018.04	성동구	금호1가동	6,189	1,928	1,471	1,285	1,165	248	70	18	3	1	-
2018.04	성동구	금호4가동	6,353	2,132	1,503	1,386	1,034	238	43	14	2	1	-
2018.04	성동구	성수1가1동	7,635	3,014	1,600	1,328	1,330	279	66	13	4	-	1
2018.04	성동구	성수1가2동	7,333	3,227	1,527	1,221	1,062	232	49	8	5	1	1
2018.04	성동구	성수2가1동	8,621	4,027	1,745	1,360	1,161	246	61	18	3	-	-
2018.04	성동구	성수2가3동	5,610	2,745	1,072	805	732	184	58	9	4	1	-
2018.04	성동구	송정동	5,477	2,610	1,096	827	708	185	38	11	1	1	-
2018.04	성동구	용답동	8,149	4,421	1,520	1,035	907	203	51	10	1	-	1
2018.04	성동구	왕십리도선동	11,475	4,083	2,446	2,265	2,091	458	99	28	4	-	1
2018.04	성동구	금호2.3가동	10,270	3,457	2,461	2,106	1,713	401	85	29	15	2	1
2018.04	성동구	옥수동	10,958	3,118	2,754	2,516	1,973	432	117	33	10	3	2
2018.04	광진구	소계	161,415	69,063	32,125	27,376	25,383	5,694	1,316	322	90	28	18
2018.04	광진구	화양동	15,210	11,609	1,902	855	667	126	39	10	2	-	-
2018.04	광진구	군자동	10,336	5,443	1,980	1,405	1,165	257	59	17	5	3	2
2018.04	광진구	중곡1동	7,710	3,511	1,772	1,236	921	210	41	14	4	1	-
2018.04	광진구	중곡2동	10,217	4,188	2,243	1,831	1,531	319	82	16	3	2	2
2018.04	광진구	중곡3동	8,416	3,720	1,898	1,395	1,075	262	54	9	2	1	-
2018.04	광진구	중곡4동	13,182	4,625	2,958	2,625	2,248	544	138	34	4	3	3
2018.04	광진구	능동	6,106	3,290	1,265	780	548	145	65	11	2	-	-
2018.04	광진구	구의1동	11,482	5,824	2,340	1,652	1,253	306	84	16	5	2	-
2018.04	광진구	구의2동	10,650	3,730	2,303	2,129	1,863	476	99	32	13	2	3
2018.04	광진구	구의3동	12,122	3,896	2,458	2,516	2,551	552	109	26	9	4	1
2018.04	광진구	광장동	11,946	2,091	1,775	2,957	4,148	756	164	32	19	3	1
2018.04	광진구	자양1동	11,368	5,347	2,382	1,704	1,483	349	79	18	2	2	2
2018.04	광진구	자양2동	11,221	3,776	2,423	2,309	2,060	486	122	32	8	3	2
2018.04	광진구	자양3동	11,055	2,716	2,296	2,517	2,735	612	124	42	9	2	2
2018.04	광진구	자양4동	10,394	5,297	2,130	1,465	1,135	294	57	13	3	-	-
2018.04	동대문구	소계	160,524	71,202	31,897	26,339	23,162	5,973	1,472	341	93	29	16
2018.04	동대문구	회기동	5,859	3,652	867	617	542	142	32	3	4	-	-
2018.04	동대문구	휘경1동	6,857	3,798	1,215	862	727	183	54	13	3	2	-
2018.04	동대문구	휘경2동	11,093	4,852	2,003	1,877	1,771	460	95	23	8	2	2
2018.04	동대문구	청량리동	10,531	4,804	2,270	1,658	1,299	384	91	17	5	2	1
2018.04	동대문구	용신동	16,409	9,192	3,015	2,000	1,619	437	105	35	4	1	1
2018.04	동대문구	제기동	12,702	6,499	2,512	1,716	1,429	404	111	21	7	2	1
2018.04	동대문구	전농1동	14,046	6,639	2,735	2,209	1,866	449	109	29	4	5	1
2018.04	동대문구	전농2동	7,641	2,017	1,759	1,727	1,572	412	115	33	3	1	2
2018.04	동대문구	답십리1동	10,620	4,135	2,121	1,978	1,751	483	109	31	10	1	1
2018.04	동대문구	답십리2동	12,026	3,920	2,804	2,383	2,210	527	137	33	8	3	1
2018.04	동대문구	장안1동	17,089	6,830	3,546	3,125	2,663	703	163	43	11	4	1
2018.04	동대문구	장안2동	12,532	4,105	2,587	2,626	2,465	567	146	22	9	3	2
2018.04	동대문구	이문1동	14,416	8,002	2,556	1,832	1,508	383	107	14	9	3	2
2018.04	동대문구	이문2동	8,703	2,757	1,907	1,729	1,740	439	98	24	8	-	1
2018.04	중랑구	소계	179,710	70,502	39,709	32,877	28,013	6,730	1,406	350	93	17	13
2018.04	중랑구	면목2동	12,203	5,205	2,670	2,082	1,711	425	84	17	9	-	-
2018.04	중랑구	면목4동	9,493	3,936	2,115	1,685	1,367	300	66	19	5	-	-
2018.04	중랑구	면목5동	4,672	1,887	1,098	826	664	156	30	10	1	-	-
2018.04	중랑구	면목7동	10,111	4,142	2,267	1,798	1,459	355	64	21	4	1	-
2018.04	중랑구	상봉1동	10,095	2,921	2,235	2,197	2,183	443	88	20	6	2	-
2018.04	중랑구	상봉2동	9,834	5,314	1,965	1,331	957	199	50	11	5	2	-
2018.04	중랑구	중화1동	8,770	2,986	2,054	1,754	1,513	365	70	20	6	1	1
2018.04	중랑구	중화2동	14,294	7,088	3,089	2,139	1,510	368	74	19	4	2	1
2018.04	중랑구	묵1동	14,376	4,415	3,110	3,084	2,863	694	159	35	12	1	3
2018.04	중랑구	묵2동	9,147	3,665	2,078	1,696	1,294	323	70	15	2	2	2
2018.04	중랑구	망우3동	8,480	3,519	1,962	1,533	1,135	249	60	19	1	2	-
2018.04	중랑구	신내1동	14,526	3,171	3,117	3,142	3,688	1,128	217	45	16	1	1
2018.04	중랑구	신내2동	9,003	2,538	2,165	2,023	1,795	362	86	22	9	1	2
2018.04	중랑구	면목본동	17,450	7,997	3,844	2,851	2,154	478	91	27	6	-	2
2018.04	중랑구	면목3.8동	12,573	5,395	2,789	2,188	1,689	383	101	25	3	-	-
2018.04	중랑구	망우본동	14,683	6,323	3,151	2,548	2,031	502	96	25	4	2	1
2018.04	성북구	소계	187,111	70,041	38,371	35,126	32,911	8,026	1,900	541	125	28	42
2018.04	성북구	돈암1동	6,408	1,768	1,493	1,403	1,320	323	79	18	2	-	2
2018.04	성북구	돈암2동	8,511	1,500	1,718	2,151	2,363	567	142	49	16	2	3
2018.04	성북구	안암동	8,745	5,417	1,379	922	778	197	36	10	3	2	1
2018.04	성북구	보문동	8,002	3,646	1,588	1,324	1,142	239	48	11	2	-	2
2018.04	성북구	정릉1동	7,021	1,997	1,477	1,582	1,475	366	89	27	4	1	3
2018.04	성북구	정릉2동	9,643	2,903	2,222	2,065	1,858	445	106	34	6	2	2
2018.04	성북구	정릉3동	7,568	3,667	1,468	1,158	946	253	52	14	5	2	3
2018.04	성북구	정릉4동	11,052	3,566	2,480	2,368	2,007	473	119	30	8	1	-
2018.04	성북구	길음1동	12,999	2,580	2,401	3,175	3,828	760	193	45	9	2	6
2018.04	성북구	길음2동	5,025	1,939	965	897	922	227	56	16	3	-	-
2018.04	성북구	월곡1동	10,754	3,089	2,302	2,276	2,344	565	130	38	7	2	1
2018.04	성북구	월곡2동	8,781	3,552	1,753	1,552	1,408	375	106	23	7	2	3
2018.04	성북구	장위1동	8,919	3,164	2,068	1,716	1,471	379	82	29	6	2	2
2018.04	성북구	장위2동	7,626	2,863	1,793	1,431	1,106	324	78	24	5	2	-
2018.04	성북구	장위3동	4,924	1,731	1,046	927	919	231	49	19	2	-	-
2018.04	성북구	성북동	8,001	3,599	1,695	1,211	1,044	318	85	33	9	1	6
2018.04	성북구	삼선동	12,567	5,899	2,418	1,923	1,769	430	98	21	7	2	-
2018.04	성북구	동선동	8,849	5,399	1,432	979	759	202	51	17	7	-	3
2018.04	성북구	종암동	16,991	6,043	3,423	3,290	3,201	793	172	54	8	4	3
2018.04	성북구	석관동	14,725	5,719	3,250	2,776	2,251	559	129	29	9	1	2
2018.04	강북구	소계	143,166	55,878	32,611	26,244	21,364	5,456	1,198	282	84	24	25
2018.04	강북구	번1동	10,027	5,078	2,113	1,449	1,067	242	64	9	5	-	-
2018.04	강북구	번2동	7,514	2,465	2,031	1,537	1,096	285	79	13	5	1	2
2018.04	강북구	번3동	7,625	2,071	2,089	1,668	1,304	367	96	22	6	1	1
2018.04	강북구	수유1동	10,245	4,435	2,244	1,769	1,326	363	82	16	6	1	3
2018.04	강북구	수유2동	9,513	3,190	2,381	1,901	1,531	388	90	22	7	1	2
2018.04	강북구	수유3동	12,179	6,135	2,533	1,871	1,254	302	62	13	3	3	3
2018.04	강북구	삼양동	12,470	4,766	2,831	2,356	1,882	507	91	21	11	4	1
2018.04	강북구	미아동	11,129	5,268	2,390	1,737	1,304	340	63	16	7	3	1
2018.04	강북구	송중동	13,082	5,312	2,842	2,303	1,940	521	115	40	3	3	3
2018.04	강북구	송천동	13,801	6,051	3,065	2,296	1,818	450	92	18	8	-	3
2018.04	강북구	삼각산동	11,898	2,537	2,365	2,741	3,338	737	130	41	7	1	1
2018.04	강북구	우이동	9,434	3,387	2,293	1,854	1,394	381	92	21	5	4	3
2018.04	강북구	인수동	14,249	5,183	3,434	2,762	2,110	573	142	30	11	2	2
2018.04	도봉구	소계	137,495	41,715	32,076	29,185	26,219	6,376	1,407	372	100	30	15
2018.04	도봉구	쌍문1동	9,089	2,914	2,185	1,867	1,571	412	104	28	5	1	2
2018.04	도봉구	쌍문2동	8,540	2,817	2,102	1,790	1,384	323	96	21	3	1	3
2018.04	도봉구	쌍문3동	7,620	2,888	1,783	1,431	1,150	290	59	16	2	-	1
2018.04	도봉구	쌍문4동	7,173	1,473	1,458	1,741	1,960	447	71	18	5	-	-
2018.04	도봉구	방학1동	12,639	4,341	2,881	2,472	2,166	601	120	44	8	4	2
2018.04	도봉구	방학2동	9,583	3,530	2,298	1,872	1,423	350	83	23	4	-	-
2018.04	도봉구	방학3동	10,147	1,703	2,246	2,587	2,730	684	141	34	19	3	-
2018.04	도봉구	창1동	10,922	3,346	2,498	2,346	2,162	451	93	22	3	1	-
2018.04	도봉구	창2동	12,367	3,473	2,944	2,755	2,405	581	149	41	12	6	1
2018.04	도봉구	창3동	6,645	2,432	1,618	1,259	1,014	249	56	13	1	2	1
2018.04	도봉구	창4동	10,543	2,615	2,177	2,343	2,660	587	118	28	13	2	-
2018.04	도봉구	창5동	9,881	2,475	2,206	2,329	2,204	517	101	33	12	4	-
2018.04	도봉구	도봉1동	10,293	3,911	2,659	1,853	1,346	398	87	21	9	5	4
2018.04	도봉구	도봉2동	12,053	3,797	3,021	2,540	2,044	486	129	30	4	1	1
2018.04	노원구	소계	217,906	66,146	46,852	45,212	46,877	10,202	1,987	434	129	40	27
2018.04	노원구	월계1동	10,410	4,197	2,114	1,786	1,739	466	86	19	3	-	-
2018.04	노원구	월계2동	11,273	3,628	2,867	2,250	1,924	468	107	22	6	-	1
2018.04	노원구	월계3동	13,018	3,481	3,399	2,956	2,486	525	128	29	10	3	1
2018.04	노원구	공릉2동	16,048	5,037	2,957	3,254	3,784	775	184	36	10	11	-
2018.04	노원구	하계1동	12,495	4,724	2,297	2,223	2,578	537	100	13	16	3	4
2018.04	노원구	하계2동	8,357	1,545	1,713	2,034	2,421	543	83	13	4	1	-
2018.04	노원구	중계본동	9,238	2,112	1,369	1,950	2,921	706	136	33	9	1	1
2018.04	노원구	중계1동	9,142	1,397	1,262	2,257	3,459	638	101	18	8	2	-
2018.04	노원구	중계4동	8,432	2,312	1,938	1,695	1,955	427	76	20	6	1	2
2018.04	노원구	상계1동	15,656	4,248	3,476	3,362	3,430	888	199	35	7	4	7
2018.04	노원구	상계2동	8,741	2,990	1,663	1,670	1,899	404	82	21	7	4	1
2018.04	노원구	상계5동	11,172	3,847	2,578	2,195	1,971	457	83	29	9	-	3
2018.04	노원구	상계8동	9,297	2,093	2,157	2,362	2,211	415	49	9	1	-	-
2018.04	노원구	상계9동	8,536	1,966	2,059	2,036	2,027	363	66	17	2	-	-
2018.04	노원구	상계10동	6,692	1,703	1,597	1,635	1,446	232	54	18	3	2	2
2018.04	노원구	상계3.4동	11,923	4,553	2,782	2,103	1,825	508	117	23	10	2	-
2018.04	노원구	상계6.7동	14,057	4,041	3,134	3,113	3,069	579	88	25	5	1	2
2018.04	노원구	중계2.3동	15,501	4,606	3,833	3,283	2,986	651	113	19	6	2	2
2018.04	노원구	공릉1동	17,918	7,666	3,657	3,048	2,746	620	135	35	7	3	1
2018.04	은평구	소계	203,509	71,564	45,741	39,560	34,862	8,957	2,102	527	132	36	28
2018.04	은평구	녹번동	14,738	5,940	3,312	2,644	2,152	519	127	36	5	1	2
2018.04	은평구	불광1동	17,707	6,085	4,120	3,694	2,898	702	145	51	10	1	1
2018.04	은평구	갈현1동	11,101	4,248	2,596	2,077	1,631	429	93	19	4	4	-
2018.04	은평구	갈현2동	12,444	3,905	2,888	2,677	2,251	558	122	29	11	1	2
2018.04	은평구	구산동	12,628	3,561	2,936	2,746	2,517	646	159	37	16	3	7
2018.04	은평구	대조동	15,765	7,258	3,422	2,510	1,942	473	121	33	4	2	-
2018.04	은평구	응암1동	11,241	4,458	2,410	1,998	1,782	454	100	22	9	3	5
2018.04	은평구	응암2동	8,470	2,488	1,865	1,886	1,699	395	104	23	5	4	1
2018.04	은평구	신사1동	11,293	3,428	2,650	2,478	2,073	505	110	34	9	4	2
2018.04	은평구	신사2동	9,031	2,908	2,105	1,810	1,672	405	103	21	5	1	1
2018.04	은평구	증산동	6,947	2,380	1,636	1,298	1,212	325	70	22	4	-	-
2018.04	은평구	수색동	5,441	1,982	1,291	1,007	880	210	54	13	3	1	-
2018.04	은평구	진관동	19,894	4,988	3,735	3,988	5,123	1,577	386	72	18	3	4
2018.04	은평구	불광2동	13,627	5,502	3,248	2,418	1,851	467	100	26	11	3	1
2018.04	은평구	응암3동	12,418	5,488	2,809	2,035	1,565	397	91	25	4	3	1
2018.04	은평구	역촌동	20,764	6,945	4,718	4,294	3,614	895	217	64	14	2	1
2018.04	서대문구	소계	137,769	55,840	28,681	24,275	21,876	5,339	1,292	337	87	24	18
2018.04	서대문구	천연동	8,333	3,311	1,699	1,526	1,402	313	61	16	2	1	2
2018.04	서대문구	홍제1동	9,559	3,169	2,252	1,866	1,695	408	125	27	9	4	4
2018.04	서대문구	홍제3동	7,136	2,572	1,647	1,358	1,159	294	78	18	9	-	1
2018.04	서대문구	홍제2동	5,821	1,620	1,436	1,267	1,158	260	56	15	5	1	3
2018.04	서대문구	홍은1동	9,798	3,250	2,153	1,956	1,812	481	108	26	9	-	3
2018.04	서대문구	홍은2동	12,537	4,660	2,806	2,316	2,066	501	131	39	13	5	-
2018.04	서대문구	남가좌1동	6,094	1,442	1,147	1,492	1,504	387	94	23	4	1	-
2018.04	서대문구	남가좌2동	10,131	4,184	2,196	1,716	1,531	395	84	15	6	2	2
2018.04	서대문구	북가좌1동	7,037	1,502	1,594	1,674	1,734	400	97	29	5	2	-
2018.04	서대문구	북가좌2동	14,740	5,253	3,436	2,869	2,456	557	130	36	3	-	-
2018.04	서대문구	충현동	8,814	4,312	1,685	1,263	1,156	298	76	21	2	1	-
2018.04	서대문구	북아현동	7,551	2,785	1,689	1,474	1,292	243	53	12	-	3	-
2018.04	서대문구	신촌동	11,702	8,457	1,458	851	681	172	57	18	6	-	2
2018.04	서대문구	연희동	18,516	9,323	3,483	2,647	2,230	630	142	42	14	4	1
2018.04	마포구	소계	170,351	73,064	34,898	28,764	25,728	6,101	1,304	345	86	38	23
2018.04	마포구	용강동	9,088	3,092	1,911	1,875	1,732	374	79	16	7	2	-
2018.04	마포구	대흥동	7,224	4,690	1,192	660	522	121	25	9	2	-	3
2018.04	마포구	염리동	5,005	2,372	1,026	754	633	169	37	7	6	-	1
2018.04	마포구	신수동	9,174	3,494	1,846	1,765	1,607	349	77	29	7	-	-
2018.04	마포구	서교동	13,925	8,341	2,445	1,543	1,192	302	69	19	10	4	-
2018.04	마포구	합정동	9,620	4,834	2,126	1,305	1,030	234	64	14	3	2	8
2018.04	마포구	망원1동	10,241	4,734	2,263	1,510	1,289	355	62	20	5	2	1
2018.04	마포구	망원2동	8,190	2,791	1,864	1,557	1,537	345	71	18	3	4	-
2018.04	마포구	연남동	8,789	4,687	1,853	1,114	834	217	59	17	4	2	2
2018.04	마포구	성산1동	9,302	4,050	1,964	1,579	1,252	346	76	28	3	3	1
2018.04	마포구	성산2동	17,407	6,546	3,631	3,247	3,068	736	134	34	7	3	1
2018.04	마포구	상암동	12,535	3,781	2,369	2,493	2,832	834	163	47	10	5	1
2018.04	마포구	도화동	9,626	3,546	2,028	1,836	1,689	394	100	22	4	5	2
2018.04	마포구	서강동	11,552	5,085	2,208	1,966	1,799	399	74	15	4	1	1
2018.04	마포구	공덕동	18,351	7,808	3,902	3,194	2,730	544	138	26	7	2	-
2018.04	마포구	아현동	10,322	3,213	2,270	2,366	1,982	382	76	24	4	3	2
2018.04	양천구	소계	176,452	47,645	35,904	38,561	42,091	9,592	1,973	473	137	43	33
2018.04	양천구	목1동	10,523	1,579	1,658	2,799	3,585	695	147	43	9	4	4
2018.04	양천구	목2동	12,851	4,197	2,750	2,631	2,513	618	104	26	7	2	3
2018.04	양천구	목3동	9,304	3,226	2,091	1,918	1,600	343	85	31	6	3	1
2018.04	양천구	목4동	10,055	2,705	1,863	2,065	2,643	616	122	29	10	1	1
2018.04	양천구	신월1동	10,153	4,150	2,279	1,825	1,431	360	84	21	2	1	-
2018.04	양천구	신월2동	8,716	2,332	1,995	1,956	1,728	524	131	34	8	5	3
2018.04	양천구	신월3동	8,200	3,753	1,798	1,296	981	288	61	17	3	1	2
2018.04	양천구	신월4동	6,908	1,404	1,552	1,683	1,657	461	118	24	7	2	-
2018.04	양천구	신월5동	6,389	2,021	1,417	1,353	1,202	299	74	20	1	2	-
2018.04	양천구	신월6동	2,610	711	555	558	585	152	35	10	3	1	-
2018.04	양천구	신월7동	9,351	2,783	2,444	2,040	1,633	328	92	21	9	-	1
2018.04	양천구	신정1동	7,262	1,413	1,176	1,663	2,370	515	96	18	8	1	2
2018.04	양천구	신정2동	7,229	1,566	1,222	1,498	2,305	536	79	12	5	3	3
2018.04	양천구	신정3동	18,111	4,239	3,896	4,050	4,413	1,220	231	37	18	4	3
2018.04	양천구	신정6동	8,143	975	1,346	2,203	2,959	530	103	15	9	2	1
2018.04	양천구	신정7동	11,243	2,701	2,395	2,584	2,860	558	98	31	12	3	1
2018.04	양천구	목5동	13,577	1,630	1,991	3,489	5,278	944	175	48	13	7	2
2018.04	양천구	신정4동	15,827	6,260	3,476	2,950	2,348	605	138	36	7	1	6
2018.04	강서구	소계	256,361	93,844	55,857	48,829	44,166	10,712	2,181	547	145	52	28
2018.04	강서구	염창동	14,423	2,996	2,709	3,557	4,127	843	142	36	7	5	1
2018.04	강서구	등촌1동	11,598	5,884	2,084	1,712	1,538	301	51	23	1	4	-
2018.04	강서구	등촌2동	8,492	2,301	1,944	1,883	1,805	410	101	32	11	3	2
2018.04	강서구	등촌3동	14,709	5,098	3,850	2,862	2,302	475	99	16	3	4	-
2018.04	강서구	화곡본동	15,902	6,160	3,588	3,002	2,384	584	123	48	10	2	1
2018.04	강서구	화곡2동	8,232	2,666	1,957	1,717	1,395	406	61	21	7	-	2
2018.04	강서구	화곡3동	9,103	2,889	2,040	1,921	1,648	457	116	22	6	2	2
2018.04	강서구	화곡4동	9,834	3,523	2,339	1,983	1,505	369	85	25	3	1	1
2018.04	강서구	화곡6동	10,905	4,323	2,313	1,980	1,754	413	83	23	8	3	5
2018.04	강서구	화곡8동	11,542	4,104	2,860	2,248	1,781	414	104	26	4	1	-
2018.04	강서구	가양1동	17,847	10,681	2,480	2,076	2,016	472	94	20	5	1	2
2018.04	강서구	가양2동	8,113	3,715	2,149	1,258	742	184	50	7	5	2	1
2018.04	강서구	가양3동	7,735	2,842	2,334	1,501	823	186	39	7	3	-	-
2018.04	강서구	발산1동	13,419	2,437	2,863	3,129	3,781	975	190	33	5	5	1
2018.04	강서구	공항동	12,477	5,197	2,564	2,222	1,885	498	84	22	4	1	-
2018.04	강서구	방화1동	17,312	4,603	3,623	3,670	3,998	1,131	215	56	12	3	1
2018.04	강서구	방화2동	11,454	5,140	2,519	1,798	1,431	423	102	29	6	1	5
2018.04	강서구	방화3동	11,263	4,336	2,765	2,099	1,556	392	86	17	8	4	-
2018.04	강서구	화곡1동	25,524	11,197	5,785	4,427	3,082	793	173	43	16	6	2
2018.04	강서구	우장산동	16,477	3,752	3,091	3,784	4,613	986	183	41	21	4	2
2018.04	구로구	소계	171,852	61,608	37,512	32,816	30,156	7,450	1,747	394	119	30	20
2018.04	구로구	신도림동	13,279	2,737	2,796	3,307	3,454	750	177	42	11	4	1
2018.04	구로구	구로1동	7,800	1,678	1,677	1,868	2,073	408	68	18	8	2	-
2018.04	구로구	구로3동	13,583	7,826	2,152	1,713	1,437	347	72	23	11	1	1
2018.04	구로구	구로4동	10,703	4,816	2,523	1,745	1,244	286	65	13	9	2	-
2018.04	구로구	구로5동	14,280	6,496	2,786	2,355	2,000	456	129	43	13	1	1
2018.04	구로구	고척1동	9,480	2,760	2,081	2,018	2,035	440	116	21	6	3	-
2018.04	구로구	고척2동	11,691	3,588	2,567	2,443	2,358	564	143	22	5	-	1
2018.04	구로구	개봉2동	12,750	3,171	3,098	2,946	2,641	660	180	39	11	1	3
2018.04	구로구	개봉3동	8,648	2,438	2,107	1,964	1,641	393	86	15	3	1	-
2018.04	구로구	오류1동	10,335	4,628	2,278	1,664	1,289	365	83	17	5	2	4
2018.04	구로구	오류2동	16,625	4,358	3,834	3,401	3,641	1,072	237	57	16	5	4
2018.04	구로구	수궁동	9,771	2,599	2,381	2,157	1,939	536	128	24	4	3	-
2018.04	구로구	가리봉동	5,958	3,835	1,043	553	382	117	21	3	2	-	2
2018.04	구로구	구로2동	12,976	6,041	2,908	1,970	1,522	394	100	28	9	3	1
2018.04	구로구	개봉1동	13,973	4,637	3,281	2,712	2,500	662	142	29	6	2	2
2018.04	금천구	소계	106,284	45,058	22,497	18,080	15,561	3,862	934	197	54	22	19
2018.04	금천구	가산동	12,476	8,552	1,689	1,148	819	204	54	6	2	2	-
2018.04	금천구	독산1동	17,334	8,049	3,281	2,697	2,487	619	155	29	9	3	5
2018.04	금천구	독산2동	9,448	3,885	2,148	1,688	1,327	308	75	12	1	2	2
2018.04	금천구	독산3동	12,192	5,413	2,679	2,009	1,588	384	98	14	5	2	-
2018.04	금천구	독산4동	7,647	3,153	1,711	1,350	1,070	267	73	15	5	1	2
2018.04	금천구	시흥1동	15,362	5,993	3,403	2,795	2,417	591	110	41	6	3	3
2018.04	금천구	시흥2동	8,543	1,928	2,009	1,892	2,012	510	139	36	10	3	4
2018.04	금천구	시흥3동	4,746	1,402	1,191	1,013	847	229	45	15	1	2	1
2018.04	금천구	시흥4동	9,167	2,984	2,184	1,836	1,626	407	98	16	11	4	1
2018.04	금천구	시흥5동	9,369	3,699	2,202	1,652	1,368	343	87	13	4	-	1
2018.04	영등포구	소계	169,083	74,067	33,547	28,480	25,228	5,953	1,324	344	82	28	30
2018.04	영등포구	여의동	12,677	3,324	2,798	2,955	2,781	602	155	40	11	5	6
2018.04	영등포구	당산1동	10,181	4,977	2,020	1,556	1,208	308	80	21	6	3	2
2018.04	영등포구	당산2동	16,796	8,103	2,825	2,650	2,497	554	123	31	11	1	1
2018.04	영등포구	양평1동	8,325	3,808	1,764	1,386	1,053	238	54	17	3	2	-
2018.04	영등포구	양평2동	9,846	3,857	1,949	1,792	1,753	387	81	20	4	1	2
2018.04	영등포구	신길1동	9,560	5,429	1,774	1,205	854	229	48	14	5	1	1
2018.04	영등포구	신길3동	7,029	2,739	1,439	1,286	1,187	311	46	16	3	1	1
2018.04	영등포구	신길4동	4,371	1,835	960	760	612	164	29	9	2	-	-
2018.04	영등포구	신길5동	4,753	1,983	1,067	813	653	185	42	7	-	1	2
2018.04	영등포구	신길6동	8,228	3,329	1,747	1,461	1,258	342	67	14	4	2	4
2018.04	영등포구	신길7동	6,548	1,908	1,271	1,356	1,564	356	69	18	5	-	1
2018.04	영등포구	대림1동	6,389	2,856	1,395	1,020	838	207	48	19	3	2	1
2018.04	영등포구	대림2동	6,544	3,181	1,514	927	679	179	44	15	3	2	-
2018.04	영등포구	대림3동	10,628	3,849	2,397	2,002	1,827	411	107	29	3	2	1
2018.04	영등포구	영등포본동	10,162	4,273	2,013	1,794	1,597	388	73	14	6	1	3
2018.04	영등포구	영등포동	15,410	10,805	1,977	1,260	1,068	227	53	12	4	1	3
2018.04	영등포구	도림동	9,345	4,342	2,027	1,496	1,097	289	71	16	5	1	1
2018.04	영등포구	문래동	12,291	3,469	2,610	2,761	2,702	576	134	32	4	2	1
2018.04	동작구	소계	173,769	70,210	35,629	30,812	28,232	6,807	1,521	419	96	24	19
2018.04	동작구	노량진2동	7,147	3,863	1,425	970	682	160	35	7	4	1	-
2018.04	동작구	상도1동	21,038	9,160	3,835	3,684	3,364	775	169	42	7	-	2
2018.04	동작구	상도2동	11,813	4,657	2,417	2,108	2,036	456	111	19	7	1	1
2018.04	동작구	상도3동	11,454	4,540	2,536	2,118	1,657	442	108	40	7	4	2
2018.04	동작구	상도4동	12,832	4,646	2,973	2,462	2,104	523	88	29	3	1	3
2018.04	동작구	사당1동	12,331	6,619	2,502	1,654	1,214	254	64	13	7	3	1
2018.04	동작구	사당3동	9,985	3,234	2,226	2,001	1,900	457	124	33	7	2	1
2018.04	동작구	사당4동	6,709	2,751	1,477	1,174	1,012	243	33	13	6	-	-
2018.04	동작구	사당5동	5,648	2,152	1,184	1,080	957	214	42	13	4	1	1
2018.04	동작구	대방동	16,723	6,311	3,119	2,891	3,378	771	175	58	14	2	4
2018.04	동작구	신대방1동	9,913	3,442	1,926	1,844	2,056	497	113	29	4	1	1
2018.04	동작구	신대방2동	8,921	3,659	1,658	1,518	1,542	414	90	35	5	-	-
2018.04	동작구	흑석동	12,943	5,156	2,592	2,367	2,154	528	112	23	8	3	-
2018.04	동작구	노량진1동	14,544	6,083	2,991	2,535	2,180	588	127	29	6	4	1
2018.04	동작구	사당2동	11,768	3,937	2,768	2,406	1,996	485	130	36	7	1	2
2018.04	관악구	소계	259,081	138,069	47,956	34,565	29,066	7,128	1,662	451	121	35	28
2018.04	관악구	보라매동	11,750	5,112	2,570	1,963	1,610	375	92	20	2	3	3
2018.04	관악구	청림동	6,603	1,953	1,523	1,488	1,276	272	61	20	5	2	3
2018.04	관악구	행운동	16,569	9,815	2,862	1,883	1,518	372	90	21	6	1	1
2018.04	관악구	낙성대동	10,565	7,156	1,491	923	736	185	50	16	6	-	2
2018.04	관악구	중앙동	8,754	5,420	1,494	897	704	187	41	7	1	2	1
2018.04	관악구	인헌동	13,865	7,221	2,628	1,930	1,583	383	86	27	7	-	-
2018.04	관악구	남현동	9,106	4,350	1,818	1,417	1,139	293	51	26	9	-	3
2018.04	관악구	서원동	13,069	7,785	2,414	1,475	1,025	280	70	15	5	-	-
2018.04	관악구	신원동	10,120	5,487	2,163	1,256	937	203	51	15	3	4	1
2018.04	관악구	서림동	14,196	9,016	2,169	1,476	1,123	313	72	22	3	-	2
2018.04	관악구	신사동	12,663	7,295	2,303	1,535	1,157	289	61	18	5	-	-
2018.04	관악구	신림동	15,483	12,226	1,973	720	427	96	33	5	2	1	-
2018.04	관악구	난향동	6,426	1,796	1,455	1,370	1,374	321	79	24	4	1	2
2018.04	관악구	조원동	10,016	5,974	1,780	1,094	896	195	52	18	3	3	1
2018.04	관악구	대학동	15,448	11,237	1,753	1,186	954	238	64	13	2	1	-
2018.04	관악구	은천동	15,357	5,895	3,381	2,754	2,542	583	147	37	12	2	4
2018.04	관악구	성현동	13,007	3,775	2,990	2,666	2,711	669	144	37	10	4	1
2018.04	관악구	청룡동	17,615	12,096	2,454	1,414	1,224	326	75	19	4	2	1
2018.04	관악구	난곡동	12,854	4,817	3,014	2,439	1,968	460	111	32	10	2	1
2018.04	관악구	삼성동	11,569	4,445	2,658	2,046	1,766	491	118	31	11	3	-
2018.04	관악구	미성동	14,046	5,198	3,063	2,633	2,396	597	114	28	11	4	2
2018.04	서초구	소계	174,297	56,637	34,245	34,528	37,002	8,969	2,059	580	168	64	45
2018.04	서초구	서초1동	9,045	3,647	1,692	1,554	1,572	415	115	34	12	4	-
2018.04	서초구	서초2동	7,614	3,188	1,354	1,329	1,354	289	77	15	4	3	1
2018.04	서초구	서초3동	12,705	4,897	2,468	2,275	2,210	605	169	47	18	8	8
2018.04	서초구	서초4동	10,678	2,109	1,874	2,499	3,354	643	130	56	9	3	1
2018.04	서초구	잠원동	13,926	4,578	2,599	2,946	3,073	581	108	24	9	6	2
2018.04	서초구	반포본동	4,242	725	807	986	1,361	287	62	9	3	1	1
2018.04	서초구	반포1동	12,892	6,098	1,952	1,956	2,177	542	115	36	10	5	1
2018.04	서초구	반포2동	7,836	1,172	1,412	1,927	2,514	637	132	28	11	1	2
2018.04	서초구	반포3동	6,447	1,254	1,202	1,606	1,919	376	65	16	4	3	2
2018.04	서초구	반포4동	7,345	1,847	1,505	1,718	1,728	408	90	30	12	5	2
2018.04	서초구	방배본동	7,810	2,081	1,451	1,672	1,965	476	110	37	11	3	4
2018.04	서초구	방배1동	7,450	2,790	1,670	1,387	1,226	273	84	12	4	1	3
2018.04	서초구	방배2동	11,032	3,776	2,511	2,157	1,975	469	91	40	2	6	5
2018.04	서초구	방배3동	8,437	2,330	1,813	1,826	1,878	443	106	27	10	1	3
2018.04	서초구	방배4동	10,341	3,437	2,076	1,974	2,155	530	122	34	9	2	2
2018.04	서초구	양재1동	18,333	5,808	3,883	3,472	3,600	1,185	289	74	14	7	1
2018.04	서초구	양재2동	10,972	4,955	2,264	1,673	1,508	431	92	27	15	3	4
2018.04	서초구	내곡동	7,192	1,945	1,712	1,571	1,433	379	102	34	11	2	3
2018.04	강남구	소계	230,540	87,850	42,376	41,635	45,086	10,389	2,295	615	181	76	37
2018.04	강남구	신사동	7,575	2,954	1,529	1,327	1,324	316	77	23	14	9	2
2018.04	강남구	논현1동	14,121	9,115	2,396	1,310	923	259	79	23	10	4	2
2018.04	강남구	논현2동	11,203	5,790	2,117	1,630	1,238	321	81	18	6	2	-
2018.04	강남구	삼성1동	5,826	1,875	1,168	1,136	1,222	300	92	20	9	4	-
2018.04	강남구	삼성2동	12,891	5,533	2,135	2,206	2,337	510	118	37	9	2	4
2018.04	강남구	대치1동	7,391	569	898	1,884	3,185	681	123	37	9	4	1
2018.04	강남구	대치4동	10,079	5,145	1,643	1,391	1,470	325	87	16	1	1	-
2018.04	강남구	역삼1동	22,619	15,704	3,388	1,807	1,230	350	93	27	15	5	-
2018.04	강남구	역삼2동	14,944	5,802	2,251	2,803	3,258	639	129	38	10	5	9
2018.04	강남구	도곡1동	8,514	2,464	1,493	1,821	2,123	469	102	26	11	4	1
2018.04	강남구	도곡2동	11,967	2,283	2,253	2,961	3,575	718	134	32	6	3	2
2018.04	강남구	개포1동	6,880	2,093	1,555	1,371	1,462	318	55	19	4	3	-
2018.04	강남구	개포4동	7,788	2,965	1,467	1,436	1,459	377	58	17	5	-	4
2018.04	강남구	일원본동	8,299	1,521	1,419	2,012	2,689	531	98	19	6	3	1
2018.04	강남구	일원1동	7,565	2,986	1,731	1,359	1,098	305	67	14	4	1	-
2018.04	강남구	일원2동	6,492	1,972	1,532	1,369	1,302	258	48	9	1	-	1
2018.04	강남구	수서동	7,861	3,088	2,307	1,361	833	197	54	10	8	2	1
2018.04	강남구	세곡동	17,057	5,135	3,495	3,245	3,562	1,203	309	84	15	6	3
2018.04	강남구	압구정동	10,695	2,930	2,311	2,406	2,331	537	124	40	9	4	3
2018.04	강남구	청담동	12,169	4,289	2,345	2,410	2,327	576	151	43	16	9	3
2018.04	강남구	대치2동	13,603	2,454	2,076	3,277	4,645	924	160	54	9	4	-
2018.04	강남구	개포2동	5,001	1,183	867	1,113	1,493	275	56	9	4	1	-
2018.04	송파구	소계	267,094	87,455	53,956	54,123	55,393	12,490	2,761	641	194	48	33
2018.04	송파구	풍납1동	6,889	2,535	1,626	1,307	1,112	233	59	9	5	3	-
2018.04	송파구	풍납2동	10,373	3,684	1,968	2,130	2,039	417	107	23	3	2	-
2018.04	송파구	거여1동	5,288	1,662	1,147	1,068	1,045	281	69	12	3	-	1
2018.04	송파구	거여2동	7,286	2,418	1,727	1,449	1,306	281	80	15	6	1	3
2018.04	송파구	마천1동	9,332	3,558	2,047	1,634	1,511	461	88	29	2	2	-
2018.04	송파구	마천2동	8,552	2,931	2,017	1,639	1,445	375	105	26	10	1	3
2018.04	송파구	방이1동	6,130	1,656	1,182	1,309	1,504	354	95	22	5	1	2
2018.04	송파구	방이2동	12,480	6,226	2,455	1,904	1,447	350	79	17	1	-	1
2018.04	송파구	오륜동	6,024	647	1,007	1,564	2,193	491	83	29	6	3	1
2018.04	송파구	오금동	14,566	3,848	3,120	3,308	3,321	757	158	44	9	-	1
2018.04	송파구	송파1동	12,104	5,373	2,528	2,028	1,628	408	101	24	9	2	3
2018.04	송파구	송파2동	7,286	1,440	1,419	1,744	2,042	496	113	19	9	3	1
2018.04	송파구	석촌동	16,364	7,689	3,351	2,594	2,081	471	137	23	13	4	1
2018.04	송파구	삼전동	16,116	7,753	3,165	2,534	2,081	470	76	28	5	2	2
2018.04	송파구	가락본동	11,522	4,076	2,293	2,269	2,236	524	86	29	5	2	2
2018.04	송파구	가락1동	358	135	53	67	77	22	2	2	-	-	-
2018.04	송파구	가락2동	12,211	2,712	2,334	2,889	3,339	722	166	38	9	1	1
2018.04	송파구	문정1동	8,420	2,566	1,764	1,764	1,784	410	105	13	9	5	-
2018.04	송파구	문정2동	14,513	7,447	2,706	1,924	1,860	429	98	29	15	4	1
2018.04	송파구	장지동	13,396	3,559	3,059	2,998	2,852	727	158	32	10	1	-
2018.04	송파구	위례동	9,101	1,087	1,712	2,326	2,948	825	162	28	9	2	2
2018.04	송파구	잠실본동	14,478	7,226	2,829	2,100	1,780	399	106	30	7	-	1
2018.04	송파구	잠실4동	10,434	1,774	2,105	2,863	2,946	581	131	20	10	4	-
2018.04	송파구	잠실6동	5,901	948	1,264	1,547	1,644	378	81	24	11	2	2
2018.04	송파구	잠실7동	3,504	503	780	887	1,045	221	45	16	5	2	-
2018.04	송파구	잠실2동	12,043	1,903	1,817	3,049	4,388	714	136	25	10	-	1
2018.04	송파구	잠실3동	12,423	2,099	2,481	3,228	3,739	693	135	35	8	1	4
2018.04	강동구	소계	177,587	60,423	37,408	34,986	34,119	8,288	1,783	406	113	33	28
2018.04	강동구	강일동	11,255	2,161	2,436	2,230	3,005	1,163	211	38	8	2	1
2018.04	강동구	상일동	4,144	1,138	868	902	956	208	52	10	7	1	2
2018.04	강동구	명일1동	8,170	2,000	1,593	1,909	2,070	456	111	22	6	2	1
2018.04	강동구	명일2동	5,889	978	1,021	1,297	2,043	438	83	20	6	3	-
2018.04	강동구	고덕1동	9,079	1,508	1,632	2,234	2,906	640	124	22	6	1	6
2018.04	강동구	고덕2동	3,564	1,491	809	610	491	125	24	9	2	1	2
2018.04	강동구	암사2동	5,911	1,812	1,273	1,272	1,245	243	50	11	-	3	2
2018.04	강동구	암사3동	6,277	996	1,215	1,625	1,875	413	104	26	15	4	4
2018.04	강동구	천호1동	12,949	5,008	2,909	2,484	1,926	481	105	26	5	3	2
2018.04	강동구	천호3동	13,353	6,118	2,830	2,184	1,675	409	105	23	6	2	1
2018.04	강동구	성내1동	8,131	2,273	1,806	1,798	1,746	408	71	25	2	2	-
2018.04	강동구	성내2동	12,327	5,726	2,711	1,991	1,456	338	79	18	7	1	-
2018.04	강동구	성내3동	10,222	3,678	2,166	2,025	1,838	419	68	18	7	2	1
2018.04	강동구	둔촌1동	215	151	25	16	16	5	1	1	-	-	-
2018.04	강동구	둔촌2동	11,165	3,334	2,311	2,356	2,473	550	109	24	5	2	1
2018.04	강동구	암사1동	16,315	6,087	3,583	3,143	2,721	597	138	32	11	1	2
2018.04	강동구	천호2동	17,568	8,172	3,793	2,844	2,136	452	136	26	9	-	-
2018.04	강동구	길동	21,053	7,792	4,427	4,066	3,541	943	212	55	11	3	3
2018.05	합계	합계	4,240,628	1,639,095	878,789	773,570	723,819	172,821	38,691	9,738	2,664	832	609
2018.05	종로구	소계	73,811	35,881	13,803	10,858	9,693	2,647	642	199	54	21	13
2018.05	종로구	사직동	4,466	2,121	863	668	597	150	33	23	6	2	3
2018.05	종로구	삼청동	1,417	739	253	195	150	56	18	6	-	-	-
2018.05	종로구	부암동	4,289	1,607	916	747	733	200	52	23	6	3	2
2018.05	종로구	평창동	7,603	2,486	1,638	1,463	1,443	427	102	26	8	8	2
2018.05	종로구	무악동	3,021	724	644	672	753	180	33	10	3	1	1
2018.05	종로구	교남동	4,510	1,583	1,081	850	780	163	37	12	4	-	-
2018.05	종로구	가회동	2,078	930	433	325	274	81	24	7	3	-	1
2018.05	종로구	종로1.2.3.4가동	5,365	4,214	544	299	227	54	17	7	3	-	-
2018.05	종로구	종로5·6가동	3,199	2,100	478	313	226	64	13	2	2	1	-
2018.05	종로구	이화동	4,489	2,628	774	530	408	116	21	11	-	1	-
2018.05	종로구	창신1동	3,036	1,782	551	366	243	77	14	3	-	-	-
2018.05	종로구	창신2동	4,255	1,960	856	662	552	170	40	12	1	2	-
2018.05	종로구	창신3동	2,880	844	663	640	507	182	34	7	3	-	-
2018.05	종로구	숭인1동	3,003	1,322	657	472	394	119	30	7	2	-	-
2018.05	종로구	숭인2동	5,655	3,610	905	560	444	99	27	6	3	1	-
2018.05	종로구	청운효자동	5,416	1,930	1,119	1,009	998	253	82	19	4	2	-
2018.05	종로구	혜화동	9,129	5,301	1,428	1,087	964	256	65	18	6	-	4
2018.05	중구	소계	61,069	29,259	12,556	9,325	7,428	1,847	478	108	36	12	20
2018.05	중구	소공동	1,076	601	196	151	101	17	6	2	-	-	2
2018.05	중구	회현동	3,278	2,243	435	294	225	60	13	5	2	1	-
2018.05	중구	명동	1,426	938	209	142	98	27	7	2	-	-	3
2018.05	중구	필동	2,274	1,398	383	242	178	54	12	4	2	-	1
2018.05	중구	장충동	2,656	1,603	450	278	220	76	22	3	1	-	3
2018.05	중구	광희동	2,929	1,827	521	290	210	52	22	5	1	-	1
2018.05	중구	을지로동	1,170	915	132	70	35	14	2	2	-	-	-
2018.05	중구	신당5동	4,435	2,040	922	699	580	143	36	10	3	2	-
2018.05	중구	황학동	6,393	3,336	1,326	883	641	157	41	6	2	1	-
2018.05	중구	중림동	5,670	2,416	1,204	1,009	811	163	52	9	5	1	-
2018.05	중구	신당동	4,415	2,630	794	509	357	91	27	5	-	2	-
2018.05	중구	다산동	6,870	2,958	1,597	1,118	908	219	49	13	4	1	3
2018.05	중구	약수동	7,812	2,743	1,988	1,569	1,140	284	68	12	5	-	3
2018.05	중구	청구동	6,470	2,439	1,521	1,195	990	254	50	10	6	2	3
2018.05	중구	동화동	4,195	1,172	878	876	934	236	71	20	5	2	1
2018.05	용산구	소계	108,552	50,184	21,990	17,081	14,332	3,688	917	238	71	28	23
2018.05	용산구	후암동	8,567	3,929	1,687	1,396	1,149	305	73	19	3	2	4
2018.05	용산구	용산2가동	5,550	2,782	1,214	790	567	153	33	10	1	-	-
2018.05	용산구	남영동	5,448	4,169	598	333	247	75	17	5	-	1	3
2018.05	용산구	원효로2동	6,019	1,957	1,292	1,200	1,156	303	75	19	10	5	2
2018.05	용산구	효창동	3,811	1,357	853	664	660	202	55	14	4	1	1
2018.05	용산구	용문동	5,338	1,849	1,223	1,049	917	225	56	14	3	1	1
2018.05	용산구	이촌1동	10,106	2,203	2,169	2,583	2,426	525	144	36	14	3	3
2018.05	용산구	이촌2동	3,856	1,249	1,007	802	588	158	38	9	5	-	-
2018.05	용산구	이태원1동	3,883	2,254	711	450	318	113	30	5	2	-	-
2018.05	용산구	이태원2동	4,907	2,576	1,003	674	473	127	43	6	4	-	1
2018.05	용산구	서빙고동	5,334	1,685	1,100	965	1,168	329	62	20	4	-	1
2018.05	용산구	보광동	7,806	3,974	1,669	1,095	808	200	44	14	2	-	-
2018.05	용산구	청파동	10,584	5,923	1,944	1,276	1,057	271	83	19	7	1	3
2018.05	용산구	원효로1동	7,114	3,184	1,510	1,194	944	217	45	10	4	6	-
2018.05	용산구	한강로동	9,318	5,199	1,738	1,208	888	215	50	16	2	1	1
2018.05	용산구	한남동	10,911	5,894	2,272	1,402	966	270	69	22	6	7	3
2018.05	성동구	소계	135,399	53,475	28,843	24,746	21,767	4,919	1,199	320	92	24	14
2018.05	성동구	왕십리2동	7,672	2,904	1,638	1,456	1,265	285	99	16	3	3	3
2018.05	성동구	마장동	10,545	4,372	2,190	1,799	1,624	420	100	23	10	5	2
2018.05	성동구	사근동	6,914	4,686	902	606	533	138	31	14	2	2	-
2018.05	성동구	행당1동	6,303	2,697	1,273	1,092	931	224	59	18	6	2	1
2018.05	성동구	행당2동	9,458	2,283	2,196	2,236	2,161	435	95	39	9	2	2
2018.05	성동구	응봉동	6,257	1,652	1,371	1,394	1,414	327	70	19	9	-	1
2018.05	성동구	금호1가동	6,336	1,973	1,513	1,314	1,188	255	72	17	3	1	-
2018.05	성동구	금호4가동	6,422	2,160	1,531	1,393	1,042	235	46	12	2	1	-
2018.05	성동구	성수1가1동	7,648	3,027	1,618	1,335	1,312	271	66	14	3	1	1
2018.05	성동구	성수1가2동	7,297	3,215	1,516	1,211	1,056	235	49	8	5	1	1
2018.05	성동구	성수2가1동	8,608	4,041	1,740	1,350	1,153	241	62	17	4	-	-
2018.05	성동구	성수2가3동	5,648	2,780	1,073	810	727	187	56	10	4	1	-
2018.05	성동구	송정동	5,468	2,602	1,096	831	702	186	37	12	1	1	-
2018.05	성동구	용답동	8,106	4,389	1,529	1,015	906	203	53	9	1	-	1
2018.05	성동구	왕십리도선동	11,494	4,115	2,428	2,268	2,096	449	104	28	5	-	1
2018.05	성동구	금호2.3가동	10,253	3,455	2,477	2,109	1,688	395	83	29	14	2	1
2018.05	성동구	옥수동	10,970	3,124	2,752	2,527	1,969	433	117	35	11	2	-
2018.05	광진구	소계	161,369	69,195	32,148	27,319	25,264	5,673	1,298	334	92	28	18
2018.05	광진구	화양동	15,165	11,573	1,919	846	650	127	38	10	2	-	-
2018.05	광진구	군자동	10,352	5,476	1,971	1,404	1,149	265	59	19	4	3	2
2018.05	광진구	중곡1동	7,720	3,504	1,792	1,238	917	208	39	16	5	1	-
2018.05	광진구	중곡2동	10,229	4,210	2,237	1,841	1,527	311	79	16	4	2	2
2018.05	광진구	중곡3동	8,399	3,710	1,907	1,393	1,058	266	52	10	2	1	-
2018.05	광진구	중곡4동	13,175	4,660	2,939	2,622	2,234	541	135	36	3	2	3
2018.05	광진구	능동	6,115	3,309	1,255	780	552	142	65	10	2	-	-
2018.05	광진구	구의1동	11,518	5,848	2,338	1,668	1,251	306	87	14	4	2	-
2018.05	광진구	구의2동	10,673	3,746	2,320	2,122	1,857	478	101	30	14	2	3
2018.05	광진구	구의3동	12,124	3,919	2,456	2,512	2,538	548	106	28	11	5	1
2018.05	광진구	광장동	11,950	2,095	1,787	2,956	4,130	763	161	34	20	3	1
2018.05	광진구	자양1동	11,350	5,356	2,388	1,677	1,485	339	81	18	2	2	2
2018.05	광진구	자양2동	11,254	3,803	2,434	2,305	2,068	480	118	35	6	3	2
2018.05	광진구	자양3동	11,060	2,732	2,309	2,504	2,728	607	122	44	10	2	2
2018.05	광진구	자양4동	10,285	5,254	2,096	1,451	1,120	292	55	14	3	-	-
2018.05	동대문구	소계	160,478	71,298	31,922	26,249	23,094	5,971	1,462	348	93	26	15
2018.05	동대문구	회기동	5,851	3,664	861	603	544	140	32	3	4	-	-
2018.05	동대문구	휘경1동	6,851	3,806	1,215	854	729	178	52	12	3	2	-
2018.05	동대문구	휘경2동	11,077	4,853	2,011	1,859	1,769	455	95	23	8	2	2
2018.05	동대문구	청량리동	10,545	4,819	2,277	1,651	1,304	377	92	18	4	2	1
2018.05	동대문구	용신동	16,302	9,147	2,989	1,972	1,615	435	104	33	6	-	1
2018.05	동대문구	제기동	12,705	6,510	2,503	1,726	1,419	403	114	21	6	2	1
2018.05	동대문구	전농1동	14,024	6,619	2,744	2,211	1,857	447	104	32	4	5	1
2018.05	동대문구	전농2동	7,648	2,015	1,769	1,733	1,564	412	117	33	2	1	2
2018.05	동대문구	답십리1동	10,676	4,181	2,119	1,972	1,762	489	108	33	10	1	1
2018.05	동대문구	답십리2동	12,055	3,959	2,808	2,388	2,188	535	130	37	7	3	-
2018.05	동대문구	장안1동	17,121	6,859	3,566	3,109	2,659	706	163	44	11	3	1
2018.05	동대문구	장안2동	12,534	4,116	2,583	2,634	2,442	579	144	21	11	2	2
2018.05	동대문구	이문1동	14,379	7,993	2,554	1,825	1,496	376	107	16	7	3	2
2018.05	동대문구	이문2동	8,710	2,757	1,923	1,712	1,746	439	100	22	10	-	1
2018.05	중랑구	소계	179,768	70,593	39,847	32,883	27,892	6,695	1,386	348	92	18	14
2018.05	중랑구	면목2동	12,195	5,208	2,683	2,074	1,699	423	84	17	7	-	-
2018.05	중랑구	면목4동	9,508	3,939	2,111	1,694	1,367	306	66	21	4	-	-
2018.05	중랑구	면목5동	4,651	1,889	1,096	815	655	156	29	10	1	-	-
2018.05	중랑구	면목7동	10,096	4,121	2,288	1,799	1,450	349	61	22	4	2	-
2018.05	중랑구	상봉1동	10,114	2,930	2,250	2,209	2,171	443	85	20	4	2	-
2018.05	중랑구	상봉2동	9,897	5,352	1,986	1,331	965	196	47	12	6	2	-
2018.05	중랑구	중화1동	8,759	2,962	2,066	1,759	1,507	367	70	20	6	1	1
2018.05	중랑구	중화2동	14,264	7,064	3,090	2,150	1,493	369	75	16	4	2	1
2018.05	중랑구	묵1동	14,399	4,450	3,123	3,071	2,862	684	159	34	13	1	2
2018.05	중랑구	묵2동	9,142	3,658	2,090	1,703	1,284	314	72	15	2	2	2
2018.05	중랑구	망우3동	8,477	3,534	1,952	1,526	1,137	246	58	20	2	2	-
2018.05	중랑구	신내1동	14,524	3,171	3,135	3,161	3,653	1,128	212	44	16	2	2
2018.05	중랑구	신내2동	9,001	2,548	2,173	2,014	1,789	361	84	20	9	1	2
2018.05	중랑구	면목본동	17,444	7,991	3,862	2,850	2,141	475	90	27	6	-	2
2018.05	중랑구	면목3.8동	12,620	5,428	2,822	2,176	1,687	380	98	26	3	-	-
2018.05	중랑구	망우본동	14,677	6,348	3,120	2,551	2,032	498	96	24	5	1	2
2018.05	성북구	소계	186,915	69,969	38,422	35,046	32,873	7,977	1,906	530	123	28	41
2018.05	성북구	돈암1동	6,389	1,756	1,486	1,409	1,322	314	78	20	2	-	2
2018.05	성북구	돈암2동	8,519	1,506	1,728	2,149	2,363	567	138	49	14	2	3
2018.05	성북구	안암동	8,705	5,396	1,378	917	777	186	36	9	3	2	1
2018.05	성북구	보문동	7,984	3,635	1,592	1,312	1,145	239	48	9	2	-	2
2018.05	성북구	정릉1동	7,019	1,995	1,480	1,594	1,460	369	88	26	4	1	2
2018.05	성북구	정릉2동	9,638	2,907	2,220	2,053	1,864	444	109	33	4	2	2
2018.05	성북구	정릉3동	7,560	3,658	1,470	1,166	935	253	54	14	5	2	3
2018.05	성북구	정릉4동	11,056	3,561	2,480	2,382	2,000	471	122	30	9	1	-
2018.05	성북구	길음1동	13,000	2,568	2,400	3,183	3,842	758	191	43	7	2	6
2018.05	성북구	길음2동	5,006	1,924	967	882	935	226	53	15	4	-	-
2018.05	성북구	월곡1동	10,756	3,074	2,331	2,265	2,350	557	133	36	8	1	1
2018.05	성북구	월곡2동	8,798	3,575	1,757	1,540	1,403	377	110	23	8	2	3
2018.05	성북구	장위1동	8,924	3,188	2,067	1,697	1,475	376	81	30	6	2	2
2018.05	성북구	장위2동	7,519	2,817	1,775	1,418	1,085	314	79	24	5	2	-
2018.05	성북구	장위3동	4,905	1,721	1,052	919	913	229	51	18	2	-	-
2018.05	성북구	성북동	7,984	3,578	1,693	1,213	1,040	327	86	30	10	1	6
2018.05	성북구	삼선동	12,575	5,916	2,423	1,911	1,766	426	101	22	7	3	-
2018.05	성북구	동선동	8,873	5,415	1,446	979	753	202	51	17	7	-	3
2018.05	성북구	종암동	16,993	6,061	3,414	3,283	3,202	796	170	52	8	4	3
2018.05	성북구	석관동	14,712	5,718	3,263	2,774	2,243	546	127	30	8	1	2
2018.05	강북구	소계	143,152	56,036	32,646	26,121	21,331	5,423	1,192	270	84	25	24
2018.05	강북구	번1동	10,033	5,102	2,108	1,453	1,052	241	64	9	4	-	-
2018.05	강북구	번2동	7,517	2,466	2,043	1,533	1,096	283	76	11	6	1	2
2018.05	강북구	번3동	7,618	2,073	2,075	1,656	1,323	367	94	23	5	1	1
2018.05	강북구	수유1동	10,226	4,422	2,245	1,757	1,329	367	79	15	8	1	3
2018.05	강북구	수유2동	9,531	3,207	2,387	1,900	1,533	384	88	22	7	1	2
2018.05	강북구	수유3동	12,208	6,169	2,542	1,867	1,250	298	62	12	2	3	3
2018.05	강북구	삼양동	12,472	4,784	2,852	2,341	1,872	496	93	18	11	4	1
2018.05	강북구	미아동	11,110	5,266	2,393	1,718	1,308	337	61	17	6	3	1
2018.05	강북구	송중동	13,078	5,337	2,825	2,299	1,931	523	117	36	4	3	3
2018.05	강북구	송천동	13,771	6,046	3,074	2,261	1,821	447	94	18	8	-	2
2018.05	강북구	삼각산동	11,893	2,541	2,362	2,744	3,336	733	128	39	7	2	1
2018.05	강북구	우이동	9,426	3,406	2,289	1,835	1,392	378	94	19	6	4	3
2018.05	강북구	인수동	14,269	5,217	3,451	2,757	2,088	569	142	31	10	2	2
2018.05	도봉구	소계	137,543	41,824	32,165	29,162	26,110	6,350	1,419	364	98	36	15
2018.05	도봉구	쌍문1동	9,115	2,922	2,194	1,881	1,565	418	101	26	5	1	2
2018.05	도봉구	쌍문2동	8,566	2,851	2,113	1,784	1,371	326	95	20	2	1	3
2018.05	도봉구	쌍문3동	7,606	2,880	1,797	1,423	1,142	287	58	16	2	-	1
2018.05	도봉구	쌍문4동	7,182	1,480	1,475	1,729	1,960	443	72	17	5	1	-
2018.05	도봉구	방학1동	12,655	4,360	2,887	2,473	2,158	600	118	44	9	4	2
2018.05	도봉구	방학2동	9,577	3,535	2,309	1,854	1,421	345	86	23	4	-	-
2018.05	도봉구	방학3동	10,157	1,706	2,234	2,613	2,728	676	143	33	19	5	-
2018.05	도봉구	창1동	10,903	3,354	2,483	2,347	2,151	449	92	22	3	1	1
2018.05	도봉구	창2동	12,359	3,484	2,948	2,764	2,378	576	151	39	12	7	-
2018.05	도봉구	창3동	6,647	2,440	1,614	1,254	1,017	250	55	14	1	2	-
2018.05	도봉구	창4동	10,564	2,620	2,188	2,342	2,661	591	121	26	13	2	-
2018.05	도봉구	창5동	9,887	2,468	2,229	2,332	2,192	512	107	30	12	5	-
2018.05	도봉구	도봉1동	10,293	3,920	2,665	1,846	1,347	390	82	24	8	6	5
2018.05	도봉구	도봉2동	12,032	3,804	3,029	2,520	2,019	487	138	30	3	1	1
2018.05	노원구	소계	217,797	66,138	47,019	45,147	46,762	10,146	1,961	429	134	35	26
2018.05	노원구	월계1동	10,437	4,220	2,127	1,786	1,742	458	82	18	4	-	-
2018.05	노원구	월계2동	11,274	3,622	2,891	2,240	1,924	466	103	22	5	-	1
2018.05	노원구	월계3동	13,017	3,485	3,399	2,961	2,484	522	122	30	10	3	1
2018.05	노원구	공릉2동	16,061	5,058	2,958	3,242	3,790	776	183	35	10	9	-
2018.05	노원구	하계1동	12,438	4,680	2,286	2,240	2,559	535	98	16	17	2	5
2018.05	노원구	하계2동	8,351	1,551	1,710	2,042	2,406	543	79	15	4	1	-
2018.05	노원구	중계본동	9,236	2,123	1,372	1,944	2,916	704	135	31	9	1	1
2018.05	노원구	중계1동	9,142	1,396	1,278	2,250	3,452	637	102	17	8	2	-
2018.05	노원구	중계4동	8,434	2,329	1,944	1,689	1,945	423	76	19	6	1	2
2018.05	노원구	상계1동	15,664	4,257	3,493	3,352	3,421	890	196	33	11	4	7
2018.05	노원구	상계2동	8,734	2,994	1,675	1,648	1,897	406	84	18	8	3	1
2018.05	노원구	상계5동	11,155	3,822	2,602	2,195	1,955	454	85	30	9	1	2
2018.05	노원구	상계8동	9,313	2,109	2,164	2,360	2,207	415	48	9	1	-	-
2018.05	노원구	상계9동	8,521	1,975	2,045	2,035	2,020	364	63	18	1	-	-
2018.05	노원구	상계10동	6,677	1,686	1,619	1,637	1,428	230	53	17	3	2	2
2018.05	노원구	상계3.4동	11,896	4,553	2,771	2,096	1,828	502	112	22	10	2	-
2018.05	노원구	상계6.7동	14,032	4,015	3,134	3,126	3,067	570	88	24	5	1	2
2018.05	노원구	중계2.3동	15,499	4,593	3,876	3,262	2,986	637	114	21	6	2	2
2018.05	노원구	공릉1동	17,916	7,670	3,675	3,042	2,735	614	138	34	7	1	-
2018.05	은평구	소계	203,542	71,664	45,812	39,586	34,751	8,952	2,058	521	137	33	28
2018.05	은평구	녹번동	14,744	5,960	3,299	2,660	2,143	520	119	36	5	1	1
2018.05	은평구	불광1동	17,708	6,109	4,116	3,685	2,891	697	147	50	11	2	-
2018.05	은평구	갈현1동	11,110	4,257	2,626	2,075	1,613	425	89	17	4	4	-
2018.05	은평구	갈현2동	12,473	3,936	2,886	2,684	2,241	560	122	30	11	1	2
2018.05	은평구	구산동	12,677	3,579	2,960	2,774	2,502	645	154	37	16	2	8
2018.05	은평구	대조동	15,721	7,235	3,418	2,503	1,937	468	118	36	4	2	-
2018.05	은평구	응암1동	11,221	4,436	2,417	1,997	1,784	450	97	22	9	4	5
2018.05	은평구	응암2동	8,447	2,459	1,876	1,887	1,699	393	101	24	5	2	1
2018.05	은평구	신사1동	11,270	3,429	2,650	2,449	2,082	505	107	33	9	4	2
2018.05	은평구	신사2동	9,043	2,918	2,112	1,820	1,660	407	98	21	5	1	1
2018.05	은평구	증산동	6,938	2,384	1,641	1,287	1,208	324	67	22	5	-	-
2018.05	은평구	수색동	5,350	1,940	1,272	990	865	213	53	13	3	1	-
2018.05	은평구	진관동	20,004	5,040	3,761	4,025	5,115	1,589	379	71	17	3	4
2018.05	은평구	불광2동	13,637	5,519	3,244	2,432	1,833	469	99	27	11	2	1
2018.05	은평구	응암3동	12,429	5,506	2,806	2,033	1,569	388	94	23	6	2	2
2018.05	은평구	역촌동	20,770	6,957	4,728	4,285	3,609	899	214	59	16	2	1
2018.05	서대문구	소계	137,759	55,929	28,675	24,290	21,814	5,289	1,294	341	86	23	18
2018.05	서대문구	천연동	8,341	3,317	1,688	1,549	1,400	306	61	16	2	1	1
2018.05	서대문구	홍제1동	9,548	3,162	2,257	1,874	1,685	399	126	28	9	4	4
2018.05	서대문구	홍제3동	7,120	2,574	1,637	1,359	1,158	289	77	17	8	-	1
2018.05	서대문구	홍제2동	5,835	1,633	1,430	1,263	1,166	261	58	15	5	1	3
2018.05	서대문구	홍은1동	9,777	3,239	2,148	1,946	1,825	476	104	26	9	-	4
2018.05	서대문구	홍은2동	12,550	4,683	2,802	2,312	2,064	504	128	40	13	4	-
2018.05	서대문구	남가좌1동	6,084	1,426	1,162	1,499	1,489	381	94	28	4	1	-
2018.05	서대문구	남가좌2동	10,124	4,196	2,190	1,715	1,524	387	86	16	6	2	2
2018.05	서대문구	북가좌1동	7,026	1,497	1,580	1,702	1,718	397	100	25	5	2	-
2018.05	서대문구	북가좌2동	14,724	5,257	3,449	2,846	2,445	557	128	39	3	-	-
2018.05	서대문구	충현동	8,795	4,301	1,684	1,262	1,148	297	79	20	3	1	-
2018.05	서대문구	북아현동	7,552	2,789	1,687	1,477	1,290	242	53	11	-	3	-
2018.05	서대문구	신촌동	11,754	8,513	1,465	847	678	170	56	17	6	-	2
2018.05	서대문구	연희동	18,529	9,342	3,496	2,639	2,224	623	144	43	13	4	1
2018.05	마포구	소계	170,526	73,237	35,024	28,687	25,698	6,090	1,297	343	90	36	24
2018.05	마포구	용강동	9,104	3,101	1,924	1,878	1,719	376	81	15	8	2	-
2018.05	마포구	대흥동	7,211	4,687	1,184	658	525	119	25	9	1	-	3
2018.05	마포구	염리동	4,977	2,354	1,021	752	629	169	38	7	6	-	1
2018.05	마포구	신수동	9,165	3,485	1,854	1,752	1,609	352	75	31	7	-	-
2018.05	마포구	서교동	13,908	8,317	2,457	1,533	1,196	305	65	20	11	4	-
2018.05	마포구	합정동	9,613	4,842	2,125	1,295	1,026	233	65	13	4	2	8
2018.05	마포구	망원1동	10,249	4,744	2,266	1,509	1,287	352	64	19	5	2	1
2018.05	마포구	망원2동	8,186	2,794	1,873	1,537	1,537	349	73	16	3	4	-
2018.05	마포구	연남동	8,778	4,698	1,835	1,118	827	219	56	17	4	1	3
2018.05	마포구	성산1동	9,285	4,023	1,977	1,569	1,256	351	72	28	5	3	1
2018.05	마포구	성산2동	17,607	6,726	3,668	3,234	3,078	724	133	33	7	3	1
2018.05	마포구	상암동	12,577	3,801	2,399	2,511	2,817	827	162	45	10	4	1
2018.05	마포구	도화동	9,624	3,530	2,049	1,826	1,688	396	100	24	4	5	2
2018.05	마포구	서강동	11,531	5,061	2,211	1,970	1,794	401	72	16	4	1	1
2018.05	마포구	공덕동	18,403	7,857	3,908	3,210	2,710	544	139	26	7	2	-
2018.05	마포구	아현동	10,308	3,217	2,273	2,335	2,000	373	77	24	4	3	2
2018.05	양천구	소계	176,350	47,705	35,998	38,530	41,930	9,527	1,980	470	132	44	34
2018.05	양천구	목1동	10,535	1,587	1,671	2,796	3,580	692	149	44	8	4	4
2018.05	양천구	목2동	12,822	4,182	2,752	2,631	2,499	612	110	24	7	1	4
2018.05	양천구	목3동	9,319	3,253	2,101	1,905	1,596	340	82	31	6	4	1
2018.05	양천구	목4동	10,050	2,707	1,870	2,067	2,633	615	118	26	11	2	1
2018.05	양천구	신월1동	10,135	4,129	2,296	1,818	1,427	354	86	23	1	1	-
2018.05	양천구	신월2동	8,705	2,351	1,983	1,943	1,729	518	131	33	10	4	3
2018.05	양천구	신월3동	8,232	3,815	1,787	1,289	968	288	64	16	2	1	2
2018.05	양천구	신월4동	6,917	1,405	1,564	1,674	1,653	469	119	25	6	2	-
2018.05	양천구	신월5동	6,379	2,030	1,416	1,342	1,201	292	77	18	1	2	-
2018.05	양천구	신월6동	2,604	698	562	560	588	149	35	8	3	1	-
2018.05	양천구	신월7동	9,352	2,789	2,446	2,047	1,620	330	87	24	8	-	1
2018.05	양천구	신정1동	7,253	1,404	1,197	1,654	2,357	519	92	19	8	1	2
2018.05	양천구	신정2동	7,211	1,554	1,220	1,514	2,295	526	82	9	5	3	3
2018.05	양천구	신정3동	18,062	4,237	3,868	4,046	4,401	1,214	231	42	15	5	3
2018.05	양천구	신정6동	8,161	983	1,363	2,217	2,943	529	103	12	8	2	1
2018.05	양천구	신정7동	11,241	2,693	2,411	2,586	2,855	550	98	31	13	3	1
2018.05	양천구	목5동	13,558	1,616	2,003	3,510	5,247	937	177	45	14	7	2
2018.05	양천구	신정4동	15,814	6,272	3,488	2,931	2,338	593	139	40	6	1	6
2018.05	강서구	소계	256,524	94,110	56,007	48,807	44,017	10,631	2,183	551	140	53	25
2018.05	강서구	염창동	14,472	3,034	2,728	3,556	4,131	832	142	37	8	3	1
2018.05	강서구	등촌1동	11,591	5,890	2,074	1,717	1,530	305	50	20	1	4	-
2018.05	강서구	등촌2동	8,530	2,328	1,963	1,888	1,796	406	98	36	10	4	1
2018.05	강서구	등촌3동	14,689	5,087	3,856	2,863	2,283	479	98	16	3	4	-
2018.05	강서구	화곡본동	15,899	6,195	3,590	2,992	2,352	579	128	48	11	3	1
2018.05	강서구	화곡2동	8,238	2,668	1,964	1,707	1,404	405	59	22	7	-	2
2018.05	강서구	화곡3동	9,117	2,907	2,050	1,914	1,647	449	119	23	4	2	2
2018.05	강서구	화곡4동	9,827	3,510	2,357	1,973	1,516	359	82	26	3	1	-
2018.05	강서구	화곡6동	10,917	4,340	2,311	1,991	1,741	414	85	20	8	2	5
2018.05	강서구	화곡8동	11,562	4,105	2,905	2,234	1,777	409	103	24	4	1	-
2018.05	강서구	가양1동	17,910	10,756	2,484	2,068	2,007	477	90	19	5	2	2
2018.05	강서구	가양2동	8,120	3,725	2,159	1,257	730	185	48	8	5	2	1
2018.05	강서구	가양3동	7,729	2,858	2,348	1,474	813	189	37	7	3	-	-
2018.05	강서구	발산1동	13,384	2,433	2,845	3,129	3,775	970	187	34	5	5	1
2018.05	강서구	공항동	12,513	5,237	2,576	2,221	1,879	491	82	22	4	1	-
2018.05	강서구	방화1동	17,303	4,600	3,624	3,664	4,013	1,111	219	56	11	3	2
2018.05	강서구	방화2동	11,440	5,126	2,518	1,814	1,418	420	104	29	6	1	4
2018.05	강서구	방화3동	11,260	4,347	2,750	2,117	1,533	391	94	17	7	4	-
2018.05	강서구	화곡1동	25,539	11,213	5,789	4,439	3,072	786	172	45	15	7	1
2018.05	강서구	우장산동	16,484	3,751	3,116	3,789	4,600	974	186	42	20	4	2
2018.05	구로구	소계	171,848	61,631	37,630	32,775	30,130	7,378	1,741	393	117	32	21
2018.05	구로구	신도림동	13,281	2,736	2,802	3,324	3,445	745	176	39	9	4	1
2018.05	구로구	구로1동	7,814	1,672	1,691	1,877	2,080	401	66	16	10	1	-
2018.05	구로구	구로3동	13,582	7,823	2,170	1,696	1,441	343	73	23	11	1	1
2018.05	구로구	구로4동	10,692	4,825	2,513	1,743	1,232	289	68	11	9	2	-
2018.05	구로구	구로5동	14,280	6,490	2,800	2,345	2,000	458	128	43	14	1	1
2018.05	구로구	고척1동	9,471	2,746	2,089	2,011	2,044	436	117	20	6	2	-
2018.05	구로구	고척2동	11,686	3,606	2,573	2,442	2,338	554	143	23	6	-	1
2018.05	구로구	개봉2동	12,740	3,172	3,081	2,953	2,648	656	178	39	8	2	3
2018.05	구로구	개봉3동	8,662	2,444	2,119	1,960	1,645	389	87	14	3	1	-
2018.05	구로구	오류1동	10,392	4,680	2,301	1,652	1,285	364	81	18	5	2	4
2018.05	구로구	오류2동	16,608	4,341	3,856	3,387	3,643	1,058	237	59	16	6	5
2018.05	구로구	수궁동	9,803	2,608	2,401	2,150	1,956	533	123	25	3	4	-
2018.05	구로구	가리봉동	5,946	3,830	1,048	548	377	115	20	4	2	-	2
2018.05	구로구	구로2동	12,912	6,011	2,904	1,955	1,514	386	99	30	8	4	1
2018.05	구로구	개봉1동	13,979	4,647	3,282	2,732	2,482	651	145	29	7	2	2
2018.05	금천구	소계	106,325	45,170	22,527	18,049	15,503	3,855	929	199	53	21	19
2018.05	금천구	가산동	12,516	8,594	1,687	1,145	825	200	56	6	1	2	-
2018.05	금천구	독산1동	17,325	8,048	3,285	2,699	2,468	621	159	27	10	3	5
2018.05	금천구	독산2동	9,424	3,893	2,149	1,666	1,327	297	75	12	2	1	2
2018.05	금천구	독산3동	12,204	5,416	2,685	2,012	1,588	386	96	14	5	2	-
2018.05	금천구	독산4동	7,682	3,197	1,712	1,352	1,058	272	65	17	6	1	2
2018.05	금천구	시흥1동	15,336	5,965	3,422	2,781	2,418	591	106	42	5	3	3
2018.05	금천구	시흥2동	8,549	1,949	2,002	1,892	2,004	511	138	37	9	3	4
2018.05	금천구	시흥3동	4,733	1,395	1,193	1,012	841	228	46	14	1	2	1
2018.05	금천구	시흥4동	9,166	2,996	2,170	1,835	1,624	407	102	17	10	4	1
2018.05	금천구	시흥5동	9,390	3,717	2,222	1,655	1,350	342	86	13	4	-	1
2018.05	영등포구	소계	169,220	74,155	33,682	28,439	25,195	5,950	1,315	339	88	27	30
2018.05	영등포구	여의동	12,708	3,341	2,808	2,952	2,785	597	155	44	15	5	6
2018.05	영등포구	당산1동	10,189	4,972	2,028	1,561	1,216	300	78	23	6	3	2
2018.05	영등포구	당산2동	16,841	8,123	2,844	2,646	2,503	557	125	30	11	1	1
2018.05	영등포구	양평1동	8,342	3,805	1,792	1,391	1,048	231	52	17	4	2	-
2018.05	영등포구	양평2동	9,855	3,849	1,967	1,796	1,745	391	81	19	4	1	2
2018.05	영등포구	신길1동	9,550	5,425	1,790	1,184	858	227	46	14	4	1	1
2018.05	영등포구	신길3동	7,019	2,742	1,443	1,280	1,172	314	47	16	3	1	1
2018.05	영등포구	신길4동	4,362	1,828	965	754	609	167	30	6	3	-	-
2018.05	영등포구	신길5동	4,689	1,958	1,039	810	647	184	42	6	-	1	2
2018.05	영등포구	신길6동	8,219	3,306	1,766	1,465	1,247	344	65	15	5	2	4
2018.05	영등포구	신길7동	6,553	1,919	1,282	1,339	1,561	356	70	19	6	-	1
2018.05	영등포구	대림1동	6,395	2,876	1,390	1,029	825	205	47	17	3	2	1
2018.05	영등포구	대림2동	6,516	3,174	1,509	924	671	178	42	13	3	2	-
2018.05	영등포구	대림3동	10,640	3,865	2,395	2,001	1,828	413	102	30	3	2	1
2018.05	영등포구	영등포본동	10,151	4,281	2,000	1,799	1,591	384	72	13	7	1	3
2018.05	영등포구	영등포동	15,528	10,881	2,019	1,252	1,067	235	56	11	4	-	3
2018.05	영등포구	도림동	9,341	4,336	2,041	1,474	1,112	285	72	15	4	1	1
2018.05	영등포구	문래동	12,322	3,474	2,604	2,782	2,710	582	133	31	3	2	1
2018.05	동작구	소계	174,082	70,453	35,706	30,816	28,260	6,775	1,525	408	95	24	20
2018.05	동작구	노량진2동	7,119	3,853	1,414	973	675	157	35	7	4	1	-
2018.05	동작구	상도1동	20,995	9,138	3,856	3,663	3,348	764	174	43	7	-	2
2018.05	동작구	상도2동	11,816	4,672	2,418	2,103	2,028	459	111	17	6	1	1
2018.05	동작구	상도3동	11,485	4,573	2,549	2,105	1,667	432	107	39	7	4	2
2018.05	동작구	상도4동	12,868	4,705	2,954	2,463	2,107	518	86	28	3	1	3
2018.05	동작구	사당1동	12,327	6,628	2,499	1,647	1,213	253	63	13	7	3	1
2018.05	동작구	사당3동	10,233	3,277	2,265	2,079	1,973	472	125	32	7	2	1
2018.05	동작구	사당4동	6,698	2,742	1,493	1,174	991	244	34	13	7	-	-
2018.05	동작구	사당5동	5,658	2,163	1,174	1,085	959	217	41	14	3	1	1
2018.05	동작구	대방동	16,774	6,377	3,127	2,891	3,361	765	176	58	13	2	4
2018.05	동작구	신대방1동	9,924	3,447	1,939	1,824	2,067	497	115	29	4	1	1
2018.05	동작구	신대방2동	8,947	3,685	1,643	1,533	1,533	422	92	34	5	-	-
2018.05	동작구	흑석동	12,888	5,124	2,593	2,362	2,148	521	106	22	8	3	1
2018.05	동작구	노량진1동	14,566	6,113	3,000	2,523	2,195	570	127	27	6	4	1
2018.05	동작구	사당2동	11,784	3,956	2,782	2,391	1,995	484	133	32	8	1	2
2018.05	관악구	소계	259,328	138,515	47,971	34,530	28,936	7,085	1,658	455	115	36	27
2018.05	관악구	보라매동	11,792	5,167	2,561	1,962	1,602	381	91	19	3	3	3
2018.05	관악구	청림동	6,607	1,965	1,528	1,482	1,271	269	61	21	5	2	3
2018.05	관악구	행운동	16,558	9,823	2,855	1,877	1,514	366	94	20	7	1	1
2018.05	관악구	낙성대동	10,567	7,166	1,491	914	736	189	50	14	5	-	2
2018.05	관악구	중앙동	8,759	5,429	1,504	890	698	185	40	9	1	2	1
2018.05	관악구	인헌동	13,823	7,177	2,633	1,928	1,585	384	83	28	5	-	-
2018.05	관악구	남현동	9,107	4,357	1,835	1,406	1,138	283	51	27	6	1	3
2018.05	관악구	서원동	13,087	7,826	2,400	1,470	1,021	284	67	12	6	1	-
2018.05	관악구	신원동	10,118	5,512	2,152	1,257	923	199	54	13	3	4	1
2018.05	관악구	서림동	14,164	8,992	2,172	1,469	1,121	308	72	25	3	-	2
2018.05	관악구	신사동	12,713	7,352	2,303	1,547	1,146	282	60	18	5	-	-
2018.05	관악구	신림동	15,500	12,237	1,978	723	427	93	34	5	2	1	-
2018.05	관악구	난향동	6,427	1,804	1,450	1,374	1,367	320	83	23	4	-	2
2018.05	관악구	조원동	10,043	6,019	1,781	1,083	891	196	46	21	3	3	-
2018.05	관악구	대학동	15,517	11,307	1,763	1,185	944	238	64	13	2	1	-
2018.05	관악구	은천동	15,412	5,966	3,389	2,737	2,532	582	151	37	12	2	4
2018.05	관악구	성현동	13,015	3,790	2,993	2,674	2,691	674	140	38	10	4	1
2018.05	관악구	청룡동	17,628	12,151	2,432	1,409	1,218	314	77	20	4	2	1
2018.05	관악구	난곡동	12,847	4,818	3,010	2,450	1,960	454	111	32	9	2	1
2018.05	관악구	삼성동	11,568	4,444	2,658	2,058	1,758	489	118	30	10	3	-
2018.05	관악구	미성동	14,076	5,213	3,083	2,635	2,393	595	111	30	10	4	2
2018.05	서초구	소계	174,276	56,661	34,345	34,494	36,935	8,947	2,045	578	165	64	42
2018.05	서초구	서초1동	9,082	3,666	1,713	1,560	1,561	417	115	34	12	4	-
2018.05	서초구	서초2동	7,679	3,200	1,390	1,344	1,352	295	72	18	3	4	1
2018.05	서초구	서초3동	12,745	4,958	2,471	2,268	2,185	606	178	44	18	9	8
2018.05	서초구	서초4동	10,691	2,112	1,856	2,523	3,364	639	129	56	8	3	1
2018.05	서초구	잠원동	13,929	4,588	2,596	2,953	3,057	583	111	24	10	6	1
2018.05	서초구	반포본동	4,234	727	814	978	1,361	279	61	9	3	1	1
2018.05	서초구	반포1동	12,838	6,054	1,955	1,944	2,187	536	110	36	10	5	1
2018.05	서초구	반포2동	7,803	1,180	1,404	1,911	2,503	635	127	29	11	1	2
2018.05	서초구	반포3동	6,453	1,255	1,211	1,610	1,910	373	66	18	5	3	2
2018.05	서초구	반포4동	7,336	1,845	1,503	1,722	1,720	410	87	30	12	5	2
2018.05	서초구	방배본동	7,817	2,077	1,454	1,690	1,958	476	110	35	10	4	3
2018.05	서초구	방배1동	7,464	2,799	1,689	1,369	1,232	276	79	12	4	1	3
2018.05	서초구	방배2동	10,965	3,759	2,494	2,139	1,956	477	93	34	3	5	5
2018.05	서초구	방배3동	8,423	2,321	1,812	1,820	1,883	439	106	28	11	1	2
2018.05	서초구	방배4동	10,284	3,414	2,095	1,947	2,144	518	119	35	9	1	2
2018.05	서초구	양재1동	18,337	5,811	3,883	3,475	3,610	1,174	289	75	13	6	1
2018.05	서초구	양재2동	10,985	4,936	2,286	1,678	1,516	431	89	29	13	3	4
2018.05	서초구	내곡동	7,211	1,959	1,719	1,563	1,436	383	104	32	10	2	3
2018.05	강남구	소계	229,743	87,668	42,324	41,402	44,831	10,323	2,286	617	181	75	36
2018.05	강남구	신사동	7,552	2,926	1,540	1,320	1,324	315	78	23	15	9	2
2018.05	강남구	논현1동	14,085	9,087	2,396	1,325	905	258	74	26	8	4	2
2018.05	강남구	논현2동	11,221	5,795	2,137	1,626	1,239	315	80	20	7	2	-
2018.05	강남구	삼성1동	5,832	1,882	1,168	1,141	1,214	302	90	21	10	4	-
2018.05	강남구	삼성2동	12,974	5,543	2,167	2,233	2,344	519	115	40	8	2	3
2018.05	강남구	대치1동	7,403	563	914	1,899	3,172	673	130	38	8	5	1
2018.05	강남구	대치4동	10,107	5,150	1,658	1,388	1,477	328	87	17	1	1	-
2018.05	강남구	역삼1동	22,624	15,748	3,358	1,802	1,231	343	96	27	14	5	-
2018.05	강남구	역삼2동	14,894	5,797	2,252	2,791	3,239	629	131	31	10	5	9
2018.05	강남구	도곡1동	8,524	2,478	1,498	1,813	2,123	460	103	32	12	4	1
2018.05	강남구	도곡2동	11,944	2,272	2,270	2,959	3,553	715	131	34	5	3	2
2018.05	강남구	개포1동	5,958	1,852	1,338	1,166	1,244	286	53	12	5	2	-
2018.05	강남구	개포4동	7,819	2,962	1,486	1,427	1,475	382	58	20	5	-	4
2018.05	강남구	일원본동	8,317	1,532	1,441	1,997	2,691	529	97	20	6	3	1
2018.05	강남구	일원1동	7,587	2,996	1,735	1,352	1,116	304	65	14	4	1	-
2018.05	강남구	일원2동	6,484	1,971	1,538	1,360	1,299	258	47	9	1	-	1
2018.05	강남구	수서동	7,869	3,091	2,312	1,370	824	196	54	13	6	2	1
2018.05	강남구	세곡동	17,109	5,162	3,532	3,236	3,550	1,212	312	82	15	5	3
2018.05	강남구	압구정동	10,711	2,939	2,292	2,431	2,341	534	121	37	9	4	3
2018.05	강남구	청담동	12,160	4,308	2,334	2,396	2,326	575	150	42	18	8	3
2018.05	강남구	대치2동	13,598	2,462	2,089	3,260	4,649	913	160	50	10	5	-
2018.05	강남구	개포2동	4,971	1,152	869	1,110	1,495	277	54	9	4	1	-
2018.05	송파구	소계	267,640	87,847	54,211	54,222	55,251	12,448	2,760	635	183	49	34
2018.05	송파구	풍납1동	6,871	2,523	1,619	1,304	1,118	229	61	10	4	3	-
2018.05	송파구	풍납2동	10,379	3,687	1,979	2,134	2,028	419	106	21	3	1	1
2018.05	송파구	거여1동	5,294	1,672	1,140	1,072	1,044	283	68	11	3	-	1
2018.05	송파구	거여2동	7,263	2,394	1,742	1,456	1,292	277	77	14	7	1	3
2018.05	송파구	마천1동	9,313	3,548	2,050	1,631	1,499	465	86	30	2	2	-
2018.05	송파구	마천2동	8,575	2,969	2,023	1,637	1,436	366	104	27	9	2	2
2018.05	송파구	방이1동	6,132	1,663	1,190	1,294	1,506	353	96	22	5	1	2
2018.05	송파구	방이2동	12,508	6,259	2,459	1,898	1,441	353	79	18	-	-	1
2018.05	송파구	오륜동	6,020	647	1,017	1,554	2,193	483	86	29	7	3	1
2018.05	송파구	오금동	14,622	3,862	3,150	3,349	3,298	750	160	43	9	-	1
2018.05	송파구	송파1동	12,144	5,398	2,547	2,033	1,622	405	100	27	7	2	3
2018.05	송파구	송파2동	7,289	1,434	1,428	1,754	2,037	497	107	19	9	3	1
2018.05	송파구	석촌동	16,405	7,710	3,387	2,595	2,058	476	136	25	13	4	1
2018.05	송파구	삼전동	16,148	7,781	3,190	2,535	2,060	470	77	28	3	1	3
2018.05	송파구	가락본동	11,566	4,095	2,324	2,279	2,223	518	94	25	5	1	2
2018.05	송파구	가락1동	357	134	54	65	78	22	2	2	-	-	-
2018.05	송파구	가락2동	12,224	2,691	2,359	2,913	3,345	706	161	38	9	1	1
2018.05	송파구	문정1동	8,438	2,594	1,766	1,757	1,778	418	100	13	7	5	-
2018.05	송파구	문정2동	14,844	7,729	2,738	1,950	1,853	421	105	28	14	5	1
2018.05	송파구	장지동	13,415	3,572	3,076	2,996	2,842	726	159	32	11	1	-
2018.05	송파구	위례동	9,094	1,077	1,688	2,343	2,956	823	167	28	8	2	2
2018.05	송파구	잠실본동	14,454	7,213	2,836	2,093	1,778	392	105	29	6	1	1
2018.05	송파구	잠실4동	10,433	1,772	2,105	2,862	2,951	578	132	19	10	4	-
2018.05	송파구	잠실6동	5,900	961	1,261	1,534	1,657	370	82	20	11	2	2
2018.05	송파구	잠실7동	3,496	501	788	882	1,038	223	43	14	4	3	-
2018.05	송파구	잠실2동	12,042	1,892	1,812	3,071	4,378	719	132	28	9	-	1
2018.05	송파구	잠실3동	12,414	2,069	2,483	3,231	3,742	706	135	35	8	1	4
2018.05	강동구	소계	177,612	60,498	37,516	35,006	34,022	8,235	1,760	400	113	34	28
2018.05	강동구	강일동	11,244	2,162	2,441	2,231	2,990	1,160	214	36	6	3	1
2018.05	강동구	상일동	4,166	1,142	880	913	949	209	52	11	7	1	2
2018.05	강동구	명일1동	8,174	1,987	1,603	1,927	2,063	453	110	21	7	2	1
2018.05	강동구	명일2동	5,886	987	1,004	1,304	2,041	441	80	20	6	3	-
2018.05	강동구	고덕1동	9,099	1,519	1,657	2,226	2,905	635	122	22	6	1	6
2018.05	강동구	고덕2동	3,556	1,497	804	603	488	127	23	9	2	1	2
2018.05	강동구	암사2동	5,890	1,788	1,287	1,266	1,252	231	51	9	1	3	2
2018.05	강동구	암사3동	6,305	1,020	1,229	1,634	1,859	412	101	27	15	4	4
2018.05	강동구	천호1동	12,945	5,000	2,921	2,480	1,920	483	107	24	5	3	2
2018.05	강동구	천호3동	13,370	6,134	2,837	2,193	1,668	408	98	23	6	2	1
2018.05	강동구	성내1동	8,148	2,275	1,809	1,815	1,741	405	74	24	2	2	1
2018.05	강동구	성내2동	12,351	5,759	2,721	1,991	1,442	334	78	18	7	1	-
2018.05	강동구	성내3동	10,212	3,670	2,177	2,014	1,842	412	69	19	7	1	1
2018.05	강동구	둔촌1동	209	147	24	15	16	5	2	-	-	-	-
2018.05	강동구	둔촌2동	11,153	3,342	2,293	2,361	2,472	545	111	22	4	2	1
2018.05	강동구	암사1동	16,326	6,104	3,596	3,128	2,726	590	136	32	11	1	2
2018.05	강동구	천호2동	17,540	8,162	3,799	2,835	2,121	458	131	26	8	-	-
2018.05	강동구	길동	21,038	7,803	4,434	4,070	3,527	927	201	57	13	4	2
2018.06	합계	합계	4,241,547	1,641,170	880,390	773,539	721,941	172,210	38,527	9,664	2,671	832	603
2018.06	종로구	소계	73,655	35,775	13,792	10,877	9,649	2,631	648	195	55	21	12
2018.06	종로구	사직동	4,471	2,120	870	676	588	150	34	22	7	1	3
2018.06	종로구	삼청동	1,415	740	251	194	152	54	18	6	-	-	-
2018.06	종로구	부암동	4,279	1,608	918	737	732	195	55	23	5	4	2
2018.06	종로구	평창동	7,599	2,479	1,640	1,471	1,444	420	101	26	9	8	1
2018.06	종로구	무악동	3,018	719	652	673	755	172	32	10	3	1	1
2018.06	종로구	교남동	4,506	1,582	1,070	861	777	161	37	13	5	-	-
2018.06	종로구	가회동	2,074	935	429	321	273	82	23	7	3	-	1
2018.06	종로구	종로1.2.3.4가동	5,329	4,175	547	299	226	55	17	7	3	-	-
2018.06	종로구	종로5·6가동	3,168	2,074	476	313	224	64	12	2	2	1	-
2018.06	종로구	이화동	4,487	2,639	765	534	403	113	22	10	-	1	-
2018.06	종로구	창신1동	3,022	1,771	559	361	237	77	14	3	-	-	-
2018.06	종로구	창신2동	4,228	1,948	845	663	547	171	40	11	1	2	-
2018.06	종로구	창신3동	2,878	842	665	639	502	189	32	6	3	-	-
2018.06	종로구	숭인1동	3,006	1,321	654	485	387	118	31	8	2	-	-
2018.06	종로구	숭인2동	5,663	3,632	896	554	443	101	29	5	2	1	-
2018.06	종로구	청운효자동	5,422	1,923	1,122	1,009	1,009	250	85	18	4	2	-
2018.06	종로구	혜화동	9,090	5,267	1,433	1,087	950	259	66	18	6	-	4
2018.06	중구	소계	61,091	29,298	12,583	9,323	7,407	1,834	474	105	36	12	19
2018.06	중구	소공동	1,069	593	194	154	102	17	6	1	-	-	2
2018.06	중구	회현동	3,271	2,232	436	303	221	58	13	6	2	-	-
2018.06	중구	명동	1,419	940	208	136	96	28	7	1	-	-	3
2018.06	중구	필동	2,259	1,386	382	243	179	52	11	4	1	-	1
2018.06	중구	장충동	2,670	1,616	460	268	221	79	19	3	1	-	3
2018.06	중구	광희동	2,906	1,807	518	289	212	52	21	5	1	-	1
2018.06	중구	을지로동	1,182	926	133	69	36	14	2	2	-	-	-
2018.06	중구	신당5동	4,438	2,043	921	702	585	137	35	10	3	2	-
2018.06	중구	황학동	6,413	3,356	1,325	893	633	154	42	6	3	1	-
2018.06	중구	중림동	5,686	2,421	1,213	997	825	164	51	10	4	1	-
2018.06	중구	신당동	4,418	2,632	798	509	356	89	27	5	-	2	-
2018.06	중구	다산동	6,885	2,971	1,609	1,115	904	217	49	12	4	1	3
2018.06	중구	약수동	7,814	2,760	1,995	1,565	1,120	283	71	11	6	-	3
2018.06	중구	청구동	6,462	2,440	1,513	1,192	994	253	49	10	6	2	3
2018.06	중구	동화동	4,199	1,175	878	888	923	237	71	19	5	3	-
2018.06	용산구	소계	108,516	50,177	22,039	17,054	14,308	3,662	915	236	75	28	22
2018.06	용산구	후암동	8,532	3,901	1,680	1,413	1,138	298	74	18	4	2	4
2018.06	용산구	용산2가동	5,539	2,784	1,206	789	566	150	32	11	1	-	-
2018.06	용산구	남영동	5,445	4,172	594	334	247	72	16	6	-	2	2
2018.06	용산구	원효로2동	6,014	1,952	1,300	1,193	1,161	303	70	18	11	4	2
2018.06	용산구	효창동	3,734	1,327	835	653	653	194	52	14	3	2	1
2018.06	용산구	용문동	5,337	1,846	1,230	1,047	915	225	55	14	3	1	1
2018.06	용산구	이촌1동	10,127	2,189	2,193	2,579	2,442	523	145	35	15	3	3
2018.06	용산구	이촌2동	3,857	1,251	1,008	804	584	154	40	9	7	-	-
2018.06	용산구	이태원1동	3,869	2,249	712	449	309	111	30	7	2	-	-
2018.06	용산구	이태원2동	4,906	2,571	1,002	677	475	128	42	6	4	-	1
2018.06	용산구	서빙고동	5,345	1,710	1,093	969	1,161	321	67	18	5	-	1
2018.06	용산구	보광동	7,797	3,975	1,672	1,091	802	197	44	14	2	-	-
2018.06	용산구	청파동	10,573	5,896	1,966	1,271	1,049	277	85	18	7	1	3
2018.06	용산구	원효로1동	7,180	3,238	1,526	1,185	947	220	44	10	4	6	-
2018.06	용산구	한강로동	9,347	5,214	1,753	1,202	895	214	50	15	2	1	1
2018.06	용산구	한남동	10,914	5,902	2,269	1,398	964	275	69	23	5	6	3
2018.06	성동구	소계	135,666	53,571	28,958	24,842	21,743	4,909	1,192	320	92	25	14
2018.06	성동구	왕십리2동	7,697	2,911	1,652	1,464	1,264	285	96	16	2	4	3
2018.06	성동구	마장동	10,563	4,382	2,210	1,791	1,633	409	98	22	11	5	2
2018.06	성동구	사근동	6,927	4,700	903	599	542	136	30	13	2	2	-
2018.06	성동구	행당1동	6,352	2,718	1,288	1,100	939	225	56	17	6	2	1
2018.06	성동구	행당2동	9,469	2,302	2,201	2,226	2,152	437	98	39	10	2	2
2018.06	성동구	응봉동	6,255	1,651	1,372	1,395	1,400	337	73	19	7	-	1
2018.06	성동구	금호1가동	6,443	1,989	1,555	1,350	1,200	257	69	20	2	1	-
2018.06	성동구	금호4가동	6,460	2,162	1,545	1,406	1,053	232	49	10	3	-	-
2018.06	성동구	성수1가1동	7,643	3,032	1,615	1,342	1,298	270	68	13	3	1	1
2018.06	성동구	성수1가2동	7,281	3,213	1,507	1,215	1,045	238	49	7	5	1	1
2018.06	성동구	성수2가1동	8,585	4,029	1,739	1,344	1,148	242	61	16	5	1	-
2018.06	성동구	성수2가3동	5,666	2,787	1,079	821	722	187	54	12	3	1	-
2018.06	성동구	송정동	5,478	2,601	1,115	834	693	183	38	12	1	1	-
2018.06	성동구	용답동	8,087	4,383	1,527	1,017	898	199	52	9	1	-	1
2018.06	성동구	왕십리도선동	11,547	4,156	2,432	2,283	2,093	444	103	30	5	-	1
2018.06	성동구	금호2.3가동	10,267	3,456	2,477	2,122	1,688	392	83	32	14	2	1
2018.06	성동구	옥수동	10,946	3,099	2,741	2,533	1,975	436	115	33	12	2	-
2018.06	광진구	소계	161,294	69,240	32,155	27,275	25,203	5,652	1,300	330	92	27	20
2018.06	광진구	화양동	15,145	11,579	1,904	838	646	127	40	9	2	-	-
2018.06	광진구	군자동	10,356	5,484	1,975	1,400	1,146	261	63	17	5	3	2
2018.06	광진구	중곡1동	7,756	3,524	1,795	1,258	908	210	39	16	5	1	-
2018.06	광진구	중곡2동	10,209	4,215	2,234	1,828	1,521	311	76	16	4	2	2
2018.06	광진구	중곡3동	8,393	3,709	1,904	1,397	1,050	269	52	9	2	1	-
2018.06	광진구	중곡4동	13,181	4,682	2,931	2,622	2,231	534	140	33	3	2	3
2018.06	광진구	능동	6,105	3,294	1,257	777	559	142	64	10	2	-	-
2018.06	광진구	구의1동	11,525	5,853	2,352	1,663	1,245	302	89	15	4	2	-
2018.06	광진구	구의2동	10,680	3,752	2,333	2,102	1,870	472	102	31	13	2	3
2018.06	광진구	구의3동	12,126	3,923	2,454	2,510	2,540	550	104	26	14	4	1
2018.06	광진구	광장동	11,957	2,105	1,783	2,958	4,136	759	161	35	17	3	-
2018.06	광진구	자양1동	11,340	5,344	2,401	1,681	1,466	345	79	18	2	2	2
2018.06	광진구	자양2동	11,269	3,818	2,452	2,300	2,058	478	116	36	5	3	3
2018.06	광진구	자양3동	11,058	2,730	2,315	2,509	2,720	600	122	45	11	2	4
2018.06	광진구	자양4동	10,194	5,228	2,065	1,432	1,107	292	53	14	3	-	-
2018.06	동대문구	소계	160,757	71,395	32,053	26,330	23,082	5,962	1,459	346	93	22	15
2018.06	동대문구	회기동	5,870	3,680	860	609	538	144	32	4	3	-	-
2018.06	동대문구	휘경1동	6,845	3,793	1,225	861	718	181	48	14	3	2	-
2018.06	동대문구	휘경2동	11,110	4,893	2,018	1,845	1,774	447	96	25	9	1	2
2018.06	동대문구	청량리동	10,513	4,789	2,298	1,634	1,306	371	91	18	4	1	1
2018.06	동대문구	용신동	16,286	9,148	2,990	1,962	1,604	440	102	33	6	-	1
2018.06	동대문구	제기동	12,724	6,522	2,510	1,740	1,412	396	116	19	6	2	1
2018.06	동대문구	전농1동	14,004	6,623	2,736	2,209	1,850	442	101	31	6	5	1
2018.06	동대문구	전농2동	7,644	2,028	1,767	1,736	1,540	416	119	33	2	1	2
2018.06	동대문구	답십리1동	11,089	4,238	2,189	2,113	1,879	511	113	34	10	1	1
2018.06	동대문구	답십리2동	12,003	3,963	2,787	2,383	2,169	526	131	35	7	2	-
2018.06	동대문구	장안1동	17,093	6,830	3,604	3,097	2,655	693	156	44	9	4	1
2018.06	동대문구	장안2동	12,559	4,148	2,601	2,627	2,425	579	147	19	11	-	2
2018.06	동대문구	이문1동	14,321	7,985	2,541	1,805	1,480	377	106	15	7	3	2
2018.06	동대문구	이문2동	8,696	2,755	1,927	1,709	1,732	439	101	22	10	-	1
2018.06	중랑구	소계	179,690	70,619	39,937	32,822	27,785	6,681	1,376	348	91	18	13
2018.06	중랑구	면목2동	12,183	5,221	2,672	2,071	1,692	420	83	17	7	-	-
2018.06	중랑구	면목4동	9,493	3,945	2,115	1,687	1,348	311	64	19	4	-	-
2018.06	중랑구	면목5동	4,643	1,896	1,093	814	648	152	29	10	1	-	-
2018.06	중랑구	면목7동	10,103	4,147	2,284	1,791	1,444	345	64	22	4	2	-
2018.06	중랑구	상봉1동	10,119	2,942	2,256	2,206	2,157	447	83	22	4	2	-
2018.06	중랑구	상봉2동	9,931	5,361	2,020	1,327	963	194	45	12	7	2	-
2018.06	중랑구	중화1동	8,773	2,970	2,071	1,762	1,505	370	68	19	6	1	1
2018.06	중랑구	중화2동	14,262	7,059	3,109	2,127	1,501	369	74	17	3	2	1
2018.06	중랑구	묵1동	14,423	4,468	3,127	3,075	2,866	680	157	35	12	1	2
2018.06	중랑구	묵2동	9,145	3,658	2,096	1,708	1,276	316	73	13	1	2	2
2018.06	중랑구	망우3동	8,462	3,544	1,967	1,494	1,137	241	56	18	3	2	-
2018.06	중랑구	신내1동	14,491	3,147	3,143	3,143	3,647	1,130	216	44	17	2	2
2018.06	중랑구	신내2동	8,993	2,546	2,181	2,016	1,776	356	86	21	9	1	1
2018.06	중랑구	면목본동	17,409	7,971	3,857	2,853	2,133	470	89	28	6	-	2
2018.06	중랑구	면목3.8동	12,599	5,408	2,830	2,190	1,665	380	96	27	3	-	-
2018.06	중랑구	망우본동	14,661	6,336	3,116	2,558	2,027	500	93	24	4	1	2
2018.06	성북구	소계	186,696	69,919	38,423	34,984	32,779	7,958	1,907	529	125	32	40
2018.06	성북구	돈암1동	6,379	1,751	1,484	1,411	1,320	312	78	18	2	1	2
2018.06	성북구	돈암2동	8,502	1,502	1,719	2,149	2,363	561	138	49	15	3	3
2018.06	성북구	안암동	8,698	5,404	1,372	913	778	182	35	8	3	2	1
2018.06	성북구	보문동	7,999	3,647	1,595	1,309	1,148	239	49	8	2	-	2
2018.06	성북구	정릉1동	7,023	1,999	1,486	1,581	1,464	370	90	26	4	1	2
2018.06	성북구	정릉2동	9,611	2,893	2,211	2,057	1,857	445	107	33	4	2	2
2018.06	성북구	정릉3동	7,551	3,663	1,464	1,169	923	254	55	14	5	1	3
2018.06	성북구	정릉4동	11,046	3,546	2,487	2,381	2,002	466	124	30	9	1	-
2018.06	성북구	길음1동	12,980	2,555	2,380	3,193	3,842	761	187	46	7	3	6
2018.06	성북구	길음2동	4,987	1,905	973	888	924	223	54	16	4	-	-
2018.06	성북구	월곡1동	10,749	3,077	2,343	2,246	2,348	555	136	34	8	1	1
2018.06	성북구	월곡2동	8,855	3,606	1,761	1,550	1,415	378	112	19	8	3	3
2018.06	성북구	장위1동	8,949	3,186	2,101	1,688	1,480	374	79	32	5	2	2
2018.06	성북구	장위2동	7,369	2,771	1,746	1,385	1,056	301	78	24	6	2	-
2018.06	성북구	장위3동	4,886	1,722	1,038	912	909	235	50	18	2	-	-
2018.06	성북구	성북동	7,992	3,572	1,700	1,218	1,044	320	89	32	10	1	6
2018.06	성북구	삼선동	12,586	5,939	2,425	1,900	1,765	425	99	22	8	3	-
2018.06	성북구	동선동	8,870	5,441	1,431	973	743	205	52	15	7	1	2
2018.06	성북구	종암동	16,971	6,038	3,421	3,295	3,175	804	169	54	8	4	3
2018.06	성북구	석관동	14,693	5,702	3,286	2,766	2,223	548	126	31	8	1	2
2018.06	강북구	소계	143,187	56,220	32,679	26,062	21,213	5,418	1,192	266	86	27	24
2018.06	강북구	번1동	10,071	5,141	2,109	1,451	1,048	246	63	9	4	-	-
2018.06	강북구	번2동	7,538	2,483	2,051	1,532	1,096	276	78	13	6	1	2
2018.06	강북구	번3동	7,613	2,069	2,088	1,658	1,312	359	97	23	5	1	1
2018.06	강북구	수유1동	10,242	4,452	2,246	1,760	1,307	369	82	13	9	1	3
2018.06	강북구	수유2동	9,517	3,204	2,389	1,892	1,525	386	88	23	7	1	2
2018.06	강북구	수유3동	12,224	6,199	2,549	1,845	1,249	304	58	12	2	3	3
2018.06	강북구	삼양동	12,420	4,783	2,851	2,324	1,842	495	90	19	10	5	1
2018.06	강북구	미아동	11,116	5,285	2,401	1,710	1,301	332	61	16	6	3	1
2018.06	강북구	송중동	13,084	5,377	2,821	2,290	1,916	520	116	34	4	3	3
2018.06	강북구	송천동	13,745	6,049	3,052	2,253	1,815	456	92	17	9	-	2
2018.06	강북구	삼각산동	11,892	2,524	2,387	2,753	3,319	731	130	36	8	3	1
2018.06	강북구	우이동	9,434	3,407	2,276	1,856	1,392	375	96	19	6	4	3
2018.06	강북구	인수동	14,291	5,247	3,459	2,738	2,091	569	141	32	10	2	2
2018.06	도봉구	소계	137,560	41,897	32,200	29,175	26,049	6,321	1,413	361	93	36	15
2018.06	도봉구	쌍문1동	9,114	2,929	2,191	1,895	1,547	416	102	25	6	1	2
2018.06	도봉구	쌍문2동	8,581	2,853	2,121	1,792	1,366	328	97	18	2	1	3
2018.06	도봉구	쌍문3동	7,626	2,895	1,798	1,426	1,142	285	61	16	2	-	1
2018.06	도봉구	쌍문4동	7,182	1,502	1,476	1,733	1,944	434	70	17	5	1	-
2018.06	도봉구	방학1동	12,655	4,353	2,899	2,452	2,167	608	118	45	8	3	2
2018.06	도봉구	방학2동	9,575	3,548	2,317	1,843	1,411	342	85	24	4	1	-
2018.06	도봉구	방학3동	10,158	1,717	2,211	2,621	2,735	677	141	32	19	5	-
2018.06	도봉구	창1동	10,900	3,368	2,470	2,347	2,156	442	90	23	2	1	1
2018.06	도봉구	창2동	12,363	3,514	2,955	2,741	2,369	577	150	38	12	6	1
2018.06	도봉구	창3동	6,648	2,439	1,622	1,259	1,005	252	54	14	1	2	-
2018.06	도봉구	창4동	10,553	2,615	2,206	2,349	2,642	583	119	26	11	2	-
2018.06	도봉구	창5동	9,890	2,454	2,234	2,362	2,182	511	100	32	10	5	-
2018.06	도봉구	도봉1동	10,287	3,917	2,679	1,830	1,354	383	83	22	8	7	4
2018.06	도봉구	도봉2동	12,028	3,793	3,021	2,525	2,029	483	143	29	3	1	1
2018.06	노원구	소계	217,662	66,145	47,105	45,114	46,634	10,089	1,966	417	134	32	26
2018.06	노원구	월계1동	10,458	4,264	2,126	1,766	1,742	454	86	16	4	-	-
2018.06	노원구	월계2동	11,264	3,636	2,895	2,217	1,922	468	100	21	4	-	1
2018.06	노원구	월계3동	13,001	3,466	3,409	2,963	2,470	524	124	30	11	3	1
2018.06	노원구	공릉2동	16,079	5,087	2,972	3,223	3,781	782	180	34	10	10	-
2018.06	노원구	하계1동	12,365	4,620	2,292	2,228	2,551	531	107	15	16	-	5
2018.06	노원구	하계2동	8,347	1,545	1,722	2,048	2,391	546	77	13	4	1	-
2018.06	노원구	중계본동	9,232	2,127	1,367	1,947	2,916	702	133	28	10	1	1
2018.06	노원구	중계1동	9,130	1,391	1,275	2,253	3,454	631	98	18	8	2	-
2018.06	노원구	중계4동	8,428	2,338	1,931	1,702	1,940	414	78	17	5	1	2
2018.06	노원구	상계1동	15,657	4,242	3,499	3,366	3,431	875	191	32	11	3	7
2018.06	노원구	상계2동	8,741	3,003	1,675	1,643	1,891	412	88	18	8	2	1
2018.06	노원구	상계5동	11,149	3,812	2,622	2,202	1,937	448	84	32	9	1	2
2018.06	노원구	상계8동	9,313	2,107	2,176	2,365	2,191	412	50	10	2	-	-
2018.06	노원구	상계9동	8,512	1,965	2,050	2,040	2,016	363	59	18	1	-	-
2018.06	노원구	상계10동	6,661	1,679	1,622	1,634	1,420	225	56	18	3	2	2
2018.06	노원구	상계3.4동	11,871	4,541	2,793	2,074	1,817	498	113	23	10	2	-
2018.06	노원구	상계6.7동	14,025	4,021	3,133	3,136	3,055	565	85	22	5	1	2
2018.06	노원구	중계2.3동	15,499	4,599	3,880	3,267	2,977	633	112	21	6	2	2
2018.06	노원구	공릉1동	17,930	7,702	3,666	3,040	2,732	606	145	31	7	1	-
2018.06	은평구	소계	203,547	71,730	45,944	39,547	34,658	8,907	2,041	520	136	34	30
2018.06	은평구	녹번동	14,759	5,957	3,332	2,656	2,140	513	119	35	5	1	1
2018.06	은평구	불광1동	17,666	6,079	4,123	3,680	2,885	692	144	50	11	2	-
2018.06	은평구	갈현1동	11,111	4,263	2,622	2,082	1,607	423	87	19	4	4	-
2018.06	은평구	갈현2동	12,491	3,971	2,893	2,677	2,227	558	121	30	11	1	2
2018.06	은평구	구산동	12,726	3,606	2,990	2,764	2,512	636	153	39	16	1	9
2018.06	은평구	대조동	15,725	7,258	3,435	2,477	1,935	466	112	35	5	2	-
2018.06	은평구	응암1동	11,199	4,411	2,425	1,993	1,784	451	94	22	9	4	6
2018.06	은평구	응암2동	8,386	2,432	1,866	1,871	1,698	387	102	21	6	2	1
2018.06	은평구	신사1동	11,264	3,432	2,662	2,432	2,085	499	109	31	8	4	2
2018.06	은평구	신사2동	9,071	2,937	2,108	1,835	1,651	409	101	23	5	1	1
2018.06	은평구	증산동	6,931	2,381	1,646	1,294	1,203	318	63	21	5	-	-
2018.06	은평구	수색동	5,262	1,895	1,260	973	851	212	52	15	3	1	-
2018.06	은평구	진관동	20,075	5,079	3,786	4,051	5,094	1,594	373	73	17	4	4
2018.06	은평구	불광2동	13,628	5,506	3,267	2,424	1,824	466	102	26	10	2	1
2018.06	은평구	응암3동	12,435	5,511	2,799	2,060	1,549	391	93	22	6	2	2
2018.06	은평구	역촌동	20,818	7,012	4,730	4,278	3,613	892	216	58	15	3	1
2018.06	서대문구	소계	137,725	55,942	28,682	24,323	21,739	5,301	1,269	343	85	24	17
2018.06	서대문구	천연동	8,349	3,331	1,680	1,548	1,399	308	62	17	2	1	1
2018.06	서대문구	홍제1동	9,515	3,136	2,246	1,886	1,672	405	121	31	10	4	4
2018.06	서대문구	홍제3동	7,126	2,582	1,636	1,365	1,156	289	72	17	8	-	1
2018.06	서대문구	홍제2동	5,833	1,632	1,419	1,271	1,169	263	56	14	5	1	3
2018.06	서대문구	홍은1동	9,778	3,225	2,156	1,953	1,829	472	104	26	9	-	4
2018.06	서대문구	홍은2동	12,541	4,687	2,800	2,326	2,051	487	130	42	14	4	-
2018.06	서대문구	남가좌1동	6,079	1,426	1,162	1,491	1,489	387	92	27	4	1	-
2018.06	서대문구	남가좌2동	10,116	4,202	2,185	1,719	1,516	386	83	15	6	2	2
2018.06	서대문구	북가좌1동	7,025	1,489	1,597	1,704	1,707	400	95	27	4	2	-
2018.06	서대문구	북가좌2동	14,713	5,257	3,453	2,850	2,428	566	119	38	2	-	-
2018.06	서대문구	충현동	8,793	4,313	1,677	1,258	1,146	298	78	19	3	1	-
2018.06	서대문구	북아현동	7,562	2,790	1,683	1,483	1,295	239	58	11	-	3	-
2018.06	서대문구	신촌동	11,745	8,497	1,480	849	669	170	55	17	6	-	2
2018.06	서대문구	연희동	18,550	9,375	3,508	2,620	2,213	631	144	42	12	5	-
2018.06	마포구	소계	170,788	73,510	35,075	28,694	25,680	6,052	1,289	336	89	39	24
2018.06	마포구	용강동	9,102	3,079	1,926	1,898	1,716	375	80	18	8	2	-
2018.06	마포구	대흥동	7,183	4,664	1,187	657	521	118	23	9	1	-	3
2018.06	마포구	염리동	4,974	2,349	1,026	754	623	171	38	7	5	-	1
2018.06	마포구	신수동	9,164	3,487	1,851	1,760	1,607	347	77	28	6	1	-
2018.06	마포구	서교동	13,899	8,332	2,452	1,515	1,198	304	63	20	11	4	-
2018.06	마포구	합정동	9,618	4,836	2,131	1,303	1,026	232	64	13	3	2	8
2018.06	마포구	망원1동	10,274	4,769	2,280	1,501	1,287	348	65	17	4	2	1
2018.06	마포구	망원2동	8,176	2,799	1,873	1,531	1,535	342	72	14	5	5	-
2018.06	마포구	연남동	8,774	4,704	1,834	1,109	834	213	56	16	4	1	3
2018.06	마포구	성산1동	9,290	4,030	1,989	1,566	1,253	344	72	28	4	3	1
2018.06	마포구	성산2동	17,846	6,940	3,682	3,242	3,082	724	132	32	7	4	1
2018.06	마포구	상암동	12,649	3,888	2,395	2,518	2,807	818	163	44	11	4	1
2018.06	마포구	도화동	9,613	3,524	2,042	1,823	1,689	399	101	24	4	5	2
2018.06	마포구	서강동	11,505	5,036	2,208	1,968	1,800	398	73	15	4	2	1
2018.06	마포구	공덕동	18,407	7,859	3,929	3,199	2,701	546	137	26	8	2	-
2018.06	마포구	아현동	10,314	3,214	2,270	2,350	2,001	373	73	25	4	2	2
2018.06	양천구	소계	176,234	47,672	36,099	38,459	41,850	9,527	1,957	460	132	44	34
2018.06	양천구	목1동	10,530	1,582	1,674	2,791	3,582	697	147	42	7	4	4
2018.06	양천구	목2동	12,807	4,160	2,767	2,622	2,495	616	111	25	6	1	4
2018.06	양천구	목3동	9,332	3,263	2,110	1,902	1,591	341	85	30	6	3	1
2018.06	양천구	목4동	10,044	2,715	1,862	2,070	2,629	610	118	26	11	2	1
2018.06	양천구	신월1동	10,129	4,129	2,295	1,821	1,422	352	85	23	1	1	-
2018.06	양천구	신월2동	8,693	2,342	1,986	1,947	1,722	519	125	35	10	4	3
2018.06	양천구	신월3동	8,220	3,811	1,796	1,284	963	282	64	15	1	2	2
2018.06	양천구	신월4동	6,927	1,404	1,576	1,671	1,661	462	123	22	6	2	-
2018.06	양천구	신월5동	6,374	2,030	1,419	1,331	1,200	297	76	18	1	2	-
2018.06	양천구	신월6동	2,602	695	566	554	586	154	35	9	2	1	-
2018.06	양천구	신월7동	9,354	2,803	2,449	2,037	1,621	330	83	22	8	-	1
2018.06	양천구	신정1동	7,245	1,399	1,210	1,640	2,359	520	87	19	8	1	2
2018.06	양천구	신정2동	7,198	1,546	1,230	1,509	2,284	525	82	11	5	3	3
2018.06	양천구	신정3동	17,996	4,228	3,882	3,986	4,403	1,205	227	42	16	4	3
2018.06	양천구	신정6동	8,157	983	1,362	2,232	2,927	524	103	13	11	1	1
2018.06	양천구	신정7동	11,228	2,697	2,413	2,595	2,834	552	93	27	13	3	1
2018.06	양천구	목5동	13,570	1,612	1,987	3,550	5,233	941	179	43	14	9	2
2018.06	양천구	신정4동	15,828	6,273	3,515	2,917	2,338	600	134	38	6	1	6
2018.06	강서구	소계	256,560	94,180	56,202	48,806	43,863	10,574	2,166	550	139	53	27
2018.06	강서구	염창동	14,491	3,033	2,729	3,573	4,134	834	140	37	7	3	1
2018.06	강서구	등촌1동	11,586	5,893	2,088	1,702	1,526	303	48	21	1	3	1
2018.06	강서구	등촌2동	8,538	2,339	1,961	1,887	1,796	403	102	34	10	6	-
2018.06	강서구	등촌3동	14,728	5,153	3,849	2,856	2,270	481	95	17	3	4	-
2018.06	강서구	화곡본동	15,937	6,224	3,618	2,980	2,349	576	127	47	11	4	1
2018.06	강서구	화곡2동	8,234	2,679	1,965	1,710	1,385	406	59	22	6	-	2
2018.06	강서구	화곡3동	9,108	2,908	2,045	1,922	1,641	442	119	23	4	2	2
2018.06	강서구	화곡4동	9,816	3,493	2,371	1,974	1,503	363	81	27	3	1	-
2018.06	강서구	화곡6동	10,918	4,358	2,303	1,987	1,729	421	85	20	8	2	5
2018.06	강서구	화곡8동	11,584	4,115	2,920	2,241	1,770	407	104	22	4	1	-
2018.06	강서구	가양1동	17,895	10,749	2,485	2,069	2,004	474	85	20	5	2	2
2018.06	강서구	가양2동	8,135	3,752	2,167	1,248	727	176	48	9	5	2	1
2018.06	강서구	가양3동	7,710	2,846	2,368	1,466	801	182	37	7	3	-	-
2018.06	강서구	발산1동	13,383	2,436	2,833	3,156	3,772	957	180	35	8	5	1
2018.06	강서구	공항동	12,508	5,217	2,602	2,205	1,887	484	84	24	5	-	-
2018.06	강서구	방화1동	17,300	4,590	3,667	3,640	4,000	1,113	216	58	10	3	3
2018.06	강서구	방화2동	11,445	5,134	2,527	1,818	1,407	417	103	28	6	1	4
2018.06	강서구	방화3동	11,261	4,337	2,772	2,118	1,522	390	94	17	7	4	-
2018.06	강서구	화곡1동	25,509	11,175	5,827	4,448	3,040	782	172	44	13	6	2
2018.06	강서구	우장산동	16,474	3,749	3,105	3,806	4,600	963	187	38	20	4	2
2018.06	구로구	소계	171,882	61,659	37,733	32,818	30,040	7,357	1,722	390	111	32	20
2018.06	구로구	신도림동	13,314	2,755	2,820	3,325	3,447	738	178	39	7	4	1
2018.06	구로구	구로1동	7,825	1,666	1,710	1,876	2,083	396	67	16	10	1	-
2018.06	구로구	구로3동	13,563	7,805	2,185	1,694	1,427	341	75	23	11	1	1
2018.06	구로구	구로4동	10,685	4,831	2,523	1,733	1,225	284	66	11	10	2	-
2018.06	구로구	구로5동	14,279	6,490	2,808	2,340	1,997	460	128	42	12	1	1
2018.06	구로구	고척1동	9,490	2,760	2,092	2,025	2,031	438	115	21	6	2	-
2018.06	구로구	고척2동	11,684	3,593	2,600	2,437	2,333	553	139	22	6	-	1
2018.06	구로구	개봉2동	12,726	3,159	3,093	2,949	2,643	657	174	40	7	2	2
2018.06	구로구	개봉3동	8,683	2,464	2,132	1,973	1,624	391	82	13	3	1	-
2018.06	구로구	오류1동	10,405	4,707	2,286	1,648	1,298	357	80	18	5	2	4
2018.06	구로구	오류2동	16,606	4,345	3,858	3,389	3,637	1,059	234	59	15	5	5
2018.06	구로구	수궁동	9,812	2,603	2,392	2,181	1,946	536	125	22	2	5	-
2018.06	구로구	가리봉동	5,915	3,796	1,048	559	368	113	24	3	2	-	2
2018.06	구로구	구로2동	12,903	6,030	2,901	1,949	1,502	384	93	31	8	4	1
2018.06	구로구	개봉1동	13,992	4,655	3,285	2,740	2,479	650	142	30	7	2	2
2018.06	금천구	소계	106,307	45,252	22,512	18,047	15,441	3,836	933	194	53	21	18
2018.06	금천구	가산동	12,582	8,664	1,686	1,141	824	200	57	7	1	2	-
2018.06	금천구	독산1동	17,338	8,068	3,286	2,707	2,461	620	152	26	10	3	5
2018.06	금천구	독산2동	9,388	3,888	2,134	1,663	1,318	294	74	11	2	2	2
2018.06	금천구	독산3동	12,177	5,392	2,701	2,003	1,578	383	99	14	5	2	-
2018.06	금천구	독산4동	7,674	3,215	1,700	1,348	1,048	272	68	15	5	1	2
2018.06	금천구	시흥1동	15,306	5,966	3,404	2,776	2,409	589	109	43	5	3	2
2018.06	금천구	시흥2동	8,548	1,939	2,015	1,895	2,007	504	138	34	10	2	4
2018.06	금천구	시흥3동	4,735	1,389	1,208	1,010	838	226	46	14	1	2	1
2018.06	금천구	시흥4동	9,187	3,018	2,166	1,844	1,616	409	102	17	10	4	1
2018.06	금천구	시흥5동	9,372	3,713	2,212	1,660	1,342	339	88	13	4	-	1
2018.06	영등포구	소계	169,264	74,245	33,751	28,410	25,130	5,927	1,328	324	90	28	31
2018.06	영등포구	여의동	12,727	3,352	2,800	2,978	2,782	589	160	40	15	6	5
2018.06	영등포구	당산1동	10,191	4,962	2,044	1,560	1,213	299	82	20	6	2	3
2018.06	영등포구	당산2동	16,905	8,178	2,846	2,650	2,504	557	127	30	11	1	1
2018.06	영등포구	양평1동	8,381	3,832	1,811	1,393	1,039	234	50	17	3	2	-
2018.06	영등포구	양평2동	9,841	3,829	1,984	1,790	1,740	393	79	18	4	2	2
2018.06	영등포구	신길1동	9,541	5,439	1,782	1,161	868	222	48	15	4	1	1
2018.06	영등포구	신길3동	7,022	2,740	1,446	1,284	1,175	309	46	17	3	1	1
2018.06	영등포구	신길4동	4,363	1,838	962	752	606	167	28	7	3	-	-
2018.06	영등포구	신길5동	4,612	1,931	1,019	802	633	176	42	6	-	1	2
2018.06	영등포구	신길6동	8,238	3,322	1,776	1,465	1,244	337	68	15	6	1	4
2018.06	영등포구	신길7동	6,560	1,914	1,286	1,330	1,572	359	75	17	6	-	1
2018.06	영등포구	대림1동	6,401	2,899	1,388	1,027	813	205	47	15	4	2	1
2018.06	영등포구	대림2동	6,508	3,167	1,523	918	664	178	41	12	3	2	-
2018.06	영등포구	대림3동	10,633	3,874	2,396	1,998	1,815	414	101	28	4	2	1
2018.06	영등포구	영등포본동	10,148	4,272	2,003	1,804	1,584	388	73	13	7	1	3
2018.06	영등포구	영등포동	15,576	10,924	2,025	1,257	1,062	236	54	11	4	-	3
2018.06	영등포구	도림동	9,300	4,311	2,050	1,455	1,108	283	73	14	4	1	1
2018.06	영등포구	문래동	12,317	3,461	2,610	2,786	2,708	581	134	29	3	3	2
2018.06	동작구	소계	174,427	70,744	35,811	30,873	28,177	6,752	1,514	416	97	23	20
2018.06	동작구	노량진2동	7,151	3,890	1,422	971	665	154	37	7	4	1	-
2018.06	동작구	상도1동	20,954	9,107	3,843	3,677	3,340	760	175	43	7	-	2
2018.06	동작구	상도2동	11,794	4,655	2,416	2,104	2,020	465	105	22	5	1	1
2018.06	동작구	상도3동	11,483	4,585	2,553	2,103	1,655	431	104	38	9	3	2
2018.06	동작구	상도4동	12,920	4,766	2,963	2,469	2,096	508	83	27	4	1	3
2018.06	동작구	사당1동	12,387	6,671	2,514	1,657	1,210	249	63	13	6	3	1
2018.06	동작구	사당3동	10,388	3,334	2,292	2,111	2,005	480	121	34	7	1	3
2018.06	동작구	사당4동	6,728	2,776	1,509	1,159	988	241	35	13	7	-	-
2018.06	동작구	사당5동	5,675	2,171	1,188	1,085	955	215	42	14	3	1	1
2018.06	동작구	대방동	16,775	6,368	3,146	2,892	3,352	760	181	58	11	3	4
2018.06	동작구	신대방1동	9,920	3,449	1,939	1,819	2,063	497	118	30	3	1	1
2018.06	동작구	신대방2동	8,984	3,721	1,650	1,534	1,523	421	95	34	6	-	-
2018.06	동작구	흑석동	12,884	5,127	2,583	2,372	2,148	516	105	21	9	3	-
2018.06	동작구	노량진1동	14,597	6,149	3,016	2,525	2,177	564	126	28	7	4	1
2018.06	동작구	사당2동	11,787	3,975	2,777	2,395	1,980	491	124	34	9	1	1
2018.06	관악구	소계	259,681	138,902	48,098	34,454	28,885	7,057	1,659	451	113	36	26
2018.06	관악구	보라매동	11,831	5,178	2,598	1,949	1,604	387	88	18	3	3	3
2018.06	관악구	청림동	6,600	1,947	1,548	1,472	1,276	262	66	19	5	2	3
2018.06	관악구	행운동	16,602	9,856	2,863	1,887	1,508	363	96	20	7	1	1
2018.06	관악구	낙성대동	10,546	7,147	1,496	912	733	189	47	15	5	-	2
2018.06	관악구	중앙동	8,832	5,486	1,527	883	700	183	40	9	1	2	1
2018.06	관악구	인헌동	13,844	7,209	2,635	1,915	1,592	378	81	29	5	-	-
2018.06	관악구	남현동	9,110	4,355	1,851	1,395	1,134	287	49	28	7	1	3
2018.06	관악구	서원동	13,114	7,870	2,389	1,470	1,016	282	69	12	5	1	-
2018.06	관악구	신원동	10,151	5,558	2,138	1,258	927	195	55	12	3	4	1
2018.06	관악구	서림동	14,139	8,972	2,155	1,486	1,117	313	70	21	3	-	2
2018.06	관악구	신사동	12,720	7,384	2,290	1,554	1,132	276	62	17	5	-	-
2018.06	관악구	신림동	15,563	12,308	1,972	719	431	92	33	5	2	1	-
2018.06	관악구	난향동	6,443	1,809	1,453	1,381	1,371	319	81	23	4	-	2
2018.06	관악구	조원동	10,043	6,023	1,784	1,080	890	194	43	22	4	3	-
2018.06	관악구	대학동	15,557	11,348	1,765	1,186	939	239	65	12	2	1	-
2018.06	관악구	은천동	15,426	5,990	3,396	2,723	2,538	569	154	38	12	3	3
2018.06	관악구	성현동	13,006	3,791	2,998	2,665	2,694	672	135	38	9	3	1
2018.06	관악구	청룡동	17,694	12,209	2,452	1,403	1,205	317	82	20	3	2	1
2018.06	관악구	난곡동	12,817	4,813	3,028	2,419	1,944	456	113	33	8	2	1
2018.06	관악구	삼성동	11,563	4,447	2,668	2,052	1,753	484	117	29	10	3	-
2018.06	관악구	미성동	14,080	5,202	3,092	2,645	2,381	600	113	31	10	4	2
2018.06	서초구	소계	174,268	56,709	34,368	34,542	36,849	8,910	2,046	571	168	63	42
2018.06	서초구	서초1동	9,099	3,678	1,708	1,569	1,567	418	108	34	13	4	-
2018.06	서초구	서초2동	7,740	3,243	1,399	1,343	1,361	295	72	19	3	4	1
2018.06	서초구	서초3동	12,789	4,975	2,493	2,275	2,182	601	188	42	19	7	7
2018.06	서초구	서초4동	10,712	2,135	1,859	2,528	3,362	631	133	51	9	3	1
2018.06	서초구	잠원동	13,896	4,573	2,616	2,934	3,047	572	112	25	10	6	1
2018.06	서초구	반포본동	4,227	731	814	984	1,348	276	59	9	3	2	1
2018.06	서초구	반포1동	12,846	6,080	1,933	1,952	2,184	544	104	34	9	5	1
2018.06	서초구	반포2동	7,730	1,159	1,394	1,911	2,468	625	128	32	10	1	2
2018.06	서초구	반포3동	6,624	1,291	1,260	1,666	1,939	374	66	18	5	3	2
2018.06	서초구	반포4동	7,341	1,846	1,508	1,730	1,716	406	89	29	11	4	2
2018.06	서초구	방배본동	7,811	2,067	1,468	1,686	1,947	482	109	34	10	4	4
2018.06	서초구	방배1동	7,482	2,791	1,694	1,392	1,230	274	80	14	3	1	3
2018.06	서초구	방배2동	10,855	3,728	2,484	2,102	1,933	471	91	31	5	5	5
2018.06	서초구	방배3동	8,406	2,307	1,798	1,824	1,883	443	105	32	11	1	2
2018.06	서초구	방배4동	10,208	3,402	2,064	1,948	2,111	517	120	34	9	1	2
2018.06	서초구	양재1동	18,339	5,826	3,891	3,452	3,622	1,166	285	75	14	7	1
2018.06	서초구	양재2동	10,975	4,927	2,277	1,672	1,527	432	92	28	14	2	4
2018.06	서초구	내곡동	7,188	1,950	1,708	1,574	1,422	383	105	30	10	3	3
2018.06	강남구	소계	229,160	87,621	42,154	41,293	44,619	10,280	2,277	621	181	78	36
2018.06	강남구	신사동	7,538	2,926	1,554	1,302	1,311	319	77	22	16	8	3
2018.06	강남구	논현1동	14,100	9,104	2,400	1,326	895	264	72	26	7	4	2
2018.06	강남구	논현2동	11,227	5,824	2,121	1,616	1,249	312	76	19	8	2	-
2018.06	강남구	삼성1동	5,840	1,890	1,166	1,149	1,218	295	85	23	10	4	-
2018.06	강남구	삼성2동	13,021	5,544	2,189	2,261	2,338	520	116	40	8	1	4
2018.06	강남구	대치1동	7,413	566	904	1,923	3,169	670	125	39	9	7	1
2018.06	강남구	대치4동	10,111	5,144	1,658	1,392	1,489	327	81	18	1	1	-
2018.06	강남구	역삼1동	22,690	15,817	3,369	1,797	1,231	335	95	27	13	6	-
2018.06	강남구	역삼2동	14,868	5,802	2,250	2,777	3,227	622	133	31	12	5	9
2018.06	강남구	도곡1동	8,536	2,478	1,509	1,810	2,118	467	104	33	12	4	1
2018.06	강남구	도곡2동	11,961	2,284	2,278	2,959	3,553	718	125	36	3	3	2
2018.06	강남구	개포1동	5,222	1,631	1,156	997	1,107	266	46	12	5	2	-
2018.06	강남구	개포4동	7,829	2,953	1,483	1,440	1,477	384	63	20	5	-	4
2018.06	강남구	일원본동	8,309	1,528	1,441	2,003	2,686	519	99	22	7	3	1
2018.06	강남구	일원1동	7,581	2,996	1,727	1,365	1,101	308	65	15	3	1	-
2018.06	강남구	일원2동	6,484	1,972	1,543	1,363	1,294	259	42	9	1	-	1
2018.06	강남구	수서동	7,852	3,084	2,301	1,377	820	191	57	13	6	2	1
2018.06	강남구	세곡동	17,199	5,245	3,524	3,252	3,546	1,209	323	79	14	5	2
2018.06	강남구	압구정동	10,708	2,935	2,288	2,434	2,341	538	120	35	9	6	2
2018.06	강남구	청담동	12,157	4,302	2,334	2,394	2,333	566	157	42	18	8	3
2018.06	강남구	대치2동	13,566	2,450	2,096	3,252	4,629	913	159	52	10	5	-
2018.06	강남구	개포2동	4,948	1,146	863	1,104	1,487	278	57	8	4	1	-
2018.06	송파구	소계	268,325	88,247	54,441	54,376	55,211	12,419	2,738	626	189	48	30
2018.06	송파구	풍납1동	6,867	2,526	1,617	1,312	1,108	230	59	8	4	3	-
2018.06	송파구	풍납2동	10,369	3,692	1,979	2,127	2,022	411	111	21	4	1	1
2018.06	송파구	거여1동	5,300	1,679	1,151	1,063	1,044	280	69	9	4	-	1
2018.06	송파구	거여2동	7,246	2,394	1,734	1,448	1,293	281	72	14	6	1	3
2018.06	송파구	마천1동	9,297	3,549	2,057	1,624	1,487	462	83	31	2	2	-
2018.06	송파구	마천2동	8,577	2,975	2,023	1,640	1,430	368	105	23	10	1	2
2018.06	송파구	방이1동	6,154	1,677	1,188	1,315	1,501	350	93	22	5	2	1
2018.06	송파구	방이2동	12,513	6,279	2,465	1,882	1,437	352	79	18	-	-	1
2018.06	송파구	오륜동	6,026	646	1,025	1,575	2,175	484	82	28	7	3	1
2018.06	송파구	오금동	15,021	3,953	3,247	3,443	3,374	783	167	43	10	-	1
2018.06	송파구	송파1동	12,169	5,417	2,567	2,018	1,624	406	97	26	9	3	2
2018.06	송파구	송파2동	7,310	1,438	1,448	1,757	2,038	490	105	20	10	3	1
2018.06	송파구	석촌동	16,443	7,744	3,408	2,592	2,041	482	130	28	13	4	1
2018.06	송파구	삼전동	16,181	7,831	3,200	2,518	2,057	462	79	27	3	1	3
2018.06	송파구	가락본동	11,580	4,112	2,321	2,282	2,225	512	95	26	4	1	2
2018.06	송파구	가락1동	356	133	57	61	81	21	-	3	-	-	-
2018.06	송파구	가락2동	12,244	2,711	2,362	2,923	3,347	693	159	38	9	1	1
2018.06	송파구	문정1동	8,451	2,590	1,780	1,766	1,775	418	96	14	7	5	-
2018.06	송파구	문정2동	15,015	7,875	2,750	1,959	1,857	419	107	28	14	5	1
2018.06	송파구	장지동	13,388	3,565	3,075	3,007	2,839	707	153	30	12	-	-
2018.06	송파구	위례동	9,086	1,065	1,687	2,332	2,965	831	167	28	8	2	1
2018.06	송파구	잠실본동	14,459	7,233	2,818	2,106	1,770	396	101	28	6	-	1
2018.06	송파구	잠실4동	10,419	1,757	2,118	2,871	2,942	570	129	19	9	4	-
2018.06	송파구	잠실6동	5,907	959	1,282	1,537	1,645	370	82	18	10	2	2
2018.06	송파구	잠실7동	3,486	491	793	881	1,035	222	43	14	4	3	-
2018.06	송파구	잠실2동	12,046	1,888	1,807	3,085	4,376	715	136	28	10	-	1
2018.06	송파구	잠실3동	12,415	2,068	2,482	3,252	3,723	704	139	34	9	1	3
2018.06	강동구	소계	177,605	60,501	37,596	35,039	33,947	8,194	1,746	409	116	29	28
2018.06	강동구	강일동	11,210	2,156	2,433	2,220	2,986	1,155	213	38	6	2	1
2018.06	강동구	상일동	4,181	1,137	884	917	959	209	54	11	7	1	2
2018.06	강동구	명일1동	8,189	1,992	1,599	1,939	2,066	449	111	21	8	2	2
2018.06	강동구	명일2동	5,898	982	1,013	1,314	2,036	442	81	20	8	2	-
2018.06	강동구	고덕1동	9,118	1,524	1,667	2,236	2,908	627	121	22	6	2	5
2018.06	강동구	고덕2동	3,551	1,507	793	608	479	129	21	10	2	-	2
2018.06	강동구	암사2동	5,890	1,783	1,290	1,275	1,242	237	49	10	1	1	2
2018.06	강동구	암사3동	6,312	1,018	1,239	1,628	1,855	420	102	28	14	4	4
2018.06	강동구	천호1동	12,947	5,018	2,917	2,478	1,920	477	105	23	6	1	2
2018.06	강동구	천호3동	13,378	6,134	2,855	2,194	1,666	401	95	25	5	2	1
2018.06	강동구	성내1동	8,146	2,276	1,812	1,821	1,735	405	66	24	4	2	1
2018.06	강동구	성내2동	12,362	5,791	2,728	1,966	1,435	338	79	17	7	1	-
2018.06	강동구	성내3동	10,201	3,670	2,161	2,027	1,834	410	70	20	7	1	1
2018.06	강동구	둔촌1동	201	140	24	14	16	5	2	-	-	-	-
2018.06	강동구	둔촌2동	11,144	3,327	2,298	2,374	2,467	539	109	24	3	2	1
2018.06	강동구	암사1동	16,327	6,079	3,617	3,140	2,718	589	138	33	10	1	2
2018.06	강동구	천호2동	17,552	8,182	3,796	2,842	2,115	452	131	26	8	-	-
2018.06	강동구	길동	20,998	7,785	4,470	4,046	3,510	910	199	57	14	5	2