기간	자치구	행정동	전체세대수	1인세대	2인세대	3인세대	4인세대	5인세대	6인세대	7인세대	8인세대	9인세대	10인세대 이상
2018.07	합계	합계	4,243,687	1,645,553	881,821	772,910	719,520	171,747	38,346	9,640	2,720	821	609
2018.07	종로구	소계	73,554	35,704	13,829	10,862	9,604	2,626	644	194	54	24	13
2018.07	종로구	사직동	4,482	2,115	882	679	590	152	31	22	7	1	3
2018.07	종로구	삼청동	1,414	736	251	197	154	55	15	5	-	1	-
2018.07	종로구	부암동	4,289	1,600	933	742	733	189	57	23	6	4	2
2018.07	종로구	평창동	7,590	2,485	1,633	1,466	1,434	424	104	25	9	8	2
2018.07	종로구	무악동	3,013	711	653	673	756	173	34	8	3	1	1
2018.07	종로구	교남동	4,517	1,584	1,074	869	775	160	37	13	5	-	-
2018.07	종로구	가회동	2,065	924	433	323	272	79	23	7	3	-	1
2018.07	종로구	종로1.2.3.4가동	5,299	4,147	551	294	223	56	18	7	3	-	-
2018.07	종로구	종로5·6가동	3,148	2,058	479	312	218	65	11	2	1	2	-
2018.07	종로구	이화동	4,490	2,642	767	536	399	114	20	11	-	1	-
2018.07	종로구	창신1동	3,014	1,759	568	357	235	77	15	3	-	-	-
2018.07	종로구	창신2동	4,218	1,953	841	660	546	163	41	11	1	2	-
2018.07	종로구	창신3동	2,871	840	671	629	503	189	31	5	3	-	-
2018.07	종로구	숭인1동	2,996	1,317	655	485	376	122	31	8	2	-	-
2018.07	종로구	숭인2동	5,675	3,655	891	552	439	100	30	5	2	1	-
2018.07	종로구	청운효자동	5,408	1,924	1,115	1,004	1,012	247	80	20	3	3	-
2018.07	종로구	혜화동	9,065	5,254	1,432	1,084	939	261	66	19	6	-	4
2018.07	중구	소계	61,075	29,305	12,627	9,265	7,381	1,844	482	104	36	12	19
2018.07	중구	소공동	1,068	593	198	150	102	16	6	1	-	-	2
2018.07	중구	회현동	3,266	2,228	440	295	222	60	14	5	2	-	-
2018.07	중구	명동	1,404	923	210	135	96	27	8	1	1	-	3
2018.07	중구	필동	2,247	1,375	388	241	176	51	10	4	1	-	1
2018.07	중구	장충동	2,658	1,603	464	268	220	77	18	4	1	-	3
2018.07	중구	광희동	2,902	1,808	517	283	211	54	22	5	1	-	1
2018.07	중구	을지로동	1,206	948	135	69	36	12	3	3	-	-	-
2018.07	중구	신당5동	4,437	2,053	908	703	584	138	35	11	3	2	-
2018.07	중구	황학동	6,438	3,388	1,328	881	636	154	42	6	2	1	-
2018.07	중구	중림동	5,701	2,422	1,229	991	823	169	52	10	4	1	-
2018.07	중구	신당동	4,411	2,625	805	504	353	90	27	5	-	2	-
2018.07	중구	다산동	6,891	2,971	1,620	1,109	901	220	51	11	5	-	3
2018.07	중구	약수동	7,802	2,763	1,985	1,566	1,111	288	69	11	6	-	3
2018.07	중구	청구동	6,454	2,436	1,513	1,190	993	253	48	10	5	3	3
2018.07	중구	동화동	4,190	1,169	887	880	917	235	77	17	5	3	-
2018.07	용산구	소계	108,552	50,252	22,064	17,037	14,285	3,636	913	240	77	28	20
2018.07	용산구	후암동	8,529	3,916	1,678	1,397	1,134	299	76	18	5	2	4
2018.07	용산구	용산2가동	5,556	2,788	1,221	794	563	148	32	9	1	-	-
2018.07	용산구	남영동	5,425	4,161	581	342	245	70	16	7	-	1	2
2018.07	용산구	원효로2동	6,031	1,964	1,302	1,192	1,170	297	71	18	11	4	2
2018.07	용산구	효창동	3,647	1,285	818	651	633	188	53	14	2	2	1
2018.07	용산구	용문동	5,353	1,857	1,235	1,049	914	222	57	13	3	2	1
2018.07	용산구	이촌1동	10,154	2,194	2,206	2,595	2,436	519	151	34	15	3	1
2018.07	용산구	이촌2동	3,855	1,259	1,011	792	587	151	38	9	8	-	-
2018.07	용산구	이태원1동	3,860	2,237	713	448	312	110	31	7	2	-	-
2018.07	용산구	이태원2동	4,915	2,577	1,004	677	473	130	42	8	3	-	1
2018.07	용산구	서빙고동	5,329	1,712	1,081	963	1,164	322	62	19	5	-	1
2018.07	용산구	보광동	7,790	3,986	1,666	1,088	795	196	42	15	2	-	-
2018.07	용산구	청파동	10,603	5,920	1,979	1,267	1,046	280	82	17	8	1	3
2018.07	용산구	원효로1동	7,227	3,275	1,545	1,173	950	221	42	11	5	5	-
2018.07	용산구	한강로동	9,358	5,212	1,753	1,206	900	215	50	17	2	2	1
2018.07	용산구	한남동	10,920	5,909	2,271	1,403	963	268	68	24	5	6	3
2018.07	성동구	소계	136,000	53,766	29,062	24,912	21,726	4,897	1,187	315	98	23	14
2018.07	성동구	왕십리2동	7,697	2,919	1,648	1,470	1,260	281	95	15	2	4	3
2018.07	성동구	마장동	10,564	4,388	2,226	1,783	1,623	410	94	22	12	4	2
2018.07	성동구	사근동	6,920	4,695	906	605	533	134	30	13	2	2	-
2018.07	성동구	행당1동	6,702	2,810	1,369	1,181	1,015	245	54	19	8	-	1
2018.07	성동구	행당2동	9,455	2,301	2,205	2,214	2,144	437	101	39	10	2	2
2018.07	성동구	응봉동	6,223	1,640	1,369	1,396	1,387	329	73	21	7	-	1
2018.07	성동구	금호1가동	6,499	2,012	1,570	1,383	1,188	256	67	19	3	1	-
2018.07	성동구	금호4가동	6,465	2,150	1,555	1,409	1,060	229	47	11	4	-	-
2018.07	성동구	성수1가1동	7,653	3,054	1,614	1,339	1,291	268	69	11	4	2	1
2018.07	성동구	성수1가2동	7,252	3,210	1,506	1,199	1,039	235	49	7	5	1	1
2018.07	성동구	성수2가1동	8,570	4,043	1,730	1,335	1,140	244	57	16	4	1	-
2018.07	성동구	성수2가3동	5,639	2,772	1,074	824	711	188	54	12	3	1	-
2018.07	성동구	송정동	5,487	2,607	1,126	833	691	178	38	12	1	1	-
2018.07	성동구	용답동	8,079	4,399	1,525	994	896	203	51	9	1	-	1
2018.07	성동구	왕십리도선동	11,560	4,175	2,429	2,291	2,084	438	107	29	6	-	1
2018.07	성동구	금호2.3가동	10,279	3,481	2,476	2,123	1,685	385	84	29	13	2	1
2018.07	성동구	옥수동	10,956	3,110	2,734	2,533	1,979	437	117	31	13	2	-
2018.07	광진구	소계	161,293	69,362	32,190	27,246	25,069	5,659	1,292	331	96	28	20
2018.07	광진구	화양동	15,152	11,603	1,900	834	639	127	38	9	2	-	-
2018.07	광진구	군자동	10,353	5,485	1,976	1,404	1,141	256	65	16	5	3	2
2018.07	광진구	중곡1동	7,806	3,577	1,797	1,257	906	208	39	16	5	1	-
2018.07	광진구	중곡2동	10,223	4,238	2,245	1,815	1,502	322	77	16	4	2	2
2018.07	광진구	중곡3동	8,416	3,733	1,914	1,398	1,039	268	52	9	2	1	-
2018.07	광진구	중곡4동	13,181	4,685	2,936	2,638	2,202	541	135	34	4	3	3
2018.07	광진구	능동	6,124	3,315	1,264	771	558	141	61	10	4	-	-
2018.07	광진구	구의1동	11,538	5,872	2,358	1,667	1,227	305	86	16	5	2	-
2018.07	광진구	구의2동	10,644	3,724	2,328	2,104	1,864	465	109	31	14	2	3
2018.07	광진구	구의3동	12,108	3,917	2,452	2,509	2,532	553	103	27	10	4	1
2018.07	광진구	광장동	11,951	2,112	1,780	2,955	4,137	747	164	36	17	3	-
2018.07	광진구	자양1동	11,345	5,362	2,403	1,678	1,456	345	78	17	2	2	2
2018.07	광진구	자양2동	11,285	3,829	2,454	2,298	2,058	487	110	36	7	3	3
2018.07	광진구	자양3동	11,040	2,723	2,310	2,506	2,715	601	123	45	11	2	4
2018.07	광진구	자양4동	10,127	5,187	2,073	1,412	1,093	293	52	13	4	-	-
2018.07	동대문구	소계	161,336	71,640	32,274	26,417	23,135	5,943	1,447	351	95	22	12
2018.07	동대문구	회기동	5,858	3,678	855	612	527	147	30	6	3	-	-
2018.07	동대문구	휘경1동	6,838	3,801	1,217	859	719	176	47	14	3	2	-
2018.07	동대문구	휘경2동	11,100	4,878	2,045	1,825	1,770	447	96	28	8	1	2
2018.07	동대문구	청량리동	10,492	4,786	2,297	1,628	1,299	367	91	18	4	1	1
2018.07	동대문구	용신동	16,267	9,159	2,997	1,938	1,599	434	100	33	6	1	-
2018.07	동대문구	제기동	12,716	6,530	2,506	1,738	1,406	394	115	18	6	2	1
2018.07	동대문구	전농1동	14,194	6,680	2,785	2,260	1,882	447	98	29	8	4	1
2018.07	동대문구	전농2동	7,659	2,051	1,774	1,725	1,542	411	119	33	2	-	2
2018.07	동대문구	답십리1동	11,630	4,390	2,311	2,256	1,991	523	117	31	9	1	1
2018.07	동대문구	답십리2동	11,996	3,981	2,808	2,361	2,151	520	128	36	8	3	-
2018.07	동대문구	장안1동	17,084	6,846	3,603	3,085	2,646	686	162	43	9	4	-
2018.07	동대문구	장안2동	12,557	4,150	2,611	2,633	2,410	576	143	22	11	-	1
2018.07	동대문구	이문1동	14,254	7,941	2,544	1,785	1,482	373	103	14	7	3	2
2018.07	동대문구	이문2동	8,691	2,769	1,921	1,712	1,711	442	98	26	11	-	1
2018.07	중랑구	소계	179,758	70,853	39,962	32,748	27,687	6,669	1,373	345	90	18	13
2018.07	중랑구	면목2동	12,162	5,228	2,656	2,062	1,689	418	87	15	7	-	-
2018.07	중랑구	면목4동	9,483	3,953	2,116	1,685	1,334	307	65	19	4	-	-
2018.07	중랑구	면목5동	4,625	1,880	1,089	820	649	151	25	10	1	-	-
2018.07	중랑구	면목7동	10,096	4,163	2,268	1,796	1,435	345	63	21	3	2	-
2018.07	중랑구	상봉1동	10,138	2,950	2,257	2,215	2,155	454	79	22	5	1	-
2018.07	중랑구	상봉2동	9,999	5,421	2,020	1,326	967	200	44	11	8	2	-
2018.07	중랑구	중화1동	8,788	2,996	2,071	1,770	1,492	368	64	19	6	1	1
2018.07	중랑구	중화2동	14,258	7,061	3,116	2,121	1,495	366	75	17	4	2	1
2018.07	중랑구	묵1동	14,461	4,494	3,143	3,061	2,872	679	161	36	12	1	2
2018.07	중랑구	묵2동	9,143	3,682	2,089	1,701	1,266	317	70	13	1	2	2
2018.07	중랑구	망우3동	8,440	3,529	1,981	1,480	1,131	239	59	16	3	2	-
2018.07	중랑구	신내1동	14,482	3,158	3,139	3,141	3,634	1,125	218	47	16	2	2
2018.07	중랑구	신내2동	8,990	2,561	2,187	2,023	1,741	360	87	20	9	1	1
2018.07	중랑구	면목본동	17,427	8,006	3,853	2,845	2,138	464	86	27	5	1	2
2018.07	중랑구	면목3.8동	12,617	5,431	2,843	2,171	1,667	381	93	28	3	-	-
2018.07	중랑구	망우본동	14,649	6,340	3,134	2,531	2,022	495	97	24	3	1	2
2018.07	성북구	소계	186,542	70,017	38,425	34,961	32,614	7,903	1,900	530	122	30	40
2018.07	성북구	돈암1동	6,372	1,754	1,480	1,419	1,310	309	77	18	2	1	2
2018.07	성북구	돈암2동	8,502	1,505	1,713	2,144	2,368	564	139	48	16	2	3
2018.07	성북구	안암동	8,705	5,409	1,374	925	766	183	34	8	3	2	1
2018.07	성북구	보문동	7,988	3,648	1,587	1,309	1,153	235	45	8	1	-	2
2018.07	성북구	정릉1동	7,029	2,008	1,498	1,567	1,468	363	93	25	4	1	2
2018.07	성북구	정릉2동	9,617	2,908	2,212	2,052	1,856	441	107	33	4	2	2
2018.07	성북구	정릉3동	7,542	3,674	1,461	1,169	900	261	53	16	4	1	3
2018.07	성북구	정릉4동	11,060	3,547	2,507	2,377	2,009	454	125	32	7	1	1
2018.07	성북구	길음1동	12,997	2,558	2,392	3,202	3,852	745	186	45	8	3	6
2018.07	성북구	길음2동	4,978	1,900	974	889	920	223	53	15	4	-	-
2018.07	성북구	월곡1동	10,753	3,090	2,347	2,256	2,326	555	135	34	8	1	1
2018.07	성북구	월곡2동	8,862	3,623	1,766	1,545	1,410	373	111	21	7	3	3
2018.07	성북구	장위1동	8,971	3,216	2,095	1,693	1,477	371	80	29	6	2	2
2018.07	성북구	장위2동	7,209	2,723	1,708	1,354	1,030	291	72	23	6	2	-
2018.07	성북구	장위3동	4,863	1,712	1,034	913	902	233	50	17	2	-	-
2018.07	성북구	성북동	8,007	3,588	1,697	1,223	1,037	326	88	32	9	1	6
2018.07	성북구	삼선동	12,617	5,982	2,428	1,900	1,740	430	103	24	8	2	-
2018.07	성북구	동선동	8,848	5,427	1,446	966	732	200	52	15	7	1	2
2018.07	성북구	종암동	16,959	6,051	3,408	3,308	3,157	797	169	54	8	4	3
2018.07	성북구	석관동	14,663	5,694	3,298	2,750	2,201	549	128	33	8	1	1
2018.07	강북구	소계	143,134	56,382	32,663	25,998	21,106	5,388	1,194	265	87	26	25
2018.07	강북구	번1동	10,109	5,185	2,106	1,448	1,049	245	64	8	4	-	-
2018.07	강북구	번2동	7,552	2,502	2,052	1,539	1,093	271	73	13	6	1	2
2018.07	강북구	번3동	7,608	2,081	2,088	1,651	1,302	359	97	24	4	1	1
2018.07	강북구	수유1동	10,265	4,477	2,260	1,740	1,320	361	82	12	9	1	3
2018.07	강북구	수유2동	9,512	3,227	2,373	1,894	1,502	393	89	23	8	1	2
2018.07	강북구	수유3동	12,267	6,242	2,561	1,858	1,218	309	59	11	3	3	3
2018.07	강북구	삼양동	12,226	4,707	2,786	2,307	1,809	493	89	19	9	6	1
2018.07	강북구	미아동	11,148	5,297	2,409	1,725	1,302	325	63	16	7	2	2
2018.07	강북구	송중동	13,058	5,382	2,809	2,280	1,910	515	119	33	4	3	3
2018.07	강북구	송천동	13,745	6,042	3,077	2,249	1,810	449	89	17	10	-	2
2018.07	강북구	삼각산동	11,872	2,523	2,393	2,738	3,323	715	131	39	7	2	1
2018.07	강북구	우이동	9,447	3,430	2,290	1,838	1,385	377	97	18	5	4	3
2018.07	강북구	인수동	14,325	5,287	3,459	2,731	2,083	576	142	32	11	2	2
2018.07	도봉구	소계	137,657	42,047	32,284	29,160	25,991	6,272	1,395	361	96	37	14
2018.07	도봉구	쌍문1동	9,130	2,938	2,197	1,891	1,553	418	99	24	7	1	2
2018.07	도봉구	쌍문2동	8,599	2,856	2,137	1,787	1,375	322	96	20	2	1	3
2018.07	도봉구	쌍문3동	7,638	2,913	1,800	1,422	1,138	288	58	15	3	-	1
2018.07	도봉구	쌍문4동	7,180	1,500	1,478	1,742	1,939	427	71	17	5	1	-
2018.07	도봉구	방학1동	12,703	4,398	2,914	2,445	2,165	609	115	43	9	3	2
2018.07	도봉구	방학2동	9,551	3,539	2,319	1,834	1,399	349	84	22	4	1	-
2018.07	도봉구	방학3동	10,143	1,714	2,234	2,619	2,708	669	143	33	18	5	-
2018.07	도봉구	창1동	10,890	3,371	2,476	2,343	2,146	440	89	22	2	1	-
2018.07	도봉구	창2동	12,379	3,546	2,951	2,748	2,368	557	149	39	13	8	-
2018.07	도봉구	창3동	6,673	2,456	1,630	1,271	1,002	241	56	14	1	2	-
2018.07	도봉구	창4동	10,569	2,634	2,187	2,367	2,651	572	119	26	11	2	-
2018.07	도봉구	창5동	9,878	2,458	2,237	2,356	2,169	513	98	33	9	5	-
2018.07	도봉구	도봉1동	10,290	3,931	2,688	1,812	1,357	380	79	23	9	6	5
2018.07	도봉구	도봉2동	12,034	3,793	3,036	2,523	2,021	487	139	30	3	1	1
2018.07	노원구	소계	217,528	66,215	47,214	45,080	46,411	10,036	1,967	412	133	32	28
2018.07	노원구	월계1동	10,470	4,280	2,141	1,766	1,724	452	86	17	4	-	-
2018.07	노원구	월계2동	11,255	3,645	2,894	2,220	1,901	466	100	22	5	-	2
2018.07	노원구	월계3동	12,989	3,484	3,410	2,961	2,445	519	128	27	11	3	1
2018.07	노원구	공릉2동	16,071	5,080	2,993	3,218	3,772	774	179	33	11	11	-
2018.07	노원구	하계1동	12,299	4,562	2,286	2,242	2,535	531	107	15	16	-	5
2018.07	노원구	하계2동	8,347	1,545	1,737	2,031	2,404	536	77	12	4	1	-
2018.07	노원구	중계본동	9,236	2,135	1,369	1,945	2,912	701	134	28	10	1	1
2018.07	노원구	중계1동	9,105	1,387	1,287	2,260	3,430	616	98	19	7	1	-
2018.07	노원구	중계4동	8,449	2,356	1,933	1,707	1,938	411	79	17	5	1	2
2018.07	노원구	상계1동	15,659	4,250	3,512	3,361	3,421	878	186	30	11	3	7
2018.07	노원구	상계2동	8,729	2,998	1,687	1,648	1,872	404	89	19	9	2	1
2018.07	노원구	상계5동	11,132	3,807	2,626	2,177	1,942	453	84	30	9	1	3
2018.07	노원구	상계8동	9,302	2,116	2,182	2,363	2,175	402	51	12	1	-	-
2018.07	노원구	상계9동	8,510	1,968	2,060	2,040	2,006	359	59	17	1	-	-
2018.07	노원구	상계10동	6,662	1,690	1,630	1,624	1,411	228	56	16	3	2	2
2018.07	노원구	상계3.4동	11,854	4,540	2,804	2,071	1,800	491	112	25	9	2	-
2018.07	노원구	상계6.7동	14,058	4,032	3,152	3,145	3,045	569	83	24	5	1	2
2018.07	노원구	중계2.3동	15,502	4,624	3,882	3,255	2,966	631	115	20	5	2	2
2018.07	노원구	공릉1동	17,899	7,716	3,629	3,046	2,712	615	144	29	7	1	-
2018.07	은평구	소계	203,528	71,874	46,033	39,426	34,558	8,899	2,016	519	138	34	31
2018.07	은평구	녹번동	14,777	5,985	3,341	2,633	2,149	511	118	33	5	1	1
2018.07	은평구	불광1동	17,699	6,112	4,133	3,690	2,866	693	145	46	12	2	-
2018.07	은평구	갈현1동	11,112	4,270	2,624	2,077	1,611	413	88	21	4	3	1
2018.07	은평구	갈현2동	12,486	3,973	2,910	2,667	2,219	564	109	30	11	1	2
2018.07	은평구	구산동	12,738	3,617	2,997	2,752	2,509	647	152	38	16	1	9
2018.07	은평구	대조동	15,699	7,245	3,450	2,465	1,909	475	111	36	6	2	-
2018.07	은평구	응암1동	11,200	4,427	2,406	1,984	1,797	448	98	22	8	4	6
2018.07	은평구	응암2동	8,330	2,406	1,861	1,856	1,697	381	99	21	6	2	1
2018.07	은평구	신사1동	11,286	3,464	2,673	2,427	2,074	497	104	33	8	4	2
2018.07	은평구	신사2동	9,084	2,949	2,108	1,822	1,657	416	99	27	4	1	1
2018.07	은평구	증산동	6,921	2,381	1,644	1,303	1,192	314	60	22	5	-	-
2018.07	은평구	수색동	5,181	1,868	1,238	960	841	204	51	16	2	1	-
2018.07	은평구	진관동	20,105	5,101	3,804	4,054	5,079	1,605	364	71	20	3	4
2018.07	은평구	불광2동	13,649	5,551	3,262	2,412	1,815	464	107	24	10	3	1
2018.07	은평구	응암3동	12,416	5,508	2,798	2,055	1,547	384	91	24	5	2	2
2018.07	은평구	역촌동	20,845	7,017	4,784	4,269	3,596	883	220	55	16	4	1
2018.07	서대문구	소계	137,666	56,080	28,597	24,309	21,646	5,300	1,261	342	90	24	17
2018.07	서대문구	천연동	8,348	3,330	1,694	1,556	1,378	306	63	17	1	1	2
2018.07	서대문구	홍제1동	9,519	3,154	2,261	1,863	1,671	405	121	27	9	4	4
2018.07	서대문구	홍제3동	7,118	2,588	1,625	1,373	1,143	288	74	16	10	-	1
2018.07	서대문구	홍제2동	5,833	1,631	1,416	1,277	1,169	259	56	16	5	1	3
2018.07	서대문구	홍은1동	9,762	3,214	2,159	1,955	1,821	473	102	26	9	-	3
2018.07	서대문구	홍은2동	12,522	4,692	2,786	2,323	2,039	493	130	41	14	4	-
2018.07	서대문구	남가좌1동	6,070	1,430	1,162	1,478	1,486	390	91	27	5	1	-
2018.07	서대문구	남가좌2동	10,096	4,190	2,176	1,719	1,520	383	82	15	7	2	2
2018.07	서대문구	북가좌1동	7,017	1,502	1,594	1,688	1,694	409	98	26	4	2	-
2018.07	서대문구	북가좌2동	14,705	5,296	3,433	2,837	2,424	558	117	38	2	-	-
2018.07	서대문구	충현동	8,774	4,313	1,661	1,264	1,136	301	75	19	4	1	-
2018.07	서대문구	북아현동	7,568	2,804	1,653	1,508	1,295	236	57	11	1	3	-
2018.07	서대문구	신촌동	11,784	8,538	1,477	852	669	167	55	18	6	-	2
2018.07	서대문구	연희동	18,550	9,398	3,500	2,616	2,201	632	140	45	13	5	-
2018.07	마포구	소계	170,955	73,761	35,118	28,672	25,571	6,055	1,282	339	98	34	25
2018.07	마포구	용강동	9,105	3,070	1,930	1,894	1,724	381	79	17	7	3	-
2018.07	마포구	대흥동	7,201	4,688	1,184	653	523	117	23	9	1	-	3
2018.07	마포구	염리동	4,967	2,352	1,016	752	628	166	39	8	5	-	1
2018.07	마포구	신수동	9,181	3,491	1,873	1,759	1,603	342	77	28	7	1	-
2018.07	마포구	서교동	13,901	8,354	2,445	1,507	1,195	302	64	21	10	3	-
2018.07	마포구	합정동	9,607	4,833	2,143	1,300	1,010	231	65	12	3	2	8
2018.07	마포구	망원1동	10,263	4,790	2,265	1,504	1,276	343	60	17	5	2	1
2018.07	마포구	망원2동	8,198	2,800	1,892	1,544	1,523	343	71	16	7	2	-
2018.07	마포구	연남동	8,746	4,697	1,824	1,098	827	223	54	14	5	1	3
2018.07	마포구	성산1동	9,340	4,069	2,002	1,573	1,244	343	73	27	5	3	1
2018.07	마포구	성산2동	17,915	7,007	3,699	3,236	3,070	723	134	32	9	4	1
2018.07	마포구	상암동	12,688	3,939	2,401	2,515	2,786	826	161	44	11	4	1
2018.07	마포구	도화동	9,648	3,562	2,037	1,825	1,688	400	102	24	4	4	2
2018.07	마포구	서강동	11,482	5,028	2,212	1,955	1,795	394	73	17	5	1	2
2018.07	마포구	공덕동	18,440	7,889	3,933	3,210	2,682	554	135	27	8	2	-
2018.07	마포구	아현동	10,273	3,192	2,262	2,347	1,997	367	72	26	6	2	2
2018.07	양천구	소계	176,284	47,819	36,197	38,439	41,712	9,480	1,951	473	138	41	34
2018.07	양천구	목1동	10,530	1,569	1,687	2,795	3,592	688	139	45	7	4	4
2018.07	양천구	목2동	12,808	4,160	2,804	2,595	2,489	605	117	26	7	1	4
2018.07	양천구	목3동	9,425	3,299	2,153	1,911	1,597	336	87	31	7	3	1
2018.07	양천구	목4동	10,059	2,726	1,868	2,080	2,626	597	120	27	12	2	1
2018.07	양천구	신월1동	10,138	4,161	2,291	1,824	1,404	350	82	24	1	1	-
2018.07	양천구	신월2동	8,688	2,342	1,990	1,923	1,735	528	115	38	10	4	3
2018.07	양천구	신월3동	8,233	3,835	1,798	1,281	952	283	63	16	2	1	2
2018.07	양천구	신월4동	6,921	1,407	1,561	1,693	1,661	445	124	22	6	2	-
2018.07	양천구	신월5동	6,378	2,040	1,422	1,326	1,190	303	76	18	1	2	-
2018.07	양천구	신월6동	2,592	693	565	555	584	148	36	8	2	1	-
2018.07	양천구	신월7동	9,360	2,833	2,447	2,033	1,602	336	79	22	7	-	1
2018.07	양천구	신정1동	7,237	1,400	1,205	1,651	2,341	521	91	17	9	-	2
2018.07	양천구	신정2동	7,204	1,549	1,239	1,506	2,279	524	84	12	5	3	3
2018.07	양천구	신정3동	17,896	4,187	3,870	3,992	4,356	1,196	229	45	15	3	3
2018.07	양천구	신정6동	8,170	992	1,372	2,224	2,931	522	102	14	11	1	1
2018.07	양천구	신정7동	11,233	2,713	2,413	2,589	2,824	552	98	26	15	2	1
2018.07	양천구	목5동	13,547	1,609	1,988	3,555	5,210	936	177	47	14	9	2
2018.07	양천구	신정4동	15,865	6,304	3,524	2,906	2,339	610	132	35	7	2	6
2018.07	강서구	소계	256,746	94,616	56,334	48,695	43,635	10,528	2,177	536	145	53	27
2018.07	강서구	염창동	14,508	3,063	2,726	3,581	4,114	831	143	39	7	3	1
2018.07	강서구	등촌1동	11,591	5,913	2,098	1,689	1,513	304	48	21	1	3	1
2018.07	강서구	등촌2동	8,561	2,360	1,963	1,889	1,788	411	102	34	8	6	-
2018.07	강서구	등촌3동	14,722	5,216	3,834	2,815	2,264	475	94	16	4	4	-
2018.07	강서구	화곡본동	16,045	6,331	3,620	3,004	2,332	566	131	43	12	5	1
2018.07	강서구	화곡2동	8,232	2,686	1,971	1,707	1,372	407	61	21	5	-	2
2018.07	강서구	화곡3동	9,128	2,928	2,056	1,908	1,646	442	117	21	5	3	2
2018.07	강서구	화곡4동	9,789	3,490	2,372	1,959	1,492	363	85	24	3	1	-
2018.07	강서구	화곡6동	10,897	4,343	2,299	1,995	1,717	424	84	20	8	2	5
2018.07	강서구	화곡8동	11,572	4,129	2,920	2,240	1,740	410	106	22	4	1	-
2018.07	강서구	가양1동	17,953	10,784	2,502	2,075	2,004	473	85	21	6	1	2
2018.07	강서구	가양2동	8,132	3,755	2,180	1,236	722	174	48	9	5	2	1
2018.07	강서구	가양3동	7,723	2,868	2,383	1,462	781	182	38	6	3	-	-
2018.07	강서구	발산1동	13,367	2,444	2,849	3,139	3,738	964	184	35	8	5	1
2018.07	강서구	공항동	12,518	5,239	2,584	2,200	1,897	485	86	20	7	-	-
2018.07	강서구	방화1동	17,301	4,600	3,694	3,628	3,995	1,094	214	57	13	3	3
2018.07	강서구	방화2동	11,436	5,139	2,539	1,802	1,407	411	101	26	6	1	4
2018.07	강서구	방화3동	11,254	4,344	2,789	2,105	1,508	384	97	16	7	4	-
2018.07	강서구	화곡1동	25,540	11,223	5,842	4,452	3,021	768	169	44	14	5	2
2018.07	강서구	우장산동	16,477	3,761	3,113	3,809	4,584	960	184	41	19	4	2
2018.07	구로구	소계	171,827	61,660	37,789	32,796	29,969	7,360	1,701	387	111	34	20
2018.07	구로구	신도림동	13,331	2,762	2,835	3,340	3,440	739	166	37	7	4	1
2018.07	구로구	구로1동	7,822	1,664	1,717	1,873	2,077	400	64	16	9	2	-
2018.07	구로구	구로3동	13,550	7,789	2,185	1,702	1,417	344	76	24	11	1	1
2018.07	구로구	구로4동	10,647	4,824	2,504	1,731	1,220	281	65	11	9	2	-
2018.07	구로구	구로5동	14,282	6,510	2,809	2,329	1,990	467	125	38	12	1	1
2018.07	구로구	고척1동	9,495	2,769	2,100	2,010	2,034	439	112	22	6	3	-
2018.07	구로구	고척2동	11,667	3,609	2,595	2,420	2,330	545	138	22	7	-	1
2018.07	구로구	개봉2동	12,711	3,130	3,095	2,946	2,652	662	176	39	7	2	2
2018.07	구로구	개봉3동	8,711	2,487	2,152	1,973	1,606	397	78	14	3	1	-
2018.07	구로구	오류1동	10,426	4,702	2,310	1,645	1,298	357	84	20	4	2	4
2018.07	구로구	오류2동	16,583	4,351	3,842	3,394	3,617	1,061	233	59	16	5	5
2018.07	구로구	수궁동	9,804	2,586	2,410	2,183	1,942	529	124	22	3	5	-
2018.07	구로구	가리봉동	5,908	3,791	1,057	557	360	113	23	3	2	-	2
2018.07	구로구	구로2동	12,886	6,030	2,888	1,957	1,489	386	93	30	8	4	1
2018.07	구로구	개봉1동	14,004	4,656	3,290	2,736	2,497	640	144	30	7	2	2
2018.07	금천구	소계	106,464	45,442	22,578	18,045	15,378	3,813	923	195	51	21	18
2018.07	금천구	가산동	12,724	8,811	1,676	1,150	828	195	54	7	1	2	-
2018.07	금천구	독산1동	17,384	8,108	3,297	2,713	2,449	626	149	26	8	3	5
2018.07	금천구	독산2동	9,368	3,880	2,125	1,678	1,308	287	72	13	1	2	2
2018.07	금천구	독산3동	12,185	5,403	2,700	2,014	1,576	373	97	15	5	2	-
2018.07	금천구	독산4동	7,666	3,210	1,705	1,350	1,040	270	68	15	5	1	2
2018.07	금천구	시흥1동	15,310	5,956	3,439	2,765	2,404	585	109	42	6	2	2
2018.07	금천구	시흥2동	8,538	1,939	2,023	1,887	1,999	500	142	32	10	2	4
2018.07	금천구	시흥3동	4,739	1,403	1,211	1,003	833	224	46	14	2	2	1
2018.07	금천구	시흥4동	9,183	3,019	2,184	1,831	1,604	413	99	18	9	5	1
2018.07	금천구	시흥5동	9,367	3,713	2,218	1,654	1,337	340	87	13	4	-	1
2018.07	영등포구	소계	169,466	74,510	33,884	28,366	25,013	5,906	1,324	313	94	26	30
2018.07	영등포구	여의동	12,757	3,371	2,832	2,971	2,765	596	154	42	16	5	5
2018.07	영등포구	당산1동	10,207	4,966	2,056	1,546	1,232	298	81	17	6	2	3
2018.07	영등포구	당산2동	16,915	8,162	2,866	2,661	2,500	554	128	30	11	2	1
2018.07	영등포구	양평1동	8,434	3,892	1,808	1,394	1,035	232	50	17	4	2	-
2018.07	영등포구	양평2동	9,857	3,872	1,977	1,801	1,716	387	81	15	4	2	2
2018.07	영등포구	신길1동	9,528	5,436	1,784	1,156	860	225	45	16	4	1	1
2018.07	영등포구	신길3동	7,024	2,744	1,455	1,285	1,166	308	45	16	3	1	1
2018.07	영등포구	신길4동	4,361	1,839	957	752	613	162	28	7	3	-	-
2018.07	영등포구	신길5동	4,557	1,910	1,014	793	616	172	43	6	-	1	2
2018.07	영등포구	신길6동	8,256	3,352	1,774	1,458	1,248	334	64	15	6	1	4
2018.07	영등포구	신길7동	6,563	1,930	1,286	1,334	1,555	361	74	16	6	-	1
2018.07	영등포구	대림1동	6,436	2,934	1,401	1,015	816	202	48	13	4	2	1
2018.07	영등포구	대림2동	6,484	3,147	1,532	910	662	176	41	11	4	1	-
2018.07	영등포구	대림3동	10,639	3,897	2,405	1,988	1,800	412	101	29	4	2	1
2018.07	영등포구	영등포본동	10,141	4,277	1,999	1,810	1,570	388	73	13	7	1	3
2018.07	영등포구	영등포동	15,657	10,985	2,049	1,254	1,061	234	57	10	4	-	3
2018.07	영등포구	도림동	9,319	4,333	2,061	1,449	1,099	284	73	14	4	1	1
2018.07	영등포구	문래동	12,331	3,463	2,628	2,789	2,699	581	138	26	4	2	1
2018.07	동작구	소계	174,872	71,168	35,868	30,919	28,127	6,736	1,496	416	98	22	22
2018.07	동작구	노량진2동	7,157	3,900	1,423	967	669	152	33	8	4	1	-
2018.07	동작구	상도1동	20,946	9,113	3,837	3,672	3,337	763	173	42	7	-	2
2018.07	동작구	상도2동	11,814	4,679	2,418	2,102	2,023	458	106	20	5	1	2
2018.07	동작구	상도3동	11,494	4,619	2,549	2,084	1,650	437	105	37	8	3	2
2018.07	동작구	상도4동	12,992	4,837	2,974	2,468	2,096	499	84	26	4	1	3
2018.07	동작구	사당1동	12,417	6,715	2,523	1,659	1,190	245	62	13	6	3	1
2018.07	동작구	사당3동	10,492	3,345	2,316	2,165	2,022	478	118	37	7	1	3
2018.07	동작구	사당4동	6,770	2,800	1,526	1,172	982	235	33	15	6	1	-
2018.07	동작구	사당5동	5,667	2,177	1,181	1,093	938	219	40	14	3	1	1
2018.07	동작구	대방동	16,823	6,427	3,144	2,904	3,329	762	179	59	13	2	4
2018.07	동작구	신대방1동	9,921	3,451	1,949	1,813	2,058	496	116	32	4	-	2
2018.07	동작구	신대방2동	9,012	3,755	1,653	1,525	1,526	419	95	33	6	-	-
2018.07	동작구	흑석동	12,879	5,127	2,587	2,366	2,144	523	96	24	9	3	-
2018.07	동작구	노량진1동	14,637	6,183	3,021	2,528	2,176	566	125	26	7	4	1
2018.07	동작구	사당2동	11,851	4,040	2,767	2,401	1,987	484	131	30	9	1	1
2018.07	관악구	소계	260,090	139,489	48,095	34,417	28,791	7,035	1,645	438	113	41	26
2018.07	관악구	보라매동	11,893	5,256	2,593	1,956	1,591	384	87	17	3	3	3
2018.07	관악구	청림동	6,607	1,926	1,569	1,480	1,278	259	68	17	5	2	3
2018.07	관악구	행운동	16,635	9,920	2,837	1,880	1,508	366	95	19	8	1	1
2018.07	관악구	낙성대동	10,566	7,164	1,504	919	719	193	45	15	5	-	2
2018.07	관악구	중앙동	8,868	5,524	1,519	891	700	183	40	7	1	2	1
2018.07	관악구	인헌동	13,870	7,247	2,648	1,902	1,588	369	82	29	5	-	-
2018.07	관악구	남현동	9,139	4,371	1,850	1,410	1,135	283	50	29	7	1	3
2018.07	관악구	서원동	13,122	7,868	2,415	1,463	1,012	278	68	11	5	2	-
2018.07	관악구	신원동	10,160	5,596	2,117	1,255	923	194	55	12	3	4	1
2018.07	관악구	서림동	14,156	8,992	2,168	1,479	1,113	308	69	20	4	1	2
2018.07	관악구	신사동	12,754	7,437	2,273	1,549	1,137	276	59	17	6	-	-
2018.07	관악구	신림동	15,683	12,421	1,980	730	423	91	32	4	1	1	-
2018.07	관악구	난향동	6,444	1,811	1,461	1,377	1,365	317	83	23	4	1	2
2018.07	관악구	조원동	10,046	6,030	1,795	1,068	888	194	41	23	3	4	-
2018.07	관악구	대학동	15,577	11,383	1,764	1,183	930	237	68	9	2	1	-
2018.07	관악구	은천동	15,446	6,043	3,377	2,727	2,527	565	153	36	11	4	3
2018.07	관악구	성현동	13,010	3,825	2,981	2,654	2,683	677	137	39	10	3	1
2018.07	관악구	청룡동	17,710	12,223	2,479	1,385	1,198	321	78	20	3	2	1
2018.07	관악구	난곡동	12,788	4,801	3,014	2,420	1,941	457	111	34	8	1	1
2018.07	관악구	삼성동	11,545	4,449	2,657	2,048	1,757	485	109	28	9	3	-
2018.07	관악구	미성동	14,071	5,202	3,094	2,641	2,375	598	115	29	10	5	2
2018.07	서초구	소계	174,126	56,848	34,292	34,481	36,748	8,870	2,043	566	175	59	44
2018.07	서초구	서초1동	9,128	3,700	1,733	1,552	1,560	421	112	33	13	4	-
2018.07	서초구	서초2동	7,783	3,255	1,406	1,346	1,382	290	77	19	3	4	1
2018.07	서초구	서초3동	12,836	4,998	2,499	2,304	2,172	605	181	44	19	7	7
2018.07	서초구	서초4동	10,782	2,175	1,879	2,522	3,376	632	136	49	9	3	1
2018.07	서초구	잠원동	13,876	4,600	2,611	2,910	3,033	566	114	25	10	6	1
2018.07	서초구	반포본동	4,235	729	816	998	1,344	277	56	9	3	2	1
2018.07	서초구	반포1동	12,842	6,098	1,928	1,942	2,184	535	105	34	10	5	1
2018.07	서초구	반포2동	7,568	1,137	1,369	1,877	2,409	614	120	29	10	1	2
2018.07	서초구	반포3동	6,775	1,306	1,302	1,714	1,978	377	68	20	6	2	2
2018.07	서초구	반포4동	7,338	1,859	1,491	1,720	1,722	410	88	31	10	5	2
2018.07	서초구	방배본동	7,855	2,091	1,485	1,684	1,940	489	114	35	10	3	4
2018.07	서초구	방배1동	7,483	2,791	1,685	1,402	1,225	281	75	15	4	1	4
2018.07	서초구	방배2동	10,593	3,666	2,409	2,042	1,878	462	90	31	6	3	6
2018.07	서초구	방배3동	8,392	2,303	1,789	1,829	1,878	439	107	31	13	1	2
2018.07	서초구	방배4동	10,090	3,368	2,034	1,935	2,078	514	116	33	9	1	2
2018.07	서초구	양재1동	18,332	5,837	3,895	3,434	3,640	1,151	280	72	16	6	1
2018.07	서초구	양재2동	11,019	4,965	2,260	1,697	1,527	431	93	26	14	2	4
2018.07	서초구	내곡동	7,199	1,970	1,701	1,573	1,422	376	111	30	10	3	3
2018.07	강남구	소계	228,853	87,639	42,106	41,210	44,445	10,271	2,277	613	179	75	38
2018.07	강남구	신사동	7,550	2,931	1,566	1,304	1,302	322	74	24	15	8	4
2018.07	강남구	논현1동	14,064	9,055	2,415	1,326	895	265	71	24	7	4	2
2018.07	강남구	논현2동	11,178	5,806	2,109	1,599	1,258	301	76	18	9	2	-
2018.07	강남구	삼성1동	5,850	1,897	1,173	1,153	1,210	294	87	22	10	4	-
2018.07	강남구	삼성2동	13,095	5,578	2,193	2,289	2,355	509	119	38	9	1	4
2018.07	강남구	대치1동	7,441	571	907	1,943	3,159	678	128	38	9	7	1
2018.07	강남구	대치4동	10,141	5,144	1,669	1,405	1,486	335	77	21	2	1	1
2018.07	강남구	역삼1동	22,803	15,912	3,374	1,808	1,233	334	94	31	14	3	-
2018.07	강남구	역삼2동	14,816	5,744	2,263	2,775	3,221	622	135	30	12	5	9
2018.07	강남구	도곡1동	8,529	2,474	1,506	1,802	2,133	464	104	30	11	4	1
2018.07	강남구	도곡2동	11,980	2,278	2,286	2,986	3,542	725	122	35	3	1	2
2018.07	강남구	개포1동	4,650	1,493	1,005	875	969	249	42	12	3	2	-
2018.07	강남구	개포4동	7,856	2,962	1,508	1,433	1,481	380	65	19	4	-	4
2018.07	강남구	일원본동	8,319	1,530	1,431	2,013	2,696	517	98	23	7	3	1
2018.07	강남구	일원1동	7,592	3,000	1,745	1,355	1,096	311	67	13	4	1	-
2018.07	강남구	일원2동	6,481	1,967	1,540	1,357	1,300	263	43	9	1	-	1
2018.07	강남구	수서동	7,863	3,119	2,287	1,377	804	193	60	15	4	3	1
2018.07	강남구	세곡동	17,295	5,341	3,533	3,244	3,552	1,204	323	76	16	4	2
2018.07	강남구	압구정동	10,725	2,933	2,312	2,431	2,335	546	117	34	8	7	2
2018.07	강남구	청담동	12,150	4,313	2,335	2,386	2,327	561	158	41	17	9	3
2018.07	강남구	대치2동	13,564	2,476	2,083	3,243	4,618	915	163	51	10	5	-
2018.07	강남구	개포2동	4,911	1,115	866	1,106	1,473	283	54	9	4	1	-
2018.07	송파구	소계	268,802	88,488	54,644	54,476	55,132	12,424	2,741	632	186	47	32
2018.07	송파구	풍납1동	6,886	2,549	1,624	1,305	1,105	230	57	9	4	3	-
2018.07	송파구	풍납2동	10,379	3,701	1,982	2,123	2,024	408	112	22	5	1	1
2018.07	송파구	거여1동	5,322	1,694	1,160	1,068	1,037	279	68	11	4	-	1
2018.07	송파구	거여2동	7,201	2,353	1,757	1,438	1,280	279	71	13	6	1	3
2018.07	송파구	마천1동	9,280	3,548	2,047	1,641	1,464	462	82	32	2	2	-
2018.07	송파구	마천2동	8,569	2,976	2,025	1,645	1,416	366	105	24	9	1	2
2018.07	송파구	방이1동	6,163	1,685	1,193	1,312	1,511	338	95	21	6	1	1
2018.07	송파구	방이2동	12,526	6,303	2,474	1,855	1,438	356	81	17	1	-	1
2018.07	송파구	오륜동	6,020	642	1,020	1,573	2,187	478	81	28	7	3	1
2018.07	송파구	오금동	15,280	4,014	3,304	3,509	3,425	803	170	45	9	-	1
2018.07	송파구	송파1동	12,199	5,448	2,567	2,010	1,626	413	96	27	8	2	2
2018.07	송파구	송파2동	7,303	1,415	1,448	1,777	2,035	492	100	22	10	3	1
2018.07	송파구	석촌동	16,446	7,773	3,418	2,575	2,027	480	126	29	12	5	1
2018.07	송파구	삼전동	16,200	7,848	3,222	2,513	2,042	461	80	26	4	1	3
2018.07	송파구	가락본동	11,634	4,143	2,329	2,304	2,224	511	93	25	2	1	2
2018.07	송파구	가락1동	355	132	58	58	82	22	1	2	-	-	-
2018.07	송파구	가락2동	12,268	2,712	2,383	2,935	3,341	686	162	38	8	2	1
2018.07	송파구	문정1동	8,503	2,606	1,801	1,778	1,775	420	98	13	8	4	-
2018.07	송파구	문정2동	15,108	7,947	2,762	1,972	1,847	433	101	25	15	4	2
2018.07	송파구	장지동	13,367	3,583	3,066	2,990	2,828	700	156	33	11	-	-
2018.07	송파구	위례동	9,075	1,062	1,683	2,323	2,959	839	169	29	7	2	2
2018.07	송파구	잠실본동	14,477	7,239	2,813	2,128	1,768	396	98	28	6	-	1
2018.07	송파구	잠실4동	10,421	1,757	2,131	2,879	2,929	559	133	19	10	4	-
2018.07	송파구	잠실6동	5,910	947	1,292	1,551	1,630	375	82	20	9	2	2
2018.07	송파구	잠실7동	3,481	484	786	886	1,034	223	47	14	4	3	-
2018.07	송파구	잠실2동	12,035	1,883	1,820	3,072	4,377	708	137	27	9	1	1
2018.07	송파구	잠실3동	12,394	2,044	2,479	3,256	3,721	707	140	33	10	1	3
2018.07	강동구	소계	177,579	60,616	37,692	34,973	33,786	8,197	1,715	423	120	30	27
2018.07	강동구	강일동	11,178	2,155	2,423	2,216	2,968	1,155	211	40	6	3	1
2018.07	강동구	상일동	4,194	1,140	889	924	954	213	52	12	7	1	2
2018.07	강동구	명일1동	8,194	1,985	1,608	1,929	2,072	452	114	20	10	2	2
2018.07	강동구	명일2동	5,890	980	1,016	1,302	2,036	447	78	22	7	2	-
2018.07	강동구	고덕1동	9,128	1,531	1,651	2,252	2,899	635	121	25	7	2	5
2018.07	강동구	고덕2동	3,544	1,507	791	607	475	131	19	10	2	-	2
2018.07	강동구	암사2동	5,892	1,784	1,300	1,280	1,226	236	50	12	1	1	2
2018.07	강동구	암사3동	6,325	1,028	1,252	1,634	1,845	422	93	29	15	3	4
2018.07	강동구	천호1동	12,946	5,024	2,915	2,477	1,920	480	98	23	6	2	1
2018.07	강동구	천호3동	13,405	6,156	2,874	2,198	1,651	397	96	25	5	2	1
2018.07	강동구	성내1동	8,162	2,290	1,824	1,833	1,716	404	64	24	4	2	1
2018.07	강동구	성내2동	12,399	5,822	2,736	1,975	1,427	332	80	19	7	1	-
2018.07	강동구	성내3동	10,192	3,672	2,158	2,026	1,822	415	70	21	6	1	1
2018.07	강동구	둔촌1동	198	137	24	14	16	5	2	-	-	-	-
2018.07	강동구	둔촌2동	11,156	3,335	2,323	2,368	2,451	541	105	27	3	2	1
2018.07	강동구	암사1동	16,305	6,061	3,637	3,123	2,711	586	141	32	11	1	2
2018.07	강동구	천호2동	17,567	8,234	3,795	2,824	2,098	453	130	25	8	-	-
2018.07	강동구	길동	20,904	7,775	4,476	3,991	3,499	893	191	57	15	5	2
2018.08	합계	합계	4,249,335	1,653,940	883,863	772,526	716,047	171,028	38,177	9,596	2,731	813	614
2018.08	종로구	소계	73,559	35,738	13,843	10,875	9,548	2,627	644	195	54	22	13
2018.08	종로구	사직동	4,488	2,119	891	681	577	156	31	22	7	1	3
2018.08	종로구	삼청동	1,423	751	248	198	151	54	15	5	-	1	-
2018.08	종로구	부암동	4,297	1,605	942	737	729	195	57	22	5	3	2
2018.08	종로구	평창동	7,573	2,463	1,628	1,472	1,448	413	105	25	10	7	2
2018.08	종로구	무악동	3,004	708	652	667	757	173	35	8	2	1	1
2018.08	종로구	교남동	4,535	1,587	1,080	871	779	161	37	15	4	1	-
2018.08	종로구	가회동	2,060	920	439	322	265	81	22	7	3	-	1
2018.08	종로구	종로1.2.3.4가동	5,298	4,150	553	299	218	53	16	6	3	-	-
2018.08	종로구	종로5·6가동	3,129	2,042	475	312	217	68	10	2	1	2	-
2018.08	종로구	이화동	4,483	2,640	774	529	395	114	19	11	-	1	-
2018.08	종로구	창신1동	3,004	1,748	569	358	234	76	17	2	-	-	-
2018.08	종로구	창신2동	4,199	1,944	838	656	542	164	41	10	2	2	-
2018.08	종로구	창신3동	2,872	848	665	624	504	191	32	5	3	-	-
2018.08	종로구	숭인1동	2,989	1,320	644	491	375	118	31	8	2	-	-
2018.08	종로구	숭인2동	5,690	3,669	887	561	435	101	28	7	2	-	-
2018.08	종로구	청운효자동	5,405	1,933	1,114	1,001	1,000	247	82	20	5	3	-
2018.08	종로구	혜화동	9,110	5,291	1,444	1,096	922	262	66	20	5	-	4
2018.08	중구	소계	61,127	29,373	12,703	9,228	7,347	1,829	475	107	35	10	20
2018.08	중구	소공동	1,069	594	200	148	102	16	6	1	-	-	2
2018.08	중구	회현동	3,253	2,218	441	292	221	60	14	5	2	-	-
2018.08	중구	명동	1,395	913	211	137	95	26	8	1	1	-	3
2018.08	중구	필동	2,263	1,392	390	240	173	52	10	4	1	-	1
2018.08	중구	장충동	2,652	1,605	461	267	219	76	17	3	1	-	3
2018.08	중구	광희동	2,890	1,807	515	277	212	51	22	4	1	-	1
2018.08	중구	을지로동	1,209	951	135	69	36	12	3	3	-	-	-
2018.08	중구	신당5동	4,450	2,061	918	695	590	134	36	11	3	2	-
2018.08	중구	황학동	6,459	3,410	1,347	873	618	162	39	7	2	1	-
2018.08	중구	중림동	5,721	2,421	1,237	1,006	823	166	51	12	5	-	-
2018.08	중구	신당동	4,415	2,637	812	490	356	85	27	6	-	2	-
2018.08	중구	다산동	6,905	2,993	1,622	1,107	900	212	52	11	5	-	3
2018.08	중구	약수동	7,805	2,766	1,995	1,559	1,110	286	68	12	5	-	4
2018.08	중구	청구동	6,449	2,435	1,522	1,186	984	256	47	10	3	3	3
2018.08	중구	동화동	4,192	1,170	897	882	908	235	75	17	6	2	-
2018.08	용산구	소계	108,664	50,389	22,099	17,058	14,222	3,634	901	244	71	26	20
2018.08	용산구	후암동	8,533	3,930	1,688	1,397	1,119	295	74	19	5	2	4
2018.08	용산구	용산2가동	5,539	2,782	1,208	799	562	147	32	8	1	-	-
2018.08	용산구	남영동	5,411	4,144	585	347	238	72	15	7	1	-	2
2018.08	용산구	원효로2동	6,037	1,978	1,307	1,192	1,156	295	73	20	9	5	2
2018.08	용산구	효창동	3,608	1,274	806	642	627	187	53	14	2	2	1
2018.08	용산구	용문동	5,354	1,865	1,234	1,050	911	221	54	13	3	2	1
2018.08	용산구	이촌1동	10,169	2,195	2,204	2,599	2,436	535	147	34	15	3	1
2018.08	용산구	이촌2동	3,859	1,271	1,009	794	585	148	37	8	7	-	-
2018.08	용산구	이태원1동	3,851	2,228	719	448	307	108	32	8	1	-	-
2018.08	용산구	이태원2동	4,943	2,606	1,007	683	470	126	40	7	3	-	1
2018.08	용산구	서빙고동	5,329	1,714	1,082	967	1,152	327	61	21	4	-	1
2018.08	용산구	보광동	7,766	3,970	1,663	1,084	794	199	39	15	2	-	-
2018.08	용산구	청파동	10,649	5,948	1,995	1,274	1,042	282	78	19	7	1	3
2018.08	용산구	원효로1동	7,299	3,327	1,555	1,170	964	221	42	10	6	4	-
2018.08	용산구	한강로동	9,397	5,240	1,758	1,211	902	209	56	17	1	2	1
2018.08	용산구	한남동	10,920	5,917	2,279	1,401	957	262	68	24	4	5	3
2018.08	성동구	소계	136,494	54,077	29,251	25,013	21,632	4,900	1,184	304	97	23	13
2018.08	성동구	왕십리2동	7,695	2,921	1,654	1,464	1,256	280	97	14	2	4	3
2018.08	성동구	마장동	10,591	4,432	2,246	1,774	1,604	403	92	22	12	4	2
2018.08	성동구	사근동	7,013	4,779	917	606	535	129	28	14	3	2	-
2018.08	성동구	행당1동	7,024	2,905	1,446	1,271	1,075	250	51	17	8	-	1
2018.08	성동구	행당2동	9,485	2,326	2,205	2,228	2,134	440	102	37	10	2	1
2018.08	성동구	응봉동	6,207	1,641	1,371	1,390	1,380	329	70	19	6	-	1
2018.08	성동구	금호1가동	6,517	2,013	1,591	1,390	1,176	257	67	19	3	1	-
2018.08	성동구	금호4가동	6,482	2,168	1,556	1,411	1,048	235	49	10	5	-	-
2018.08	성동구	성수1가1동	7,633	3,058	1,609	1,337	1,275	269	67	11	5	1	1
2018.08	성동구	성수1가2동	7,246	3,214	1,506	1,196	1,035	233	49	7	4	1	1
2018.08	성동구	성수2가1동	8,581	4,074	1,732	1,335	1,111	250	59	16	3	1	-
2018.08	성동구	성수2가3동	5,652	2,790	1,075	822	708	186	56	11	3	1	-
2018.08	성동구	송정동	5,497	2,620	1,128	834	690	174	38	11	1	1	-
2018.08	성동구	용답동	8,059	4,394	1,525	989	889	202	50	8	1	-	1
2018.08	성동구	왕십리도선동	11,568	4,188	2,435	2,290	2,074	436	108	30	6	-	1
2018.08	성동구	금호2.3가동	10,292	3,470	2,503	2,137	1,669	386	84	27	12	3	1
2018.08	성동구	옥수동	10,952	3,084	2,752	2,539	1,973	441	117	31	13	2	-
2018.08	광진구	소계	161,556	69,734	32,236	27,270	24,951	5,606	1,278	334	100	27	20
2018.08	광진구	화양동	15,229	11,689	1,913	814	641	125	36	9	2	-	-
2018.08	광진구	군자동	10,378	5,517	1,977	1,410	1,130	252	65	17	5	3	2
2018.08	광진구	중곡1동	7,884	3,644	1,801	1,280	896	203	38	16	5	1	-
2018.08	광진구	중곡2동	10,222	4,241	2,248	1,812	1,501	321	75	16	4	2	2
2018.08	광진구	중곡3동	8,432	3,761	1,910	1,396	1,034	269	50	9	2	1	-
2018.08	광진구	중곡4동	13,159	4,690	2,927	2,656	2,176	530	139	31	4	3	3
2018.08	광진구	능동	6,124	3,315	1,264	767	560	141	62	10	4	1	-
2018.08	광진구	구의1동	11,551	5,892	2,373	1,649	1,221	311	82	14	8	1	-
2018.08	광진구	구의2동	10,669	3,768	2,322	2,104	1,861	453	110	33	12	3	3
2018.08	광진구	구의3동	12,145	3,957	2,452	2,516	2,523	551	102	28	12	2	2
2018.08	광진구	광장동	11,967	2,138	1,786	2,949	4,127	749	161	38	17	2	-
2018.08	광진구	자양1동	11,342	5,369	2,404	1,678	1,451	339	76	18	3	2	2
2018.08	광진구	자양2동	11,304	3,857	2,455	2,302	2,043	482	112	41	7	3	2
2018.08	광진구	자양3동	11,051	2,732	2,320	2,513	2,720	588	118	42	11	3	4
2018.08	광진구	자양4동	10,099	5,164	2,084	1,424	1,067	292	52	12	4	-	-
2018.08	동대문구	소계	161,984	72,147	32,437	26,441	23,131	5,906	1,448	346	92	23	13
2018.08	동대문구	회기동	5,910	3,725	863	607	530	147	29	6	3	-	-
2018.08	동대문구	휘경1동	6,877	3,839	1,216	863	717	177	46	14	3	2	-
2018.08	동대문구	휘경2동	11,152	4,949	2,045	1,817	1,762	443	99	26	7	2	2
2018.08	동대문구	청량리동	10,506	4,817	2,296	1,615	1,293	367	96	18	3	-	1
2018.08	동대문구	용신동	16,270	9,186	3,001	1,923	1,588	435	96	34	6	1	-
2018.08	동대문구	제기동	12,750	6,595	2,500	1,737	1,383	393	117	17	5	2	1
2018.08	동대문구	전농1동	14,366	6,751	2,834	2,283	1,905	452	101	28	6	5	1
2018.08	동대문구	전농2동	7,655	2,064	1,771	1,719	1,540	402	121	34	2	-	2
2018.08	동대문구	답십리1동	11,961	4,519	2,381	2,334	2,034	529	119	31	11	1	2
2018.08	동대문구	답십리2동	11,978	3,995	2,804	2,345	2,152	509	127	35	9	2	-
2018.08	동대문구	장안1동	17,106	6,857	3,648	3,081	2,622	684	159	42	9	4	-
2018.08	동대문구	장안2동	12,607	4,186	2,608	2,652	2,419	570	138	23	10	-	1
2018.08	동대문구	이문1동	14,141	7,872	2,543	1,766	1,470	367	98	13	7	3	2
2018.08	동대문구	이문2동	8,705	2,792	1,927	1,699	1,716	431	102	25	11	1	1
2018.08	중랑구	소계	179,914	71,113	40,075	32,768	27,496	6,638	1,364	340	88	19	13
2018.08	중랑구	면목2동	12,156	5,225	2,670	2,049	1,676	427	88	16	5	-	-
2018.08	중랑구	면목4동	9,488	3,962	2,112	1,692	1,322	314	62	20	4	-	-
2018.08	중랑구	면목5동	4,624	1,891	1,085	821	644	147	26	8	2	-	-
2018.08	중랑구	면목7동	10,097	4,165	2,266	1,817	1,422	338	65	18	4	2	-
2018.08	중랑구	상봉1동	10,166	2,979	2,278	2,211	2,154	439	76	23	5	1	-
2018.08	중랑구	상봉2동	10,061	5,458	2,036	1,335	970	194	47	11	8	2	-
2018.08	중랑구	중화1동	8,830	3,041	2,081	1,756	1,493	368	65	17	7	1	1
2018.08	중랑구	중화2동	14,268	7,080	3,122	2,126	1,486	360	70	18	3	2	1
2018.08	중랑구	묵1동	14,465	4,523	3,150	3,065	2,841	676	155	40	12	1	2
2018.08	중랑구	묵2동	9,130	3,697	2,075	1,690	1,263	316	71	13	-	2	3
2018.08	중랑구	망우3동	8,435	3,530	1,993	1,478	1,121	236	56	16	3	2	-
2018.08	중랑구	신내1동	14,475	3,150	3,158	3,143	3,611	1,129	221	47	13	2	1
2018.08	중랑구	신내2동	8,999	2,569	2,196	2,023	1,738	359	85	18	9	1	1
2018.08	중랑구	면목본동	17,474	8,062	3,855	2,861	2,114	460	88	26	5	1	2
2018.08	중랑구	면목3.8동	12,589	5,414	2,850	2,173	1,647	382	91	27	4	1	-
2018.08	중랑구	망우본동	14,657	6,367	3,148	2,528	1,994	493	98	22	4	1	2
2018.08	성북구	소계	186,665	70,336	38,548	34,849	32,435	7,908	1,876	522	121	30	40
2018.08	성북구	돈암1동	6,383	1,760	1,493	1,418	1,303	308	78	18	2	1	2
2018.08	성북구	돈암2동	8,510	1,512	1,733	2,146	2,350	566	136	47	15	3	2
2018.08	성북구	안암동	8,764	5,473	1,376	924	763	180	34	9	2	2	1
2018.08	성북구	보문동	7,999	3,650	1,598	1,302	1,152	238	48	8	1	-	2
2018.08	성북구	정릉1동	7,040	2,029	1,502	1,562	1,465	363	89	25	2	1	2
2018.08	성북구	정릉2동	9,609	2,897	2,225	2,039	1,857	442	107	34	4	2	2
2018.08	성북구	정릉3동	7,597	3,734	1,458	1,167	907	256	54	14	3	1	3
2018.08	성북구	정릉4동	11,055	3,558	2,515	2,362	2,005	451	123	31	8	1	1
2018.08	성북구	길음1동	13,010	2,577	2,392	3,197	3,838	765	180	43	9	3	6
2018.08	성북구	길음2동	4,966	1,887	985	882	913	228	54	15	2	-	-
2018.08	성북구	월곡1동	10,725	3,060	2,360	2,254	2,323	550	136	32	6	3	1
2018.08	성북구	월곡2동	8,872	3,656	1,766	1,540	1,398	378	102	20	7	2	3
2018.08	성북구	장위1동	9,010	3,250	2,100	1,703	1,456	380	79	32	6	2	2
2018.08	성북구	장위2동	7,036	2,673	1,685	1,300	996	284	68	22	7	1	-
2018.08	성북구	장위3동	4,848	1,703	1,042	911	893	230	49	18	2	-	-
2018.08	성북구	성북동	8,023	3,608	1,700	1,223	1,025	335	84	31	10	1	6
2018.08	성북구	삼선동	12,658	6,027	2,435	1,891	1,744	423	103	24	9	2	-
2018.08	성북구	동선동	8,886	5,466	1,456	958	732	194	56	14	7	-	3
2018.08	성북구	종암동	16,986	6,098	3,401	3,317	3,133	801	167	52	10	4	3
2018.08	성북구	석관동	14,688	5,718	3,326	2,753	2,182	536	129	33	9	1	1
2018.08	강북구	소계	143,113	56,550	32,797	25,872	20,939	5,375	1,181	264	84	25	26
2018.08	강북구	번1동	10,130	5,213	2,119	1,433	1,045	244	64	8	4	-	-
2018.08	강북구	번2동	7,542	2,498	2,053	1,550	1,074	270	75	13	6	1	2
2018.08	강북구	번3동	7,607	2,086	2,101	1,640	1,297	361	90	26	4	1	1
2018.08	강북구	수유1동	10,280	4,484	2,276	1,723	1,326	363	81	14	9	1	3
2018.08	강북구	수유2동	9,530	3,259	2,379	1,882	1,493	393	89	24	8	1	2
2018.08	강북구	수유3동	12,277	6,254	2,585	1,858	1,194	306	60	11	3	3	3
2018.08	강북구	삼양동	12,058	4,682	2,745	2,255	1,766	489	88	19	7	5	2
2018.08	강북구	미아동	11,173	5,320	2,416	1,731	1,289	329	63	15	6	2	2
2018.08	강북구	송중동	13,065	5,418	2,819	2,268	1,900	502	117	31	4	3	3
2018.08	강북구	송천동	13,769	6,045	3,111	2,247	1,802	454	82	16	10	-	2
2018.08	강북구	삼각산동	11,879	2,515	2,427	2,729	3,314	713	135	37	7	1	1
2018.08	강북구	우이동	9,453	3,442	2,298	1,842	1,366	380	95	18	4	5	3
2018.08	강북구	인수동	14,350	5,334	3,468	2,714	2,073	571	142	32	12	2	2
2018.08	도봉구	소계	137,827	42,372	32,341	29,098	25,870	6,245	1,398	358	96	35	14
2018.08	도봉구	쌍문1동	9,160	2,970	2,202	1,890	1,535	429	100	24	7	1	2
2018.08	도봉구	쌍문2동	8,659	2,887	2,168	1,775	1,385	326	92	21	2	-	3
2018.08	도봉구	쌍문3동	7,656	2,929	1,817	1,414	1,134	287	56	14	4	-	1
2018.08	도봉구	쌍문4동	7,175	1,506	1,478	1,738	1,929	428	74	16	5	1	-
2018.08	도봉구	방학1동	12,708	4,429	2,911	2,441	2,144	609	119	41	9	3	2
2018.08	도봉구	방학2동	9,554	3,562	2,314	1,834	1,394	340	83	22	4	1	-
2018.08	도봉구	방학3동	10,139	1,723	2,226	2,613	2,718	666	139	33	16	5	-
2018.08	도봉구	창1동	10,898	3,398	2,485	2,332	2,133	433	93	21	2	1	-
2018.08	도봉구	창2동	12,388	3,580	2,962	2,735	2,345	558	149	38	14	7	-
2018.08	도봉구	창3동	6,668	2,467	1,628	1,261	995	244	55	15	1	2	-
2018.08	도봉구	창4동	10,576	2,656	2,193	2,368	2,623	575	120	28	11	2	-
2018.08	도봉구	창5동	9,905	2,472	2,245	2,372	2,179	492	100	32	8	5	-
2018.08	도봉구	도봉1동	10,287	3,963	2,672	1,804	1,349	375	79	24	10	6	5
2018.08	도봉구	도봉2동	12,054	3,830	3,040	2,521	2,007	483	139	29	3	1	1
2018.08	노원구	소계	217,620	66,549	47,284	45,060	46,194	9,971	1,961	412	126	36	27
2018.08	노원구	월계1동	10,501	4,329	2,129	1,783	1,707	444	88	17	4	-	-
2018.08	노원구	월계2동	11,249	3,662	2,885	2,215	1,904	456	100	22	3	-	2
2018.08	노원구	월계3동	12,970	3,502	3,405	2,955	2,422	515	128	28	12	2	1
2018.08	노원구	공릉2동	16,127	5,159	2,984	3,229	3,755	768	176	35	11	10	-
2018.08	노원구	하계1동	12,220	4,492	2,303	2,219	2,527	537	103	16	16	3	4
2018.08	노원구	하계2동	8,360	1,561	1,740	2,031	2,406	528	77	12	3	2	-
2018.08	노원구	중계본동	9,254	2,153	1,368	1,968	2,892	702	132	27	10	1	1
2018.08	노원구	중계1동	9,136	1,390	1,307	2,269	3,428	622	95	18	6	1	-
2018.08	노원구	중계4동	8,447	2,364	1,929	1,700	1,946	404	80	16	4	2	2
2018.08	노원구	상계1동	15,652	4,257	3,513	3,381	3,392	871	187	31	10	3	7
2018.08	노원구	상계2동	8,754	3,030	1,693	1,652	1,856	402	89	20	8	3	1
2018.08	노원구	상계5동	11,126	3,816	2,632	2,179	1,920	446	92	28	9	1	3
2018.08	노원구	상계8동	9,289	2,121	2,198	2,339	2,170	399	49	12	1	-	-
2018.08	노원구	상계9동	8,507	1,981	2,060	2,048	1,988	354	58	17	1	-	-
2018.08	노원구	상계10동	6,661	1,694	1,653	1,604	1,406	226	56	15	3	2	2
2018.08	노원구	상계3.4동	11,821	4,526	2,808	2,069	1,787	478	115	28	8	2	-
2018.08	노원구	상계6.7동	14,082	4,069	3,169	3,127	3,043	564	79	22	6	1	2
2018.08	노원구	중계2.3동	15,509	4,668	3,871	3,248	2,940	639	116	19	4	2	2
2018.08	노원구	공릉1동	17,955	7,775	3,637	3,044	2,705	616	141	29	7	1	-
2018.08	은평구	소계	203,812	72,260	46,139	39,424	34,393	8,839	2,032	516	140	36	33
2018.08	은평구	녹번동	14,810	6,024	3,355	2,633	2,128	511	120	33	4	1	1
2018.08	은평구	불광1동	17,699	6,159	4,130	3,668	2,857	681	147	43	12	2	-
2018.08	은평구	갈현1동	11,142	4,296	2,634	2,061	1,617	409	95	22	4	3	1
2018.08	은평구	갈현2동	12,525	3,998	2,943	2,660	2,223	545	113	29	11	1	2
2018.08	은평구	구산동	12,740	3,631	2,995	2,746	2,503	651	149	39	16	1	9
2018.08	은평구	대조동	15,700	7,249	3,453	2,460	1,910	472	113	34	7	2	-
2018.08	은평구	응암1동	11,219	4,451	2,407	1,994	1,781	445	101	23	7	4	6
2018.08	은평구	응암2동	8,280	2,394	1,847	1,853	1,681	378	94	23	7	2	1
2018.08	은평구	신사1동	11,421	3,484	2,726	2,457	2,107	491	106	37	7	4	2
2018.08	은평구	신사2동	9,111	2,985	2,124	1,829	1,623	410	105	27	6	1	1
2018.08	은평구	증산동	6,920	2,394	1,642	1,300	1,179	322	56	21	4	1	1
2018.08	은평구	수색동	5,126	1,858	1,217	955	818	208	50	17	2	1	-
2018.08	은평구	진관동	20,183	5,158	3,824	4,085	5,065	1,593	364	66	21	3	4
2018.08	은평구	불광2동	13,661	5,592	3,251	2,412	1,799	460	109	22	10	5	1
2018.08	은평구	응암3동	12,424	5,522	2,790	2,073	1,534	378	93	25	5	1	3
2018.08	은평구	역촌동	20,851	7,065	4,801	4,238	3,568	885	217	55	17	4	1
2018.08	서대문구	소계	137,812	56,307	28,613	24,369	21,527	5,264	1,258	339	93	26	16
2018.08	서대문구	천연동	8,327	3,317	1,695	1,565	1,371	298	60	17	1	1	2
2018.08	서대문구	홍제1동	9,524	3,165	2,259	1,874	1,657	404	118	30	9	4	4
2018.08	서대문구	홍제3동	7,124	2,593	1,631	1,382	1,137	284	72	14	10	-	1
2018.08	서대문구	홍제2동	5,835	1,637	1,404	1,293	1,152	266	58	16	5	1	3
2018.08	서대문구	홍은1동	9,751	3,218	2,141	1,966	1,817	470	103	25	8	1	2
2018.08	서대문구	홍은2동	12,559	4,737	2,797	2,323	2,023	493	126	38	17	5	-
2018.08	서대문구	남가좌1동	6,086	1,447	1,163	1,479	1,484	391	89	26	6	1	-
2018.08	서대문구	남가좌2동	10,137	4,239	2,195	1,706	1,508	376	86	16	7	2	2
2018.08	서대문구	북가좌1동	7,018	1,494	1,613	1,687	1,689	403	99	26	5	2	-
2018.08	서대문구	북가좌2동	14,719	5,335	3,421	2,839	2,414	549	119	40	2	-	-
2018.08	서대문구	충현동	8,808	4,343	1,671	1,270	1,123	301	77	19	3	1	-
2018.08	서대문구	북아현동	7,561	2,802	1,651	1,511	1,291	235	55	12	1	3	-
2018.08	서대문구	신촌동	11,832	8,578	1,482	857	668	167	54	19	5	-	2
2018.08	서대문구	연희동	18,531	9,402	3,490	2,617	2,193	627	142	41	14	5	-
2018.08	마포구	소계	171,142	74,080	35,186	28,635	25,434	6,032	1,277	344	96	33	25
2018.08	마포구	용강동	9,119	3,074	1,945	1,889	1,715	389	81	17	6	3	-
2018.08	마포구	대흥동	7,215	4,719	1,188	642	516	115	22	9	1	-	3
2018.08	마포구	염리동	4,951	2,344	1,009	753	628	162	38	9	7	-	1
2018.08	마포구	신수동	9,214	3,511	1,885	1,765	1,598	345	75	27	7	1	-
2018.08	마포구	서교동	13,893	8,366	2,433	1,505	1,190	302	62	22	10	3	-
2018.08	마포구	합정동	9,581	4,829	2,135	1,299	1,003	228	61	14	2	2	8
2018.08	마포구	망원1동	10,253	4,785	2,275	1,492	1,274	342	62	16	4	2	1
2018.08	마포구	망원2동	8,238	2,854	1,896	1,533	1,514	346	72	16	5	2	-
2018.08	마포구	연남동	8,739	4,720	1,817	1,086	821	222	52	14	3	1	3
2018.08	마포구	성산1동	9,329	4,074	1,996	1,564	1,242	342	74	27	6	3	1
2018.08	마포구	성산2동	18,021	7,111	3,718	3,243	3,048	716	139	32	10	3	1
2018.08	마포구	상암동	12,723	3,978	2,418	2,505	2,786	815	161	44	11	4	1
2018.08	마포구	도화동	9,647	3,555	2,047	1,842	1,665	402	100	26	4	4	2
2018.08	마포구	서강동	11,493	5,051	2,218	1,946	1,786	392	71	19	7	1	2
2018.08	마포구	공덕동	18,461	7,937	3,932	3,212	2,655	556	133	26	8	2	-
2018.08	마포구	아현동	10,265	3,172	2,274	2,359	1,993	358	74	26	5	2	2
2018.08	양천구	소계	176,380	48,000	36,272	38,500	41,554	9,430	1,945	467	139	39	34
2018.08	양천구	목1동	10,520	1,574	1,684	2,787	3,588	686	144	43	7	3	4
2018.08	양천구	목2동	12,821	4,189	2,813	2,577	2,488	602	116	24	7	1	4
2018.08	양천구	목3동	9,603	3,359	2,195	1,966	1,617	338	83	36	6	2	1
2018.08	양천구	목4동	10,063	2,721	1,866	2,106	2,614	596	121	26	10	2	1
2018.08	양천구	신월1동	10,119	4,149	2,305	1,816	1,396	349	80	22	1	1	-
2018.08	양천구	신월2동	8,683	2,333	1,978	1,943	1,739	518	116	40	9	4	3
2018.08	양천구	신월3동	8,233	3,857	1,773	1,294	948	277	63	16	2	1	2
2018.08	양천구	신월4동	6,915	1,420	1,565	1,688	1,648	440	125	21	6	2	-
2018.08	양천구	신월5동	6,411	2,077	1,430	1,325	1,186	298	73	18	2	2	-
2018.08	양천구	신월6동	2,585	690	566	555	582	145	37	7	2	1	-
2018.08	양천구	신월7동	9,347	2,852	2,448	2,022	1,585	333	79	20	7	-	1
2018.08	양천구	신정1동	7,238	1,404	1,205	1,652	2,335	521	91	17	11	-	2
2018.08	양천구	신정2동	7,212	1,555	1,250	1,507	2,273	521	85	11	5	3	2
2018.08	양천구	신정3동	17,774	4,157	3,843	3,975	4,305	1,201	227	44	16	3	3
2018.08	양천구	신정6동	8,179	986	1,393	2,238	2,908	525	102	14	11	1	1
2018.08	양천구	신정7동	11,231	2,716	2,415	2,582	2,829	545	99	26	16	2	1
2018.08	양천구	목5동	13,548	1,604	2,014	3,557	5,194	930	175	48	14	9	3
2018.08	양천구	신정4동	15,898	6,357	3,529	2,910	2,319	605	129	34	7	2	6
2018.08	강서구	소계	257,140	95,257	56,527	48,586	43,385	10,472	2,161	528	146	50	28
2018.08	강서구	염창동	14,500	3,070	2,722	3,591	4,113	809	148	37	7	2	1
2018.08	강서구	등촌1동	11,608	5,938	2,103	1,688	1,504	304	48	19	1	2	1
2018.08	강서구	등촌2동	8,573	2,373	1,961	1,902	1,765	424	100	33	9	6	-
2018.08	강서구	등촌3동	14,713	5,250	3,858	2,768	2,251	465	96	17	4	4	-
2018.08	강서구	화곡본동	16,126	6,440	3,611	2,999	2,332	556	128	42	11	6	1
2018.08	강서구	화곡2동	8,259	2,717	1,978	1,708	1,359	411	58	21	5	-	2
2018.08	강서구	화곡3동	9,154	2,955	2,058	1,914	1,641	442	115	20	5	2	2
2018.08	강서구	화곡4동	9,769	3,482	2,382	1,950	1,478	364	86	23	3	1	-
2018.08	강서구	화곡6동	10,896	4,352	2,308	1,994	1,705	418	83	21	8	2	5
2018.08	강서구	화곡8동	11,593	4,144	2,939	2,244	1,722	415	101	22	4	2	-
2018.08	강서구	가양1동	18,050	10,918	2,499	2,069	1,981	467	84	24	6	-	2
2018.08	강서구	가양2동	8,118	3,762	2,179	1,228	714	169	49	9	5	2	1
2018.08	강서구	가양3동	7,774	2,923	2,398	1,448	781	175	40	6	3	-	-
2018.08	강서구	발산1동	13,372	2,455	2,869	3,132	3,729	957	183	34	8	4	1
2018.08	강서구	공항동	12,553	5,256	2,624	2,201	1,882	474	91	18	6	-	1
2018.08	강서구	방화1동	17,287	4,606	3,692	3,657	3,961	1,082	213	56	14	3	3
2018.08	강서구	방화2동	11,454	5,169	2,541	1,808	1,389	410	98	27	7	1	4
2018.08	강서구	방화3동	11,254	4,360	2,792	2,094	1,501	384	97	15	8	3	-
2018.08	강서구	화곡1동	25,581	11,298	5,866	4,413	3,002	768	171	42	14	5	2
2018.08	강서구	우장산동	16,506	3,789	3,147	3,778	4,575	978	172	42	18	5	2
2018.08	구로구	소계	171,914	61,851	37,864	32,774	29,843	7,367	1,657	394	109	34	21
2018.08	구로구	신도림동	13,354	2,775	2,837	3,358	3,433	738	163	36	7	6	1
2018.08	구로구	구로1동	7,831	1,685	1,721	1,867	2,059	408	62	19	8	2	-
2018.08	구로구	구로3동	13,572	7,820	2,186	1,712	1,399	342	74	25	12	1	1
2018.08	구로구	구로4동	10,618	4,819	2,496	1,719	1,222	278	62	11	9	2	-
2018.08	구로구	구로5동	14,292	6,546	2,799	2,327	1,978	471	120	38	11	1	1
2018.08	구로구	고척1동	9,503	2,768	2,109	2,013	2,038	432	111	23	6	3	-
2018.08	구로구	고척2동	11,679	3,627	2,603	2,413	2,324	545	136	24	6	-	1
2018.08	구로구	개봉2동	12,682	3,106	3,110	2,942	2,636	668	170	38	8	2	2
2018.08	구로구	개봉3동	8,748	2,516	2,171	1,962	1,608	392	80	14	4	1	-
2018.08	구로구	오류1동	10,462	4,728	2,330	1,631	1,306	357	81	18	5	1	5
2018.08	구로구	오류2동	16,600	4,369	3,869	3,375	3,600	1,077	225	61	14	5	5
2018.08	구로구	수궁동	9,819	2,597	2,435	2,176	1,934	525	122	23	4	3	-
2018.08	구로구	가리봉동	5,903	3,804	1,048	558	354	110	22	3	2	-	2
2018.08	구로구	구로2동	12,873	6,037	2,872	1,980	1,465	387	90	29	7	5	1
2018.08	구로구	개봉1동	13,978	4,654	3,278	2,741	2,487	637	139	32	6	2	2
2018.08	금천구	소계	106,572	45,667	22,642	17,994	15,278	3,796	904	199	53	21	18
2018.08	금천구	가산동	12,827	8,918	1,690	1,144	820	192	53	7	1	2	-
2018.08	금천구	독산1동	17,419	8,122	3,331	2,708	2,440	630	141	30	9	3	5
2018.08	금천구	독산2동	9,342	3,875	2,134	1,669	1,292	280	73	14	1	2	2
2018.08	금천구	독산3동	12,198	5,432	2,714	1,994	1,567	371	93	17	7	3	-
2018.08	금천구	독산4동	7,640	3,210	1,706	1,342	1,027	269	64	15	4	1	2
2018.08	금천구	시흥1동	15,336	6,002	3,429	2,765	2,399	583	107	41	6	2	2
2018.08	금천구	시흥2동	8,535	1,947	2,038	1,869	1,996	498	139	32	11	1	4
2018.08	금천구	시흥3동	4,714	1,398	1,194	1,011	820	226	47	14	1	2	1
2018.08	금천구	시흥4동	9,186	3,030	2,187	1,834	1,594	411	98	17	9	5	1
2018.08	금천구	시흥5동	9,375	3,733	2,219	1,658	1,323	336	89	12	4	-	1
2018.08	영등포구	소계	169,867	75,028	33,953	28,315	24,914	5,888	1,309	314	91	24	31
2018.08	영등포구	여의동	12,794	3,412	2,812	2,980	2,778	592	154	41	16	4	5
2018.08	영등포구	당산1동	10,226	4,964	2,073	1,545	1,242	291	86	14	6	2	3
2018.08	영등포구	당산2동	16,954	8,201	2,889	2,658	2,481	553	127	31	11	2	1
2018.08	영등포구	양평1동	8,493	3,950	1,825	1,380	1,034	232	49	17	4	2	-
2018.08	영등포구	양평2동	9,907	3,919	1,994	1,791	1,708	395	79	14	3	2	2
2018.08	영등포구	신길1동	9,580	5,498	1,780	1,156	856	226	42	16	4	1	1
2018.08	영등포구	신길3동	7,019	2,748	1,453	1,287	1,163	300	47	16	3	1	1
2018.08	영등포구	신길4동	4,346	1,840	964	743	599	163	26	8	3	-	-
2018.08	영등포구	신길5동	4,541	1,915	1,015	779	609	174	40	6	-	1	2
2018.08	영등포구	신길6동	8,281	3,390	1,788	1,441	1,240	336	60	15	5	1	5
2018.08	영등포구	신길7동	6,565	1,934	1,287	1,334	1,554	357	75	17	6	-	1
2018.08	영등포구	대림1동	6,454	2,968	1,400	1,013	800	204	49	13	4	2	1
2018.08	영등포구	대림2동	6,469	3,144	1,526	909	653	180	42	10	4	1	-
2018.08	영등포구	대림3동	10,654	3,932	2,406	1,993	1,781	408	98	30	4	1	1
2018.08	영등포구	영등포본동	10,132	4,282	1,994	1,806	1,567	386	74	13	6	1	3
2018.08	영등포구	영등포동	15,783	11,105	2,058	1,263	1,047	235	58	10	4	-	3
2018.08	영등포구	도림동	9,325	4,355	2,064	1,439	1,097	278	71	15	4	1	1
2018.08	영등포구	문래동	12,344	3,471	2,625	2,798	2,705	578	132	28	4	2	1
2018.08	동작구	소계	175,559	71,850	35,997	30,967	27,968	6,725	1,498	411	99	25	19
2018.08	동작구	노량진2동	7,209	3,958	1,423	970	665	145	36	7	4	1	-
2018.08	동작구	상도1동	21,037	9,225	3,836	3,670	3,318	755	181	42	8	1	1
2018.08	동작구	상도2동	11,823	4,695	2,405	2,101	2,027	466	103	19	5	1	1
2018.08	동작구	상도3동	11,531	4,671	2,545	2,092	1,636	432	104	37	9	3	2
2018.08	동작구	상도4동	13,063	4,906	2,990	2,466	2,098	489	81	26	3	1	3
2018.08	동작구	사당1동	12,510	6,816	2,519	1,660	1,187	246	59	14	5	3	1
2018.08	동작구	사당3동	10,577	3,363	2,369	2,171	2,024	489	115	35	7	1	3
2018.08	동작구	사당4동	6,804	2,837	1,531	1,181	975	224	34	16	5	1	-
2018.08	동작구	사당5동	5,684	2,183	1,199	1,093	935	216	40	13	3	2	-
2018.08	동작구	대방동	16,874	6,471	3,170	2,904	3,305	771	178	58	11	2	4
2018.08	동작구	신대방1동	9,926	3,459	1,953	1,822	2,034	504	115	32	5	-	2
2018.08	동작구	신대방2동	9,053	3,808	1,657	1,528	1,508	416	94	34	8	-	-
2018.08	동작구	흑석동	12,884	5,153	2,577	2,383	2,116	522	98	23	9	3	-
2018.08	동작구	노량진1동	14,692	6,249	3,025	2,534	2,162	561	124	25	7	4	1
2018.08	동작구	사당2동	11,892	4,056	2,798	2,392	1,978	489	136	30	10	2	1
2018.08	관악구	소계	260,777	140,344	48,218	34,329	28,660	6,969	1,643	436	113	37	28
2018.08	관악구	보라매동	11,957	5,313	2,613	1,946	1,590	381	90	16	2	3	3
2018.08	관악구	청림동	6,611	1,945	1,555	1,483	1,270	264	67	17	5	2	3
2018.08	관악구	행운동	16,707	9,998	2,861	1,860	1,494	369	96	20	7	1	1
2018.08	관악구	낙성대동	10,554	7,152	1,525	916	704	187	48	15	5	-	2
2018.08	관악구	중앙동	8,913	5,579	1,517	883	701	183	39	7	1	2	1
2018.08	관악구	인헌동	13,860	7,270	2,644	1,895	1,571	363	83	29	5	-	-
2018.08	관악구	남현동	9,163	4,411	1,848	1,400	1,125	288	49	31	7	1	3
2018.08	관악구	서원동	13,157	7,912	2,446	1,440	1,008	269	65	10	6	1	-
2018.08	관악구	신원동	10,206	5,654	2,113	1,265	908	193	54	11	3	4	1
2018.08	관악구	서림동	14,168	9,002	2,178	1,476	1,111	300	72	22	4	1	2
2018.08	관악구	신사동	12,807	7,516	2,260	1,539	1,143	267	58	16	7	-	1
2018.08	관악구	신림동	15,791	12,506	1,992	733	428	93	34	3	1	1	-
2018.08	관악구	난향동	6,445	1,816	1,465	1,380	1,357	318	79	22	5	1	2
2018.08	관악구	조원동	10,026	6,031	1,779	1,079	872	190	45	23	4	3	-
2018.08	관악구	대학동	15,638	11,439	1,778	1,179	929	232	69	9	2	1	-
2018.08	관악구	은천동	15,495	6,075	3,403	2,732	2,527	560	147	35	10	3	3
2018.08	관악구	성현동	13,028	3,846	2,982	2,658	2,686	666	140	38	8	3	1
2018.08	관악구	청룡동	17,828	12,368	2,463	1,381	1,191	323	75	20	4	2	1
2018.08	관악구	난곡동	12,799	4,819	3,026	2,405	1,940	455	109	34	9	1	1
2018.08	관악구	삼성동	11,541	4,460	2,675	2,034	1,748	470	112	29	9	3	1
2018.08	관악구	미성동	14,083	5,232	3,095	2,645	2,357	598	112	29	9	4	2
2018.08	서초구	소계	174,084	57,106	34,209	34,467	36,569	8,851	2,033	564	184	57	44
2018.08	서초구	서초1동	9,271	3,814	1,746	1,560	1,567	420	114	33	13	4	-
2018.08	서초구	서초2동	7,804	3,293	1,384	1,352	1,378	293	76	20	4	3	1
2018.08	서초구	서초3동	12,930	5,076	2,517	2,308	2,171	598	185	40	21	7	7
2018.08	서초구	서초4동	10,864	2,245	1,876	2,533	3,378	636	135	47	9	4	1
2018.08	서초구	잠원동	13,899	4,601	2,622	2,925	3,033	563	115	24	9	6	1
2018.08	서초구	반포본동	4,226	726	810	995	1,349	271	57	13	3	1	1
2018.08	서초구	반포1동	12,861	6,101	1,939	1,948	2,182	536	108	31	10	5	1
2018.08	서초구	반포2동	7,207	1,107	1,294	1,785	2,270	604	105	30	9	1	2
2018.08	서초구	반포3동	7,010	1,346	1,378	1,768	2,028	388	69	23	8	-	2
2018.08	서초구	반포4동	7,368	1,877	1,497	1,724	1,719	411	90	34	9	5	2
2018.08	서초구	방배본동	7,880	2,100	1,489	1,697	1,944	490	109	35	10	2	4
2018.08	서초구	방배1동	7,513	2,799	1,683	1,417	1,230	282	77	16	4	1	4
2018.08	서초구	방배2동	10,353	3,591	2,343	1,999	1,837	450	85	33	6	4	5
2018.08	서초구	방배3동	8,370	2,286	1,780	1,842	1,859	447	109	30	14	1	2
2018.08	서초구	방배4동	9,975	3,359	2,000	1,899	2,049	508	115	31	11	1	2
2018.08	서초구	양재1동	18,328	5,855	3,876	3,445	3,621	1,154	281	69	20	6	1
2018.08	서초구	양재2동	11,030	4,963	2,265	1,711	1,527	426	90	27	14	3	4
2018.08	서초구	내곡동	7,195	1,967	1,710	1,559	1,427	374	113	28	10	3	4
2018.08	강남구	소계	228,938	88,028	42,052	41,254	44,177	10,203	2,306	614	187	77	40
2018.08	강남구	신사동	7,551	2,945	1,555	1,306	1,303	313	78	24	16	7	4
2018.08	강남구	논현1동	14,078	9,069	2,432	1,321	889	261	68	24	7	4	3
2018.08	강남구	논현2동	11,187	5,842	2,090	1,607	1,252	291	76	17	9	3	-
2018.08	강남구	삼성1동	5,845	1,893	1,163	1,156	1,218	289	89	23	10	4	-
2018.08	강남구	삼성2동	13,144	5,603	2,198	2,307	2,347	509	127	38	10	1	4
2018.08	강남구	대치1동	7,451	560	895	1,964	3,156	691	126	38	12	7	2
2018.08	강남구	대치4동	10,201	5,182	1,679	1,424	1,479	334	81	18	2	1	1
2018.08	강남구	역삼1동	23,042	16,149	3,383	1,801	1,233	334	97	31	11	3	-
2018.08	강남구	역삼2동	14,862	5,773	2,288	2,783	3,201	618	143	30	13	4	9
2018.08	강남구	도곡1동	8,525	2,473	1,507	1,804	2,123	466	105	30	12	4	1
2018.08	강남구	도곡2동	11,984	2,280	2,279	3,010	3,536	705	127	37	7	1	2
2018.08	강남구	개포1동	4,192	1,357	906	779	868	226	40	11	3	2	-
2018.08	강남구	개포4동	7,867	2,972	1,508	1,432	1,485	373	70	19	4	-	4
2018.08	강남구	일원본동	8,314	1,523	1,443	2,023	2,681	511	99	22	8	3	1
2018.08	강남구	일원1동	7,588	2,998	1,755	1,360	1,078	310	68	14	4	1	-
2018.08	강남구	일원2동	6,488	1,979	1,548	1,359	1,282	266	42	9	1	1	1
2018.08	강남구	수서동	7,853	3,115	2,284	1,372	798	199	62	15	4	3	1
2018.08	강남구	세곡동	17,389	5,433	3,555	3,244	3,534	1,198	325	77	16	5	2
2018.08	강남구	압구정동	10,726	2,924	2,322	2,441	2,320	547	122	33	8	7	2
2018.08	강남구	청담동	12,173	4,335	2,327	2,402	2,323	564	152	40	18	9	3
2018.08	강남구	대치2동	13,580	2,512	2,068	3,256	4,606	910	158	56	8	6	-
2018.08	강남구	개포2동	4,898	1,111	867	1,103	1,465	288	51	8	4	1	-
2018.08	송파구	소계	269,220	88,919	54,836	54,450	54,985	12,394	2,737	625	192	49	33
2018.08	송파구	풍납1동	6,860	2,537	1,628	1,302	1,097	223	58	8	4	3	-
2018.08	송파구	풍납2동	10,394	3,721	1,983	2,125	2,025	399	113	22	4	1	1
2018.08	송파구	거여1동	5,311	1,686	1,166	1,061	1,041	276	64	12	4	-	1
2018.08	송파구	거여2동	7,197	2,369	1,758	1,428	1,278	272	71	11	6	1	3
2018.08	송파구	마천1동	9,246	3,532	2,071	1,620	1,440	465	84	30	2	2	-
2018.08	송파구	마천2동	8,575	2,989	2,024	1,632	1,432	363	101	22	9	1	2
2018.08	송파구	방이1동	6,177	1,699	1,194	1,319	1,495	349	91	22	5	1	2
2018.08	송파구	방이2동	12,585	6,357	2,481	1,844	1,453	353	78	17	-	1	1
2018.08	송파구	오륜동	6,017	645	1,025	1,571	2,180	472	85	28	7	3	1
2018.08	송파구	오금동	15,400	4,058	3,324	3,540	3,426	826	169	47	9	-	1
2018.08	송파구	송파1동	12,238	5,476	2,590	2,002	1,620	413	96	28	9	1	3
2018.08	송파구	송파2동	7,296	1,412	1,456	1,778	2,022	491	101	21	11	3	1
2018.08	송파구	석촌동	16,489	7,828	3,420	2,587	2,007	473	127	29	12	5	1
2018.08	송파구	삼전동	16,253	7,908	3,237	2,497	2,032	467	78	27	2	2	3
2018.08	송파구	가락본동	11,699	4,196	2,357	2,312	2,205	510	89	25	2	1	2
2018.08	송파구	가락1동	352	130	58	59	80	21	2	2	-	-	-
2018.08	송파구	가락2동	12,262	2,736	2,352	2,954	3,318	687	164	38	10	2	1
2018.08	송파구	문정1동	8,515	2,613	1,822	1,768	1,780	407	96	14	9	5	1
2018.08	송파구	문정2동	15,161	7,992	2,783	1,969	1,847	418	104	25	18	3	2
2018.08	송파구	장지동	13,374	3,589	3,083	2,983	2,819	701	157	32	10	-	-
2018.08	송파구	위례동	9,102	1,068	1,690	2,330	2,974	832	169	27	8	3	1
2018.08	송파구	잠실본동	14,475	7,251	2,825	2,112	1,761	392	95	30	9	-	-
2018.08	송파구	잠실4동	10,418	1,780	2,137	2,855	2,920	561	133	18	10	4	-
2018.08	송파구	잠실6동	5,904	942	1,277	1,564	1,630	378	78	21	9	3	2
2018.08	송파구	잠실7동	3,484	478	784	896	1,037	222	48	13	4	2	-
2018.08	송파구	잠실2동	12,049	1,894	1,824	3,086	4,350	719	140	26	8	1	1
2018.08	송파구	잠실3동	12,387	2,033	2,487	3,256	3,716	704	146	30	11	1	3
2018.08	강동구	소계	177,595	60,865	37,741	34,930	33,595	8,159	1,707	419	125	29	25
2018.08	강동구	강일동	11,168	2,164	2,427	2,207	2,958	1,152	207	44	5	3	1
2018.08	강동구	상일동	4,203	1,139	899	922	957	213	50	13	7	1	2
2018.08	강동구	명일1동	8,183	1,983	1,604	1,933	2,065	451	113	19	11	2	2
2018.08	강동구	명일2동	5,904	990	1,029	1,292	2,030	450	82	23	7	1	-
2018.08	강동구	고덕1동	9,118	1,540	1,639	2,255	2,899	630	118	21	9	3	4
2018.08	강동구	고덕2동	3,521	1,494	793	603	471	127	19	10	2	-	2
2018.08	강동구	암사2동	5,884	1,769	1,298	1,298	1,220	230	53	10	3	1	2
2018.08	강동구	암사3동	6,347	1,039	1,263	1,634	1,835	427	97	30	15	3	4
2018.08	강동구	천호1동	12,917	5,024	2,922	2,458	1,903	482	95	24	6	2	1
2018.08	강동구	천호3동	13,494	6,213	2,907	2,201	1,652	391	99	23	5	2	1
2018.08	강동구	성내1동	8,175	2,301	1,817	1,838	1,728	399	62	24	4	1	1
2018.08	강동구	성내2동	12,434	5,870	2,751	1,965	1,416	328	76	20	7	1	-
2018.08	강동구	성내3동	10,198	3,679	2,153	2,037	1,818	410	73	20	6	1	1
2018.08	강동구	둔촌1동	194	134	23	14	16	5	2	-	-	-	-
2018.08	강동구	둔촌2동	11,154	3,350	2,348	2,366	2,418	536	105	25	3	2	1
2018.08	강동구	암사1동	16,297	6,081	3,629	3,118	2,700	589	136	31	11	1	1
2018.08	강동구	천호2동	17,579	8,281	3,803	2,811	2,067	455	127	27	8	-	-
2018.08	강동구	길동	20,825	7,814	4,436	3,978	3,442	884	193	55	16	5	2
2018.09	합계	합계	4,254,018	1,661,183	885,216	771,887	713,594	170,278	38,153	9,579	2,711	807	610
2018.09	종로구	소계	73,696	35,900	13,857	10,883	9,513	2,632	627	194	56	21	13
2018.09	종로구	사직동	4,507	2,144	884	687	571	157	31	22	7	1	3
2018.09	종로구	삼청동	1,424	756	246	195	151	54	15	5	1	1	-
2018.09	종로구	부암동	4,308	1,623	939	736	728	195	55	22	5	3	2
2018.09	종로구	평창동	7,601	2,478	1,630	1,479	1,451	418	102	24	10	7	2
2018.09	종로구	무악동	3,005	707	660	665	755	172	35	7	2	1	1
2018.09	종로구	교남동	4,534	1,582	1,092	867	779	156	38	16	3	1	-
2018.09	종로구	가회동	2,057	914	434	330	268	78	21	8	3	-	1
2018.09	종로구	종로1.2.3.4가동	5,307	4,160	552	302	216	53	15	6	3	-	-
2018.09	종로구	종로5·6가동	3,153	2,067	476	318	208	69	9	3	1	2	-
2018.09	종로구	이화동	4,491	2,651	769	532	392	118	17	11	-	1	-
2018.09	종로구	창신1동	3,008	1,761	556	358	237	76	18	2	-	-	-
2018.09	종로구	창신2동	4,190	1,931	846	658	538	164	41	9	2	1	-
2018.09	종로구	창신3동	2,876	853	678	616	499	189	33	5	3	-	-
2018.09	종로구	숭인1동	2,980	1,316	650	484	369	120	30	9	2	-	-
2018.09	종로구	숭인2동	5,704	3,688	886	562	433	99	27	6	3	-	-
2018.09	종로구	청운효자동	5,404	1,934	1,116	999	1,000	251	76	20	5	3	-
2018.09	종로구	혜화동	9,147	5,335	1,443	1,095	918	263	64	19	6	-	4
2018.09	중구	소계	61,232	29,509	12,683	9,242	7,342	1,811	469	114	33	9	20
2018.09	중구	소공동	1,076	598	199	152	102	16	6	1	-	-	2
2018.09	중구	회현동	3,244	2,219	436	288	220	60	13	6	2	-	-
2018.09	중구	명동	1,400	915	213	138	95	25	9	1	1	-	3
2018.09	중구	필동	2,281	1,410	393	234	176	52	10	4	1	-	1
2018.09	중구	장충동	2,661	1,616	466	265	218	74	16	2	1	-	3
2018.09	중구	광희동	2,899	1,813	518	279	209	51	22	5	1	-	1
2018.09	중구	을지로동	1,230	968	138	70	36	12	3	3	-	-	-
2018.09	중구	신당5동	4,466	2,075	933	691	583	131	36	13	3	1	-
2018.09	중구	황학동	6,478	3,411	1,347	886	625	156	43	7	2	1	-
2018.09	중구	중림동	5,739	2,436	1,237	1,008	823	170	47	13	5	-	-
2018.09	중구	신당동	4,417	2,650	808	486	354	84	28	5	-	2	-
2018.09	중구	다산동	6,906	3,003	1,616	1,109	901	208	48	13	5	-	3
2018.09	중구	약수동	7,789	2,773	1,983	1,565	1,098	282	66	14	4	-	4
2018.09	중구	청구동	6,456	2,448	1,511	1,186	994	252	47	9	3	3	3
2018.09	중구	동화동	4,190	1,174	885	885	908	238	75	18	5	2	-
2018.09	용산구	소계	108,777	50,568	22,093	17,025	14,209	3,620	913	231	72	24	22
2018.09	용산구	후암동	8,521	3,917	1,705	1,386	1,118	294	74	16	5	2	4
2018.09	용산구	용산2가동	5,536	2,787	1,204	802	555	147	32	8	1	-	-
2018.09	용산구	남영동	5,418	4,159	583	345	235	72	15	5	2	-	2
2018.09	용산구	원효로2동	6,050	1,997	1,300	1,200	1,152	293	70	21	10	4	3
2018.09	용산구	효창동	3,603	1,281	799	647	619	187	52	12	3	2	1
2018.09	용산구	용문동	5,367	1,874	1,242	1,047	910	224	53	11	3	2	1
2018.09	용산구	이촌1동	10,188	2,202	2,209	2,578	2,455	536	157	33	14	3	1
2018.09	용산구	이촌2동	3,851	1,272	1,006	789	583	149	36	9	7	-	-
2018.09	용산구	이태원1동	3,843	2,224	715	450	313	100	32	8	1	-	-
2018.09	용산구	이태원2동	4,955	2,630	1,012	671	468	124	39	7	3	-	1
2018.09	용산구	서빙고동	5,329	1,711	1,080	974	1,152	325	63	19	4	-	1
2018.09	용산구	보광동	7,750	3,969	1,663	1,075	783	202	42	14	2	-	-
2018.09	용산구	청파동	10,647	5,971	1,971	1,275	1,040	281	80	19	6	1	3
2018.09	용산구	원효로1동	7,337	3,340	1,571	1,174	968	220	45	9	6	3	1
2018.09	용산구	한강로동	9,442	5,276	1,757	1,225	896	209	59	16	1	2	1
2018.09	용산구	한남동	10,940	5,958	2,276	1,387	962	257	64	24	4	5	3
2018.09	성동구	소계	136,831	54,354	29,350	25,052	21,588	4,882	1,180	294	96	23	12
2018.09	성동구	왕십리2동	7,673	2,906	1,648	1,466	1,253	281	97	13	2	4	3
2018.09	성동구	마장동	10,635	4,484	2,264	1,770	1,587	400	90	21	13	4	2
2018.09	성동구	사근동	7,098	4,855	927	608	531	130	28	14	3	2	-
2018.09	성동구	행당1동	7,151	2,962	1,465	1,294	1,104	251	50	16	8	-	1
2018.09	성동구	행당2동	9,492	2,342	2,213	2,228	2,125	436	101	34	10	2	1
2018.09	성동구	응봉동	6,219	1,658	1,372	1,392	1,377	327	68	18	6	-	1
2018.09	성동구	금호1가동	6,549	2,030	1,599	1,393	1,185	257	65	17	2	1	-
2018.09	성동구	금호4가동	6,495	2,168	1,569	1,415	1,040	238	49	10	6	-	-
2018.09	성동구	성수1가1동	7,651	3,061	1,624	1,337	1,273	271	68	10	5	1	1
2018.09	성동구	성수1가2동	7,247	3,205	1,513	1,201	1,035	230	48	9	4	1	1
2018.09	성동구	성수2가1동	8,563	4,077	1,735	1,319	1,103	251	58	16	3	1	-
2018.09	성동구	성수2가3동	5,658	2,801	1,081	820	702	185	55	11	2	1	-
2018.09	성동구	송정동	5,510	2,652	1,121	829	688	170	38	10	1	1	-
2018.09	성동구	용답동	8,044	4,397	1,524	988	875	199	50	9	1	-	1
2018.09	성동구	왕십리도선동	11,590	4,192	2,436	2,304	2,079	434	108	30	7	-	-
2018.09	성동구	금호2.3가동	10,312	3,497	2,497	2,136	1,670	382	88	27	12	2	1
2018.09	성동구	옥수동	10,944	3,067	2,762	2,552	1,961	440	119	29	11	3	-
2018.09	광진구	소계	161,714	69,912	32,329	27,270	24,841	5,587	1,298	332	97	26	22
2018.09	광진구	화양동	15,304	11,748	1,939	810	636	124	35	10	2	-	-
2018.09	광진구	군자동	10,364	5,514	1,969	1,416	1,120	253	65	17	5	3	2
2018.09	광진구	중곡1동	7,892	3,656	1,805	1,283	887	198	40	17	5	1	-
2018.09	광진구	중곡2동	10,226	4,259	2,248	1,820	1,477	324	74	16	4	2	2
2018.09	광진구	중곡3동	8,450	3,787	1,914	1,382	1,038	265	51	10	2	1	-
2018.09	광진구	중곡4동	13,150	4,685	2,937	2,646	2,166	533	141	32	4	3	3
2018.09	광진구	능동	6,118	3,319	1,257	772	552	140	62	11	4	1	-
2018.09	광진구	구의1동	11,556	5,906	2,369	1,650	1,221	304	84	14	7	-	1
2018.09	광진구	구의2동	10,708	3,801	2,325	2,110	1,856	449	117	32	12	3	3
2018.09	광진구	구의3동	12,162	3,956	2,480	2,499	2,527	559	97	28	12	2	2
2018.09	광진구	광장동	11,999	2,161	1,798	2,944	4,130	747	160	41	16	2	-
2018.09	광진구	자양1동	11,345	5,358	2,408	1,689	1,453	336	74	20	3	2	2
2018.09	광진구	자양2동	11,318	3,875	2,465	2,303	2,035	475	120	33	6	3	3
2018.09	광진구	자양3동	11,053	2,736	2,322	2,528	2,695	591	121	43	10	3	4
2018.09	광진구	자양4동	10,069	5,151	2,093	1,418	1,048	289	57	8	5	-	-
2018.09	동대문구	소계	162,232	72,424	32,487	26,468	23,072	5,865	1,449	345	85	24	13
2018.09	동대문구	회기동	5,922	3,725	878	606	528	145	31	6	3	-	-
2018.09	동대문구	휘경1동	6,880	3,849	1,219	866	709	173	46	13	2	3	-
2018.09	동대문구	휘경2동	11,189	4,998	2,069	1,802	1,740	443	98	28	7	2	2
2018.09	동대문구	청량리동	10,521	4,841	2,304	1,612	1,284	364	96	17	2	-	1
2018.09	동대문구	용신동	16,292	9,229	2,999	1,918	1,582	428	97	32	6	1	-
2018.09	동대문구	제기동	12,762	6,625	2,493	1,735	1,375	394	118	15	4	2	1
2018.09	동대문구	전농1동	14,430	6,780	2,862	2,291	1,907	447	103	28	6	5	1
2018.09	동대문구	전농2동	7,681	2,091	1,777	1,716	1,537	402	119	35	2	-	2
2018.09	동대문구	답십리1동	12,105	4,564	2,412	2,366	2,068	529	121	32	10	1	2
2018.09	동대문구	답십리2동	11,997	4,030	2,783	2,364	2,145	508	124	33	8	2	-
2018.09	동대문구	장안1동	17,126	6,890	3,638	3,090	2,616	678	159	42	9	4	-
2018.09	동대문구	장안2동	12,643	4,217	2,624	2,647	2,420	566	133	26	9	-	1
2018.09	동대문구	이문1동	13,971	7,786	2,502	1,754	1,446	358	100	13	7	3	2
2018.09	동대문구	이문2동	8,713	2,799	1,927	1,701	1,715	430	104	25	10	1	1
2018.09	중랑구	소계	180,044	71,381	40,113	32,733	27,374	6,624	1,353	346	85	22	13
2018.09	중랑구	면목2동	12,178	5,247	2,677	2,058	1,666	421	87	18	4	-	-
2018.09	중랑구	면목4동	9,473	3,962	2,106	1,698	1,313	311	60	18	5	-	-
2018.09	중랑구	면목5동	4,614	1,891	1,089	808	641	149	26	8	2	-	-
2018.09	중랑구	면목7동	10,091	4,168	2,273	1,811	1,414	336	64	19	4	2	-
2018.09	중랑구	상봉1동	10,165	2,982	2,279	2,221	2,136	440	77	24	5	1	-
2018.09	중랑구	상봉2동	10,085	5,484	2,039	1,345	952	193	50	11	8	2	1
2018.09	중랑구	중화1동	8,842	3,064	2,088	1,748	1,485	367	64	17	6	2	1
2018.09	중랑구	중화2동	14,293	7,125	3,125	2,111	1,480	358	70	18	3	2	1
2018.09	중랑구	묵1동	14,476	4,537	3,138	3,075	2,835	678	158	40	12	1	2
2018.09	중랑구	묵2동	9,140	3,708	2,086	1,677	1,263	318	70	13	1	2	2
2018.09	중랑구	망우3동	8,449	3,548	1,994	1,475	1,114	242	56	16	2	2	-
2018.09	중랑구	신내1동	14,493	3,175	3,165	3,137	3,615	1,118	220	47	12	3	1
2018.09	중랑구	신내2동	9,016	2,586	2,201	2,015	1,747	360	78	18	9	1	1
2018.09	중랑구	면목본동	17,473	8,086	3,831	2,872	2,104	459	86	27	4	2	2
2018.09	중랑구	면목3.8동	12,592	5,426	2,869	2,166	1,624	381	92	29	4	1	-
2018.09	중랑구	망우본동	14,664	6,392	3,153	2,516	1,985	493	95	23	4	1	2
2018.09	성북구	소계	186,744	70,613	38,590	34,769	32,308	7,890	1,872	518	115	30	39
2018.09	성북구	돈암1동	6,379	1,757	1,499	1,416	1,295	310	77	21	2	-	2
2018.09	성북구	돈암2동	8,530	1,524	1,759	2,150	2,328	567	136	45	15	4	2
2018.09	성북구	안암동	8,814	5,529	1,376	916	766	180	34	8	2	2	1
2018.09	성북구	보문동	7,992	3,649	1,589	1,301	1,161	235	46	8	1	-	2
2018.09	성북구	정릉1동	7,045	2,039	1,509	1,559	1,455	362	91	25	2	1	2
2018.09	성북구	정릉2동	9,624	2,910	2,232	2,043	1,851	436	111	33	4	2	2
2018.09	성북구	정릉3동	7,596	3,750	1,455	1,162	901	252	55	14	3	1	3
2018.09	성북구	정릉4동	11,042	3,562	2,513	2,358	1,983	465	123	28	8	1	1
2018.09	성북구	길음1동	13,007	2,583	2,395	3,180	3,847	770	172	45	6	3	6
2018.09	성북구	길음2동	4,948	1,879	985	877	912	222	57	14	2	-	-
2018.09	성북구	월곡1동	10,717	3,059	2,351	2,264	2,310	553	140	30	6	3	1
2018.09	성북구	월곡2동	8,914	3,708	1,764	1,531	1,407	369	102	22	7	1	3
2018.09	성북구	장위1동	9,025	3,254	2,108	1,707	1,453	383	78	32	6	2	2
2018.09	성북구	장위2동	6,903	2,641	1,641	1,270	984	271	66	22	7	1	-
2018.09	성북구	장위3동	4,852	1,708	1,049	908	891	227	50	17	2	-	-
2018.09	성북구	성북동	8,024	3,621	1,706	1,210	1,017	336	88	29	10	1	6
2018.09	성북구	삼선동	12,677	6,066	2,436	1,877	1,743	419	102	24	8	2	-
2018.09	성북구	동선동	8,896	5,487	1,445	966	722	199	54	15	5	1	2
2018.09	성북구	종암동	17,040	6,130	3,439	3,314	3,123	797	166	54	10	4	3
2018.09	성북구	석관동	14,719	5,757	3,339	2,760	2,159	537	124	32	9	1	1
2018.09	강북구	소계	143,172	56,759	32,838	25,764	20,887	5,340	1,187	260	88	23	26
2018.09	강북구	번1동	10,160	5,239	2,129	1,437	1,039	238	66	8	4	-	-
2018.09	강북구	번2동	7,542	2,509	2,064	1,532	1,072	265	81	10	7	-	2
2018.09	강북구	번3동	7,606	2,095	2,106	1,633	1,293	359	86	27	5	2	-
2018.09	강북구	수유1동	10,296	4,509	2,287	1,718	1,322	354	81	12	9	1	3
2018.09	강북구	수유2동	9,548	3,282	2,375	1,873	1,495	397	90	24	9	1	2
2018.09	강북구	수유3동	12,306	6,297	2,569	1,861	1,191	307	61	11	3	3	3
2018.09	강북구	삼양동	11,984	4,663	2,734	2,230	1,747	493	84	20	7	4	2
2018.09	강북구	미아동	11,188	5,331	2,428	1,723	1,293	323	66	14	6	2	2
2018.09	강북구	송중동	13,038	5,430	2,813	2,242	1,898	495	117	33	4	3	3
2018.09	강북구	송천동	13,773	6,057	3,124	2,240	1,789	457	80	15	9	-	2
2018.09	강북구	삼각산동	11,888	2,515	2,433	2,727	3,323	705	136	40	7	1	1
2018.09	강북구	우이동	9,461	3,455	2,302	1,839	1,361	379	95	16	6	4	4
2018.09	강북구	인수동	14,382	5,377	3,474	2,709	2,064	568	144	30	12	2	2
2018.09	도봉구	소계	137,901	42,549	32,416	29,062	25,744	6,228	1,403	357	94	37	11
2018.09	도봉구	쌍문1동	9,165	2,971	2,203	1,900	1,531	425	101	24	7	2	1
2018.09	도봉구	쌍문2동	8,695	2,929	2,175	1,770	1,378	327	89	22	2	-	3
2018.09	도봉구	쌍문3동	7,648	2,931	1,817	1,416	1,121	289	55	15	3	-	1
2018.09	도봉구	쌍문4동	7,180	1,518	1,481	1,728	1,926	430	75	16	5	1	-
2018.09	도봉구	방학1동	12,714	4,438	2,918	2,426	2,156	603	120	41	8	3	1
2018.09	도봉구	방학2동	9,564	3,592	2,318	1,824	1,382	340	83	19	4	2	-
2018.09	도봉구	방학3동	10,134	1,738	2,223	2,605	2,704	666	144	32	16	6	-
2018.09	도봉구	창1동	10,892	3,402	2,495	2,333	2,119	425	95	21	1	1	-
2018.09	도봉구	창2동	12,397	3,590	2,961	2,749	2,334	552	152	39	13	7	-
2018.09	도봉구	창3동	6,680	2,489	1,633	1,255	988	239	56	17	1	2	-
2018.09	도봉구	창4동	10,574	2,643	2,218	2,371	2,609	575	117	30	10	1	-
2018.09	도봉구	창5동	9,899	2,484	2,254	2,361	2,158	499	98	30	10	5	-
2018.09	도봉구	도봉1동	10,293	3,980	2,670	1,808	1,339	373	78	25	10	6	4
2018.09	도봉구	도봉2동	12,066	3,844	3,050	2,516	1,999	485	140	26	4	1	1
2018.09	노원구	소계	217,900	67,032	47,401	45,050	45,942	9,913	1,962	409	128	36	27
2018.09	노원구	월계1동	10,509	4,347	2,134	1,778	1,699	442	88	16	5	-	-
2018.09	노원구	월계2동	11,240	3,675	2,885	2,206	1,900	447	100	22	2	1	2
2018.09	노원구	월계3동	12,984	3,515	3,420	2,961	2,403	509	134	28	11	2	1
2018.09	노원구	공릉2동	16,168	5,192	3,003	3,243	3,722	780	171	37	10	10	-
2018.09	노원구	하계1동	12,461	4,740	2,315	2,216	2,518	527	104	16	17	3	5
2018.09	노원구	하계2동	8,347	1,571	1,734	2,026	2,400	514	83	13	4	2	-
2018.09	노원구	중계본동	9,243	2,147	1,387	1,970	2,879	691	131	25	11	1	1
2018.09	노원구	중계1동	9,138	1,392	1,307	2,269	3,424	627	93	19	6	1	-
2018.09	노원구	중계4동	8,463	2,377	1,944	1,696	1,938	406	78	16	4	2	2
2018.09	노원구	상계1동	15,649	4,271	3,516	3,365	3,386	872	186	32	11	3	7
2018.09	노원구	상계2동	8,766	3,049	1,699	1,657	1,842	396	90	21	8	3	1
2018.09	노원구	상계5동	11,104	3,829	2,629	2,177	1,899	440	91	26	9	1	3
2018.09	노원구	상계8동	9,303	2,135	2,200	2,361	2,147	399	47	13	1	-	-
2018.09	노원구	상계9동	8,510	1,977	2,072	2,058	1,974	352	58	18	1	-	-
2018.09	노원구	상계10동	6,652	1,695	1,660	1,591	1,411	224	51	15	2	2	1
2018.09	노원구	상계3.4동	11,811	4,532	2,799	2,080	1,770	479	115	26	8	2	-
2018.09	노원구	상계6.7동	14,073	4,080	3,181	3,117	3,020	563	82	21	6	1	2
2018.09	노원구	중계2.3동	15,495	4,681	3,868	3,240	2,927	634	119	18	5	1	2
2018.09	노원구	공릉1동	17,984	7,827	3,648	3,039	2,683	611	141	27	7	1	-
2018.09	은평구	소계	203,951	72,496	46,247	39,377	34,282	8,785	2,029	526	140	35	34
2018.09	은평구	녹번동	14,826	6,045	3,356	2,634	2,122	508	121	33	4	1	2
2018.09	은평구	불광1동	17,734	6,208	4,135	3,670	2,844	667	152	43	12	3	-
2018.09	은평구	갈현1동	11,164	4,310	2,645	2,071	1,611	402	94	23	3	4	1
2018.09	은평구	갈현2동	12,563	4,049	2,954	2,665	2,197	542	115	27	11	1	2
2018.09	은평구	구산동	12,777	3,652	3,015	2,734	2,512	646	152	40	16	1	9
2018.09	은평구	대조동	15,678	7,244	3,449	2,462	1,899	469	112	35	7	1	-
2018.09	은평구	응암1동	11,214	4,462	2,399	2,000	1,766	444	102	24	7	4	6
2018.09	은평구	응암2동	8,232	2,389	1,824	1,831	1,671	390	90	24	9	3	1
2018.09	은평구	신사1동	11,548	3,515	2,757	2,499	2,127	490	109	38	7	4	2
2018.09	은평구	신사2동	9,136	3,012	2,131	1,827	1,620	405	105	29	5	1	1
2018.09	은평구	증산동	6,908	2,400	1,630	1,295	1,183	319	55	21	4	-	1
2018.09	은평구	수색동	5,080	1,834	1,218	936	816	207	49	17	2	1	-
2018.09	은평구	진관동	20,187	5,160	3,858	4,081	5,046	1,582	365	69	19	3	4
2018.09	은평구	불광2동	13,652	5,587	3,277	2,389	1,791	461	107	25	10	4	1
2018.09	은평구	응암3동	12,418	5,534	2,795	2,057	1,541	366	91	25	5	1	3
2018.09	은평구	역촌동	20,834	7,095	4,804	4,226	3,536	887	210	53	19	3	1
2018.09	서대문구	소계	138,027	56,570	28,638	24,390	21,434	5,270	1,247	349	89	25	15
2018.09	서대문구	천연동	8,311	3,306	1,697	1,568	1,361	297	59	19	1	1	2
2018.09	서대문구	홍제1동	9,521	3,172	2,257	1,887	1,635	406	115	34	8	4	3
2018.09	서대문구	홍제3동	7,136	2,605	1,638	1,372	1,140	284	73	14	9	-	1
2018.09	서대문구	홍제2동	5,844	1,650	1,408	1,287	1,149	266	57	18	5	1	3
2018.09	서대문구	홍은1동	9,754	3,219	2,138	1,977	1,810	469	106	25	8	-	2
2018.09	서대문구	홍은2동	12,532	4,732	2,795	2,313	2,016	490	125	41	15	5	-
2018.09	서대문구	남가좌1동	6,088	1,452	1,167	1,466	1,494	392	84	27	5	1	-
2018.09	서대문구	남가좌2동	10,170	4,264	2,203	1,716	1,496	377	86	17	7	2	2
2018.09	서대문구	북가좌1동	7,005	1,494	1,610	1,692	1,677	400	99	25	6	2	-
2018.09	서대문구	북가좌2동	14,737	5,359	3,420	2,842	2,406	552	117	39	2	-	-
2018.09	서대문구	충현동	8,832	4,373	1,678	1,264	1,115	302	77	19	3	1	-
2018.09	서대문구	북아현동	7,564	2,812	1,642	1,519	1,279	240	56	11	2	3	-
2018.09	서대문구	신촌동	11,939	8,677	1,489	859	669	168	51	19	5	-	2
2018.09	서대문구	연희동	18,594	9,455	3,496	2,628	2,187	627	142	41	13	5	-
2018.09	마포구	소계	171,320	74,359	35,152	28,677	25,372	5,969	1,295	344	94	33	25
2018.09	마포구	용강동	9,154	3,120	1,929	1,898	1,706	388	86	18	6	3	-
2018.09	마포구	대흥동	7,185	4,696	1,194	629	521	109	24	8	1	-	3
2018.09	마포구	염리동	4,952	2,344	1,015	747	632	158	40	10	5	-	1
2018.09	마포구	신수동	9,207	3,516	1,875	1,773	1,591	343	73	28	7	1	-
2018.09	마포구	서교동	13,894	8,383	2,433	1,499	1,183	298	63	22	10	3	-
2018.09	마포구	합정동	9,561	4,830	2,129	1,283	1,012	223	59	13	2	2	8
2018.09	마포구	망원1동	10,329	4,822	2,292	1,501	1,288	341	62	16	4	2	1
2018.09	마포구	망원2동	8,245	2,866	1,903	1,535	1,504	340	73	17	5	2	-
2018.09	마포구	연남동	8,747	4,730	1,825	1,078	817	226	51	13	3	1	3
2018.09	마포구	성산1동	9,313	4,069	1,976	1,580	1,240	340	72	27	5	3	1
2018.09	마포구	성산2동	18,111	7,210	3,710	3,259	3,038	709	141	29	11	3	1
2018.09	마포구	상암동	12,756	4,036	2,406	2,518	2,770	799	167	44	11	4	1
2018.09	마포구	도화동	9,638	3,552	2,051	1,840	1,658	401	100	26	4	4	2
2018.09	마포구	서강동	11,494	5,071	2,212	1,940	1,780	394	69	19	6	1	2
2018.09	마포구	공덕동	18,478	7,960	3,935	3,212	2,642	552	138	28	9	2	-
2018.09	마포구	아현동	10,256	3,154	2,267	2,385	1,990	348	77	26	5	2	2
2018.09	양천구	소계	176,598	48,242	36,374	38,522	41,444	9,419	1,919	463	142	40	33
2018.09	양천구	목1동	10,519	1,572	1,686	2,786	3,584	691	141	45	7	4	3
2018.09	양천구	목2동	12,857	4,219	2,822	2,584	2,467	606	120	27	7	1	4
2018.09	양천구	목3동	9,714	3,402	2,218	1,997	1,630	342	82	34	6	2	1
2018.09	양천구	목4동	10,079	2,742	1,865	2,111	2,615	586	122	25	10	2	1
2018.09	양천구	신월1동	10,131	4,160	2,309	1,815	1,396	348	79	21	1	2	-
2018.09	양천구	신월2동	8,688	2,343	1,997	1,926	1,737	513	114	40	11	4	3
2018.09	양천구	신월3동	8,248	3,866	1,785	1,295	944	277	61	14	3	1	2
2018.09	양천구	신월4동	6,918	1,440	1,563	1,685	1,635	443	123	20	7	2	-
2018.09	양천구	신월5동	6,401	2,080	1,423	1,330	1,178	298	70	18	2	2	-
2018.09	양천구	신월6동	2,583	693	561	558	580	145	36	8	2	-	-
2018.09	양천구	신월7동	9,346	2,873	2,458	2,006	1,576	327	79	19	7	-	1
2018.09	양천구	신정1동	7,247	1,411	1,209	1,665	2,321	520	92	17	10	-	2
2018.09	양천구	신정2동	7,204	1,547	1,252	1,511	2,268	522	82	13	4	3	2
2018.09	양천구	신정3동	17,749	4,155	3,842	3,972	4,297	1,189	225	47	16	3	3
2018.09	양천구	신정6동	8,182	999	1,393	2,233	2,904	525	101	13	11	2	1
2018.09	양천구	신정7동	11,227	2,728	2,425	2,572	2,822	539	99	24	15	2	1
2018.09	양천구	목5동	13,559	1,599	2,020	3,573	5,181	945	168	48	15	7	3
2018.09	양천구	신정4동	15,946	6,413	3,546	2,903	2,309	603	125	30	8	3	6
2018.09	강서구	소계	257,558	95,868	56,630	48,495	43,221	10,432	2,173	521	142	49	27
2018.09	강서구	염창동	14,509	3,076	2,727	3,602	4,102	806	152	35	6	2	1
2018.09	강서구	등촌1동	11,667	6,004	2,113	1,676	1,497	304	49	20	1	2	1
2018.09	강서구	등촌2동	8,550	2,393	1,944	1,890	1,752	422	103	31	9	6	-
2018.09	강서구	등촌3동	14,727	5,279	3,868	2,762	2,235	462	96	17	4	4	-
2018.09	강서구	화곡본동	16,181	6,479	3,638	2,996	2,316	565	127	42	12	4	2
2018.09	강서구	화곡2동	8,262	2,735	1,969	1,715	1,354	404	59	19	5	1	1
2018.09	강서구	화곡3동	9,185	3,004	2,050	1,909	1,643	436	113	21	5	2	2
2018.09	강서구	화곡4동	9,769	3,509	2,385	1,931	1,471	365	82	22	3	1	-
2018.09	강서구	화곡6동	10,901	4,371	2,319	1,974	1,704	412	84	24	6	2	5
2018.09	강서구	화곡8동	11,574	4,140	2,944	2,233	1,718	409	100	24	4	2	-
2018.09	강서구	가양1동	18,134	10,989	2,521	2,066	1,971	474	81	24	6	-	2
2018.09	강서구	가양2동	8,119	3,765	2,188	1,217	714	169	50	8	5	2	1
2018.09	강서구	가양3동	7,830	2,980	2,396	1,453	777	178	37	6	3	-	-
2018.09	강서구	발산1동	13,372	2,460	2,866	3,142	3,724	950	183	34	8	4	1
2018.09	강서구	공항동	12,586	5,299	2,628	2,184	1,871	485	93	19	6	-	1
2018.09	강서구	방화1동	17,321	4,667	3,689	3,662	3,934	1,079	217	53	15	3	2
2018.09	강서구	방화2동	11,485	5,213	2,538	1,804	1,392	403	99	25	6	1	4
2018.09	강서구	방화3동	11,240	4,356	2,798	2,092	1,497	374	97	15	8	3	-
2018.09	강서구	화곡1동	25,624	11,347	5,889	4,398	2,994	764	173	39	13	5	2
2018.09	강서구	우장산동	16,522	3,802	3,160	3,789	4,555	971	178	43	17	5	2
2018.09	구로구	소계	172,121	62,154	37,949	32,780	29,692	7,353	1,641	389	108	35	20
2018.09	구로구	신도림동	13,351	2,776	2,823	3,368	3,430	736	165	39	7	6	1
2018.09	구로구	구로1동	7,851	1,701	1,721	1,871	2,056	414	60	18	8	2	-
2018.09	구로구	구로3동	13,554	7,816	2,193	1,701	1,392	341	74	23	12	1	1
2018.09	구로구	구로4동	10,619	4,822	2,504	1,710	1,217	283	63	9	9	2	-
2018.09	구로구	구로5동	14,331	6,597	2,815	2,313	1,960	477	116	39	11	2	1
2018.09	구로구	고척1동	9,515	2,788	2,108	2,014	2,024	434	116	22	6	3	-
2018.09	구로구	고척2동	11,711	3,666	2,623	2,412	2,306	544	128	25	6	-	1
2018.09	구로구	개봉2동	12,682	3,119	3,113	2,935	2,630	672	165	37	7	2	2
2018.09	구로구	개봉3동	8,762	2,531	2,179	1,958	1,615	381	80	13	3	1	1
2018.09	구로구	오류1동	10,482	4,751	2,333	1,646	1,286	356	81	18	6	1	4
2018.09	구로구	오류2동	16,637	4,420	3,877	3,383	3,581	1,070	225	58	14	5	4
2018.09	구로구	수궁동	9,841	2,615	2,437	2,197	1,919	522	121	23	4	3	-
2018.09	구로구	가리봉동	5,899	3,808	1,050	545	361	106	22	4	1	-	2
2018.09	구로구	구로2동	12,901	6,071	2,882	1,970	1,462	386	88	28	8	5	1
2018.09	구로구	개봉1동	13,985	4,673	3,291	2,757	2,453	631	137	33	6	2	2
2018.09	금천구	소계	106,774	45,931	22,669	17,977	15,211	3,796	900	197	54	21	18
2018.09	금천구	가산동	12,933	9,027	1,694	1,150	809	189	54	6	2	2	-
2018.09	금천구	독산1동	17,484	8,188	3,352	2,691	2,434	629	147	27	8	3	5
2018.09	금천구	독산2동	9,349	3,884	2,138	1,671	1,282	284	70	15	1	2	2
2018.09	금천구	독산3동	12,225	5,443	2,741	1,991	1,561	371	91	17	6	4	-
2018.09	금천구	독산4동	7,646	3,215	1,717	1,330	1,030	269	63	15	4	1	2
2018.09	금천구	시흥1동	15,345	6,034	3,417	2,768	2,392	575	109	41	5	2	2
2018.09	금천구	시흥2동	8,537	1,966	2,018	1,883	1,973	512	136	32	12	1	4
2018.09	금천구	시흥3동	4,723	1,407	1,194	1,012	819	229	45	14	1	1	1
2018.09	금천구	시흥4동	9,157	3,031	2,173	1,827	1,590	402	100	17	11	5	1
2018.09	금천구	시흥5동	9,375	3,736	2,225	1,654	1,321	336	85	13	4	-	1
2018.09	영등포구	소계	170,208	75,463	33,985	28,316	24,829	5,844	1,304	323	89	24	31
2018.09	영등포구	여의동	4,351	1,844	970	746	594	158	27	9	3	-	-
2018.09	영등포구	당산1동	4,521	1,911	1,008	772	608	171	40	8	-	1	2
2018.09	영등포구	당산2동	6,452	2,978	1,403	1,001	798	203	48	14	4	2	1
2018.09	영등포구	양평1동	6,458	3,147	1,522	904	646	182	44	8	4	1	-
2018.09	영등포구	양평2동	6,564	1,947	1,279	1,340	1,549	350	74	19	5	-	1
2018.09	영등포구	신길1동	7,024	2,755	1,464	1,292	1,145	299	48	16	3	1	1
2018.09	영등포구	신길3동	8,292	3,401	1,794	1,434	1,244	334	59	15	5	1	5
2018.09	영등포구	신길4동	8,525	3,978	1,824	1,392	1,030	231	47	17	4	2	-
2018.09	영등포구	신길5동	9,319	4,360	2,059	1,444	1,088	276	70	15	5	1	1
2018.09	영등포구	신길6동	9,618	5,538	1,777	1,162	856	222	43	14	4	1	1
2018.09	영등포구	신길7동	9,953	3,969	1,998	1,803	1,690	389	82	15	3	2	2
2018.09	영등포구	대림1동	10,140	4,307	1,991	1,789	1,565	392	74	13	5	1	3
2018.09	영등포구	대림2동	10,254	4,988	2,077	1,544	1,244	288	87	15	6	2	3
2018.09	영등포구	대림3동	10,647	3,951	2,398	1,979	1,778	409	95	31	4	1	1
2018.09	영등포구	영등포본동	12,362	3,482	2,634	2,803	2,706	573	127	28	5	3	1
2018.09	영등포구	영등포동	12,829	3,443	2,829	2,991	2,759	588	154	42	14	4	5
2018.09	영등포구	도림동	15,913	11,222	2,070	1,268	1,046	233	57	10	4	-	3
2018.09	영등포구	문래동	16,986	8,242	2,888	2,652	2,483	546	128	34	11	1	1
2018.09	동작구	소계	175,873	72,202	36,054	30,969	27,920	6,681	1,494	403	100	29	21
2018.09	동작구	노량진2동	7,215	3,967	1,419	972	663	145	36	8	4	1	-
2018.09	동작구	상도1동	21,073	9,262	3,846	3,655	3,331	746	181	40	9	1	2
2018.09	동작구	상도2동	11,851	4,718	2,419	2,115	2,007	465	102	18	5	1	1
2018.09	동작구	상도3동	11,579	4,739	2,528	2,090	1,638	432	99	38	9	4	2
2018.09	동작구	상도4동	13,074	4,936	2,985	2,469	2,084	485	84	25	3	1	2
2018.09	동작구	사당1동	12,546	6,851	2,537	1,651	1,179	243	63	13	5	3	1
2018.09	동작구	사당3동	10,599	3,383	2,383	2,167	2,020	485	114	35	6	2	4
2018.09	동작구	사당4동	6,836	2,866	1,536	1,176	976	223	36	15	6	2	-
2018.09	동작구	사당5동	5,682	2,182	1,204	1,087	939	213	41	10	4	2	-
2018.09	동작구	대방동	16,879	6,490	3,171	2,909	3,296	763	171	63	9	3	4
2018.09	동작구	신대방1동	9,926	3,467	1,946	1,818	2,041	505	110	30	7	-	2
2018.09	동작구	신대방2동	9,064	3,817	1,668	1,522	1,500	417	98	34	8	-	-
2018.09	동작구	흑석동	12,861	5,130	2,569	2,389	2,116	522	99	22	10	3	1
2018.09	동작구	노량진1동	14,762	6,322	3,024	2,548	2,150	557	126	23	7	4	1
2018.09	동작구	사당2동	11,926	4,072	2,819	2,401	1,980	480	134	29	8	2	1
2018.09	관악구	소계	261,401	141,114	48,243	34,288	28,574	6,936	1,630	439	117	34	26
2018.09	관악구	보라매동	11,996	5,361	2,626	1,937	1,582	376	92	14	2	3	3
2018.09	관악구	청림동	6,618	1,960	1,548	1,483	1,271	266	66	15	5	2	2
2018.09	관악구	행운동	16,732	10,035	2,850	1,859	1,502	359	98	19	9	-	1
2018.09	관악구	낙성대동	10,547	7,143	1,525	919	704	183	50	16	5	-	2
2018.09	관악구	중앙동	8,941	5,602	1,524	884	697	182	41	7	1	2	1
2018.09	관악구	인헌동	13,894	7,321	2,638	1,896	1,558	367	79	30	5	-	-
2018.09	관악구	남현동	9,162	4,415	1,856	1,394	1,124	282	49	32	6	1	3
2018.09	관악구	서원동	13,170	7,921	2,446	1,458	994	266	67	11	5	2	-
2018.09	관악구	신원동	10,218	5,674	2,108	1,261	911	192	52	12	4	3	1
2018.09	관악구	서림동	14,199	9,060	2,155	1,476	1,109	301	68	23	4	1	2
2018.09	관악구	신사동	12,820	7,536	2,263	1,534	1,136	271	57	15	7	-	1
2018.09	관악구	신림동	15,945	12,660	1,998	724	432	92	34	3	1	1	-
2018.09	관악구	난향동	6,476	1,837	1,469	1,382	1,362	316	79	22	7	-	2
2018.09	관악구	조원동	10,055	6,056	1,790	1,076	870	189	44	23	4	3	-
2018.09	관악구	대학동	15,637	11,456	1,770	1,182	916	231	70	9	2	1	-
2018.09	관악구	은천동	15,532	6,128	3,408	2,719	2,524	557	143	37	10	3	3
2018.09	관악구	성현동	13,033	3,842	3,001	2,660	2,673	672	134	39	8	3	1
2018.09	관악구	청룡동	17,995	12,544	2,468	1,374	1,185	322	75	20	4	2	1
2018.09	관악구	난곡동	12,795	4,821	3,032	2,394	1,940	454	109	34	9	1	1
2018.09	관악구	삼성동	11,550	4,492	2,678	2,020	1,743	466	110	29	9	3	-
2018.09	관악구	미성동	14,086	5,250	3,090	2,656	2,341	592	113	29	10	3	2
2018.09	서초구	소계	173,912	57,203	34,210	34,330	36,442	8,823	2,063	558	184	53	46
2018.09	서초구	서초1동	9,258	3,809	1,749	1,557	1,565	415	116	31	14	2	-
2018.09	서초구	서초2동	7,818	3,294	1,403	1,351	1,371	289	81	20	5	3	1
2018.09	서초구	서초3동	12,979	5,113	2,534	2,304	2,177	596	180	39	22	7	7
2018.09	서초구	서초4동	10,924	2,290	1,891	2,527	3,380	634	137	51	9	4	1
2018.09	서초구	잠원동	13,932	4,633	2,613	2,910	3,045	579	115	20	10	5	2
2018.09	서초구	반포본동	4,231	730	808	1,006	1,337	274	56	15	3	1	1
2018.09	서초구	반포1동	13,027	6,128	1,980	1,975	2,239	545	111	32	11	5	1
2018.09	서초구	반포2동	6,791	1,041	1,191	1,673	2,157	588	101	29	9	-	2
2018.09	서초구	반포3동	7,096	1,346	1,402	1,798	2,054	389	74	23	8	-	2
2018.09	서초구	반포4동	7,377	1,887	1,493	1,735	1,704	415	95	30	10	6	2
2018.09	서초구	방배본동	7,899	2,122	1,484	1,706	1,932	495	111	34	9	2	4
2018.09	서초구	방배1동	7,528	2,813	1,670	1,429	1,235	276	80	16	4	1	4
2018.09	서초구	방배2동	10,167	3,531	2,333	1,938	1,795	438	84	33	7	3	5
2018.09	서초구	방배3동	8,361	2,263	1,794	1,854	1,848	445	110	30	12	2	3
2018.09	서초구	방배4동	9,912	3,353	2,002	1,857	2,033	505	119	29	11	1	2
2018.09	서초구	양재1동	18,355	5,883	3,881	3,443	3,624	1,147	287	68	16	5	1
2018.09	서초구	양재2동	11,045	4,978	2,273	1,706	1,521	422	95	29	14	3	4
2018.09	서초구	내곡동	7,212	1,989	1,709	1,561	1,425	371	111	29	10	3	4
2018.09	강남구	소계	228,883	88,204	42,120	41,139	44,048	10,163	2,279	628	184	77	41
2018.09	강남구	신사동	7,536	2,932	1,560	1,291	1,307	315	79	25	16	7	4
2018.09	강남구	논현1동	14,098	9,091	2,438	1,319	884	258	68	25	8	4	3
2018.09	강남구	논현2동	11,221	5,885	2,098	1,605	1,246	285	74	18	8	2	-
2018.09	강남구	삼성1동	5,877	1,906	1,173	1,162	1,222	289	87	25	10	3	-
2018.09	강남구	삼성2동	13,173	5,602	2,228	2,285	2,367	512	126	38	10	1	4
2018.09	강남구	대치1동	7,449	564	900	1,954	3,158	685	129	38	11	8	2
2018.09	강남구	대치4동	10,224	5,189	1,698	1,425	1,479	329	80	19	3	1	1
2018.09	강남구	역삼1동	23,095	16,203	3,391	1,813	1,209	337	95	32	12	3	-
2018.09	강남구	역삼2동	14,910	5,820	2,289	2,778	3,206	612	147	32	13	4	9
2018.09	강남구	도곡1동	8,522	2,464	1,515	1,803	2,128	463	106	30	9	3	1
2018.09	강남구	도곡2동	11,984	2,283	2,284	3,024	3,518	704	123	40	5	1	2
2018.09	강남구	개포1동	3,810	1,221	821	699	801	217	35	11	3	2	-
2018.09	강남구	개포4동	7,886	2,982	1,516	1,427	1,495	367	71	19	5	-	4
2018.09	강남구	일원본동	8,326	1,537	1,434	2,037	2,670	513	98	25	8	3	1
2018.09	강남구	일원1동	7,591	3,011	1,754	1,354	1,074	315	65	13	4	1	-
2018.09	강남구	일원2동	6,485	1,969	1,565	1,358	1,276	264	41	9	1	1	1
2018.09	강남구	수서동	7,857	3,121	2,287	1,361	802	201	62	15	4	3	1
2018.09	강남구	세곡동	17,442	5,485	3,576	3,242	3,526	1,200	313	76	15	6	3
2018.09	강남구	압구정동	10,734	2,944	2,323	2,433	2,319	546	117	35	8	7	2
2018.09	강남구	청담동	12,229	4,376	2,347	2,408	2,317	557	151	40	20	10	3
2018.09	강남구	대치2동	13,540	2,511	2,049	3,249	4,594	908	160	56	7	6	-
2018.09	강남구	개포2동	4,894	1,108	874	1,112	1,450	286	52	7	4	1	-
2018.09	송파구	소계	269,558	89,300	55,061	54,400	54,828	12,325	2,754	615	196	49	30
2018.09	송파구	풍납1동	6,861	2,560	1,630	1,288	1,092	218	60	6	4	3	-
2018.09	송파구	풍납2동	10,405	3,743	1,990	2,120	2,013	399	112	21	5	1	1
2018.09	송파구	거여1동	5,341	1,714	1,178	1,058	1,036	273	65	12	4	-	1
2018.09	송파구	거여2동	7,202	2,380	1,773	1,419	1,270	267	72	11	6	1	3
2018.09	송파구	마천1동	9,225	3,525	2,068	1,622	1,427	461	88	29	3	2	-
2018.09	송파구	마천2동	8,595	3,004	2,027	1,639	1,430	363	101	19	11	-	1
2018.09	송파구	방이1동	6,172	1,687	1,211	1,315	1,484	355	92	20	5	1	2
2018.09	송파구	방이2동	12,619	6,382	2,513	1,827	1,448	350	79	18	-	1	1
2018.09	송파구	오륜동	6,018	654	1,031	1,570	2,165	475	84	30	6	3	-
2018.09	송파구	오금동	15,444	4,091	3,327	3,549	3,427	819	177	44	9	-	1
2018.09	송파구	송파1동	12,276	5,508	2,612	1,998	1,609	410	99	28	8	1	3
2018.09	송파구	송파2동	7,299	1,406	1,466	1,775	2,024	492	99	21	12	3	1
2018.09	송파구	석촌동	16,535	7,874	3,427	2,583	2,010	465	131	30	10	5	-
2018.09	송파구	삼전동	16,280	7,953	3,239	2,484	2,039	458	72	27	3	2	3
2018.09	송파구	가락본동	11,719	4,203	2,380	2,306	2,197	512	92	24	3	-	2
2018.09	송파구	가락1동	353	129	58	62	80	21	1	2	-	-	-
2018.09	송파구	가락2동	12,264	2,743	2,362	2,943	3,318	687	159	39	9	2	2
2018.09	송파구	문정1동	8,527	2,632	1,809	1,778	1,783	400	95	13	11	5	1
2018.09	송파구	문정2동	15,219	8,039	2,803	1,976	1,836	413	103	26	18	3	2
2018.09	송파구	장지동	13,377	3,613	3,088	2,972	2,808	693	163	31	9	-	-
2018.09	송파구	위례동	9,094	1,076	1,690	2,335	2,949	836	169	28	8	3	-
2018.09	송파구	잠실본동	14,494	7,260	2,841	2,112	1,751	395	97	29	9	-	-
2018.09	송파구	잠실4동	10,413	1,782	2,135	2,861	2,914	561	128	17	10	5	-
2018.09	송파구	잠실6동	5,912	948	1,282	1,570	1,622	376	79	22	8	3	2
2018.09	송파구	잠실7동	3,482	484	787	886	1,042	218	46	13	4	2	-
2018.09	송파구	잠실2동	12,048	1,897	1,829	3,081	4,349	711	142	27	9	2	1
2018.09	송파구	잠실3동	12,384	2,013	2,505	3,271	3,705	697	149	28	12	1	3
2018.09	강동구	소계	177,591	61,076	37,727	34,909	33,477	8,090	1,712	424	123	28	25
2018.09	강동구	강일동	11,156	2,172	2,421	2,210	2,950	1,144	207	41	7	3	1
2018.09	강동구	상일동	4,207	1,142	892	929	955	213	52	15	6	1	2
2018.09	강동구	명일1동	8,173	1,969	1,607	1,943	2,059	450	111	20	11	1	2
2018.09	강동구	명일2동	5,901	980	1,032	1,302	2,029	444	84	22	7	1	-
2018.09	강동구	고덕1동	9,133	1,556	1,638	2,255	2,899	628	118	22	10	3	4
2018.09	강동구	고덕2동	3,504	1,486	792	599	469	124	20	9	3	-	2
2018.09	강동구	암사2동	5,875	1,768	1,301	1,296	1,214	226	54	10	3	1	2
2018.09	강동구	암사3동	6,347	1,048	1,265	1,640	1,820	423	99	31	14	3	4
2018.09	강동구	천호1동	12,934	5,039	2,938	2,465	1,893	472	95	23	6	2	1
2018.09	강동구	천호3동	13,537	6,258	2,907	2,203	1,648	392	96	26	4	2	1
2018.09	강동구	성내1동	8,169	2,306	1,812	1,841	1,723	396	63	23	4	-	1
2018.09	강동구	성내2동	12,436	5,889	2,753	1,964	1,397	328	78	19	7	1	-
2018.09	강동구	성내3동	10,218	3,701	2,155	2,036	1,809	414	74	21	6	1	1
2018.09	강동구	둔촌1동	192	133	23	14	16	4	2	-	-	-	-
2018.09	강동구	둔촌2동	11,162	3,366	2,361	2,354	2,412	533	102	28	3	2	1
2018.09	강동구	암사1동	16,298	6,097	3,626	3,112	2,689	591	139	31	11	1	1
2018.09	강동구	천호2동	17,623	8,335	3,813	2,795	2,076	444	124	29	7	-	-
2018.09	강동구	길동	20,726	7,831	4,391	3,951	3,419	864	194	54	14	6	2