기간	자치구	행정동	전체세대수	1인세대	2인세대	3인세대	4인세대	5인세대	6인세대	7인세대	8인세대	9인세대	10인세대 이상
2018.10	합계	합계	4,258,518	1,668,524	887,826	770,474	710,472	169,552	37,973	9,544	2,720	818	615
2018.10	종로구	소계	73,712	35,934	13,893	10,859	9,496	2,620	628	190	58	21	13
2018.10	종로구	사직동	4,520	2,158	868	700	567	162	33	20	8	1	3
2018.10	종로구	삼청동	1,413	744	252	190	148	57	15	5	1	1	-
2018.10	종로구	부암동	4,322	1,627	955	729	732	191	54	23	6	3	2
2018.10	종로구	평창동	7,588	2,468	1,636	1,467	1,451	427	96	25	9	7	2
2018.10	종로구	무악동	2,998	703	656	668	752	173	36	5	3	1	1
2018.10	종로구	교남동	4,552	1,582	1,116	862	779	153	38	16	5	1	-
2018.10	종로구	가회동	2,057	914	438	331	267	75	20	8	3	-	1
2018.10	종로구	종로1.2.3.4가동	5,292	4,150	543	305	218	53	15	5	3	-	-
2018.10	종로구	종로5·6가동	3,159	2,072	482	316	204	68	10	4	1	2	-
2018.10	종로구	이화동	4,497	2,654	781	527	387	119	17	11	-	1	-
2018.10	종로구	창신1동	3,005	1,757	567	344	239	77	18	3	-	-	-
2018.10	종로구	창신2동	4,173	1,932	844	660	528	158	40	8	2	1	-
2018.10	종로구	창신3동	2,878	858	673	621	496	190	32	5	3	-	-
2018.10	종로구	숭인1동	2,990	1,331	650	478	372	118	30	9	2	-	-
2018.10	종로구	숭인2동	5,700	3,690	884	561	431	98	28	6	2	-	-
2018.10	종로구	청운효자동	5,406	1,937	1,115	1,008	1,000	243	77	18	5	3	-
2018.10	종로구	혜화동	9,162	5,357	1,433	1,092	925	258	69	19	5	-	4
2018.10	중구	소계	61,361	29,659	12,719	9,242	7,289	1,807	467	113	36	9	20
2018.10	중구	소공동	1,077	603	200	148	99	18	6	1	-	-	2
2018.10	중구	회현동	3,255	2,225	438	287	221	64	12	6	2	-	-
2018.10	중구	명동	1,391	908	207	140	96	25	9	2	1	-	3
2018.10	중구	필동	2,289	1,421	395	231	173	52	11	4	1	-	1
2018.10	중구	장충동	2,667	1,628	460	269	215	72	17	2	1	-	3
2018.10	중구	광희동	2,899	1,818	515	277	209	50	23	5	1	-	1
2018.10	중구	을지로동	1,238	977	142	65	36	12	3	3	-	-	-
2018.10	중구	신당5동	4,487	2,100	930	700	570	132	38	13	3	1	-
2018.10	중구	황학동	6,498	3,423	1,354	894	619	158	42	5	2	1	-
2018.10	중구	중림동	5,771	2,438	1,251	1,029	822	168	43	14	6	-	-
2018.10	중구	신당동	4,449	2,691	814	476	349	85	27	5	-	2	-
2018.10	중구	다산동	6,907	3,018	1,609	1,109	898	207	46	13	4	-	3
2018.10	중구	약수동	7,786	2,780	1,995	1,549	1,091	280	67	15	5	-	4
2018.10	중구	청구동	6,452	2,446	1,512	1,185	992	251	49	7	4	3	3
2018.10	중구	동화동	4,195	1,183	897	883	899	233	74	18	6	2	-
2018.10	용산구	소계	108,874	50,638	22,169	17,052	14,153	3,605	903	235	74	22	23
2018.10	용산구	후암동	8,513	3,913	1,713	1,387	1,108	288	77	15	6	2	4
2018.10	용산구	용산2가동	5,502	2,768	1,195	800	548	150	32	8	1	-	-
2018.10	용산구	남영동	5,440	4,173	585	348	239	73	12	6	2	-	2
2018.10	용산구	원효로2동	6,039	2,010	1,295	1,195	1,139	293	68	23	9	3	4
2018.10	용산구	효창동	3,680	1,299	825	671	633	183	51	12	3	2	1
2018.10	용산구	용문동	5,370	1,878	1,253	1,042	899	225	55	13	3	1	1
2018.10	용산구	이촌1동	10,205	2,216	2,200	2,597	2,454	536	151	34	13	3	1
2018.10	용산구	이촌2동	3,862	1,281	1,014	800	572	146	33	9	7	-	-
2018.10	용산구	이태원1동	3,822	2,199	716	448	315	103	32	8	1	-	-
2018.10	용산구	이태원2동	4,950	2,620	1,015	670	472	123	38	7	4	-	1
2018.10	용산구	서빙고동	5,311	1,692	1,078	978	1,144	329	66	19	4	-	1
2018.10	용산구	보광동	7,735	3,968	1,661	1,071	782	195	44	12	2	-	-
2018.10	용산구	청파동	10,615	5,957	1,977	1,266	1,031	274	83	17	6	1	3
2018.10	용산구	원효로1동	7,372	3,374	1,575	1,176	960	222	44	11	6	3	1
2018.10	용산구	한강로동	9,472	5,290	1,783	1,220	895	206	56	17	2	2	1
2018.10	용산구	한남동	10,986	6,000	2,284	1,383	962	259	61	24	5	5	3
2018.10	성동구	소계	137,124	54,637	29,501	25,123	21,417	4,857	1,167	288	97	24	13
2018.10	성동구	왕십리2동	7,665	2,910	1,666	1,453	1,233	289	91	14	2	4	3
2018.10	성동구	마장동	10,659	4,509	2,280	1,753	1,586	403	88	21	13	4	2
2018.10	성동구	사근동	7,150	4,916	931	609	515	133	28	14	2	2	-
2018.10	성동구	행당1동	7,273	3,019	1,496	1,319	1,115	249	50	17	7	-	1
2018.10	성동구	행당2동	9,497	2,344	2,232	2,241	2,099	435	101	31	10	3	1
2018.10	성동구	응봉동	6,216	1,644	1,377	1,396	1,373	331	71	16	7	-	1
2018.10	성동구	금호1가동	6,605	2,037	1,637	1,406	1,184	252	68	17	3	1	-
2018.10	성동구	금호4가동	6,531	2,186	1,592	1,420	1,030	238	50	10	5	-	-
2018.10	성동구	성수1가1동	7,639	3,043	1,637	1,349	1,264	264	63	11	5	1	2
2018.10	성동구	성수1가2동	7,213	3,213	1,499	1,195	1,018	229	44	9	4	1	1
2018.10	성동구	성수2가1동	8,580	4,105	1,744	1,306	1,099	247	59	14	5	1	-
2018.10	성동구	성수2가3동	5,688	2,834	1,078	835	693	181	53	11	2	1	-
2018.10	성동구	송정동	5,512	2,654	1,117	840	682	172	36	9	1	1	-
2018.10	성동구	용답동	8,016	4,392	1,509	996	871	188	49	9	1	-	1
2018.10	성동구	왕십리도선동	11,599	4,224	2,425	2,312	2,055	436	112	27	8	-	-
2018.10	성동구	금호2.3가동	10,320	3,529	2,508	2,117	1,664	375	85	27	12	2	1
2018.10	성동구	옥수동	10,961	3,078	2,773	2,576	1,936	435	119	31	10	3	-
2018.10	광진구	소계	162,069	70,221	32,483	27,234	24,830	5,556	1,282	327	88	25	23
2018.10	광진구	화양동	15,321	11,772	1,930	821	631	123	33	9	2	-	-
2018.10	광진구	군자동	10,340	5,516	1,989	1,389	1,105	252	63	16	5	3	2
2018.10	광진구	중곡1동	7,907	3,675	1,812	1,285	882	190	41	16	5	1	-
2018.10	광진구	중곡2동	10,225	4,254	2,274	1,807	1,470	325	71	17	3	2	2
2018.10	광진구	중곡3동	8,454	3,786	1,924	1,383	1,040	260	50	9	1	1	-
2018.10	광진구	중곡4동	13,167	4,729	2,940	2,632	2,163	524	137	32	5	2	3
2018.10	광진구	능동	6,132	3,363	1,235	771	546	142	62	9	3	1	-
2018.10	광진구	구의1동	11,569	5,960	2,354	1,630	1,213	308	81	15	7	-	1
2018.10	광진구	구의2동	11,099	3,865	2,437	2,203	1,956	469	118	35	9	3	4
2018.10	광진구	구의3동	12,147	3,971	2,491	2,462	2,526	559	97	24	13	2	2
2018.10	광진구	광장동	11,984	2,162	1,819	2,946	4,114	730	159	40	12	2	-
2018.10	광진구	자양1동	11,347	5,386	2,401	1,683	1,446	329	76	19	3	2	2
2018.10	광진구	자양2동	11,316	3,887	2,495	2,275	2,020	476	116	35	6	3	3
2018.10	광진구	자양3동	11,037	2,754	2,306	2,534	2,682	581	123	41	9	3	4
2018.10	광진구	자양4동	10,024	5,141	2,076	1,413	1,036	288	55	10	5	-	-
2018.10	동대문구	소계	162,354	72,623	32,617	26,423	22,973	5,846	1,403	344	88	23	14
2018.10	동대문구	회기동	5,948	3,751	871	606	538	145	29	5	3	-	-
2018.10	동대문구	휘경1동	6,892	3,853	1,232	865	702	176	48	11	1	4	-
2018.10	동대문구	휘경2동	11,196	5,003	2,080	1,810	1,735	435	91	28	9	3	2
2018.10	동대문구	청량리동	10,511	4,848	2,309	1,611	1,271	359	91	18	3	-	1
2018.10	동대문구	용신동	16,333	9,296	2,975	1,938	1,563	432	94	31	4	-	-
2018.10	동대문구	제기동	12,799	6,681	2,504	1,728	1,348	396	115	20	4	2	1
2018.10	동대문구	전농1동	14,553	6,825	2,915	2,322	1,899	451	100	28	8	2	3
2018.10	동대문구	전농2동	7,711	2,106	1,795	1,717	1,540	400	116	33	2	-	2
2018.10	동대문구	답십리1동	12,219	4,578	2,487	2,375	2,093	520	122	31	10	1	2
2018.10	동대문구	답십리2동	12,001	4,050	2,791	2,358	2,133	511	118	30	8	2	-
2018.10	동대문구	장안1동	17,186	6,964	3,647	3,093	2,604	667	154	43	10	4	-
2018.10	동대문구	장안2동	12,694	4,230	2,651	2,640	2,431	568	135	27	10	1	1
2018.10	동대문구	이문1동	13,627	7,653	2,420	1,673	1,412	351	93	15	6	3	1
2018.10	동대문구	이문2동	8,684	2,785	1,940	1,687	1,704	435	97	24	10	1	1
2018.10	중랑구	소계	180,243	71,709	40,249	32,650	27,235	6,576	1,360	343	84	24	13
2018.10	중랑구	면목2동	12,191	5,272	2,691	2,049	1,654	416	87	14	7	1	-
2018.10	중랑구	면목4동	9,438	3,940	2,108	1,692	1,306	306	63	18	5	-	-
2018.10	중랑구	면목5동	4,604	1,883	1,092	807	637	151	25	7	2	-	-
2018.10	중랑구	면목7동	10,094	4,183	2,279	1,804	1,412	329	61	19	5	2	-
2018.10	중랑구	상봉1동	10,156	2,986	2,295	2,195	2,133	438	79	25	4	1	-
2018.10	중랑구	상봉2동	10,140	5,544	2,054	1,346	932	192	49	12	8	2	1
2018.10	중랑구	중화1동	8,881	3,095	2,110	1,747	1,474	363	66	16	7	2	1
2018.10	중랑구	중화2동	14,317	7,138	3,141	2,102	1,490	353	67	19	3	3	1
2018.10	중랑구	묵1동	14,479	4,522	3,161	3,084	2,828	671	161	38	11	1	2
2018.10	중랑구	묵2동	9,141	3,714	2,088	1,668	1,267	320	63	15	1	3	2
2018.10	중랑구	망우3동	8,478	3,581	2,000	1,471	1,108	243	58	14	1	2	-
2018.10	중랑구	신내1동	14,600	3,278	3,184	3,145	3,598	1,106	225	49	11	3	1
2018.10	중랑구	신내2동	9,009	2,624	2,183	2,019	1,713	359	83	18	8	1	1
2018.10	중랑구	면목본동	17,478	8,106	3,825	2,866	2,098	463	85	28	3	2	2
2018.10	중랑구	면목3.8동	12,552	5,432	2,843	2,168	1,609	374	93	29	4	-	-
2018.10	중랑구	망우본동	14,685	6,411	3,195	2,487	1,976	492	95	22	4	1	2
2018.10	성북구	소계	186,761	70,875	38,618	34,751	32,088	7,867	1,876	496	119	31	40
2018.10	성북구	돈암1동	6,382	1,762	1,511	1,419	1,284	308	75	19	2	-	2
2018.10	성북구	돈암2동	8,544	1,521	1,759	2,157	2,322	582	139	42	16	4	2
2018.10	성북구	안암동	8,817	5,539	1,381	907	768	175	34	7	2	3	1
2018.10	성북구	보문동	7,996	3,657	1,607	1,283	1,153	239	45	8	2	-	2
2018.10	성북구	정릉1동	7,052	2,060	1,508	1,559	1,442	361	91	25	3	1	2
2018.10	성북구	정릉2동	9,638	2,931	2,232	2,047	1,838	436	111	35	4	2	2
2018.10	성북구	정릉3동	7,618	3,789	1,457	1,150	900	247	57	11	3	1	3
2018.10	성북구	정릉4동	11,034	3,570	2,527	2,342	1,969	467	120	29	8	1	1
2018.10	성북구	길음1동	13,003	2,609	2,358	3,202	3,834	764	178	42	8	2	6
2018.10	성북구	길음2동	4,958	1,889	991	884	900	221	58	13	2	-	-
2018.10	성북구	월곡1동	10,729	3,076	2,363	2,276	2,287	547	141	28	7	3	1
2018.10	성북구	월곡2동	8,956	3,739	1,778	1,541	1,394	374	98	21	7	1	3
2018.10	성북구	장위1동	9,036	3,276	2,104	1,705	1,449	379	81	33	5	2	2
2018.10	성북구	장위2동	6,761	2,608	1,607	1,237	948	268	66	19	7	1	-
2018.10	성북구	장위3동	4,820	1,694	1,042	910	879	227	50	16	2	-	-
2018.10	성북구	성북동	8,042	3,655	1,707	1,213	1,007	326	91	27	9	1	6
2018.10	성북구	삼선동	12,689	6,076	2,448	1,877	1,733	419	102	24	8	2	-
2018.10	성북구	동선동	8,877	5,468	1,442	972	722	194	55	14	7	1	2
2018.10	성북구	종암동	17,068	6,181	3,444	3,299	3,114	800	161	53	8	4	4
2018.10	성북구	석관동	14,741	5,775	3,352	2,771	2,145	533	123	30	9	2	1
2018.10	강북구	소계	143,278	56,989	32,928	25,736	20,741	5,324	1,164	261	86	23	26
2018.10	강북구	번1동	10,159	5,237	2,149	1,431	1,027	237	65	8	5	-	-
2018.10	강북구	번2동	7,553	2,517	2,077	1,525	1,073	264	77	12	6	-	2
2018.10	강북구	번3동	7,624	2,111	2,108	1,635	1,289	365	82	27	5	2	-
2018.10	강북구	수유1동	10,325	4,527	2,303	1,727	1,309	357	77	13	8	1	3
2018.10	강북구	수유2동	9,562	3,303	2,386	1,874	1,474	399	93	21	9	1	2
2018.10	강북구	수유3동	12,336	6,345	2,560	1,847	1,187	313	63	12	3	3	3
2018.10	강북구	삼양동	11,874	4,643	2,704	2,214	1,718	480	82	20	7	4	2
2018.10	강북구	미아동	11,220	5,359	2,434	1,725	1,289	323	66	14	6	2	2
2018.10	강북구	송중동	13,031	5,447	2,821	2,227	1,887	492	112	35	4	3	3
2018.10	강북구	송천동	13,763	6,070	3,114	2,240	1,773	466	75	14	9	-	2
2018.10	강북구	삼각산동	11,896	2,528	2,440	2,736	3,314	696	135	38	7	1	1
2018.10	강북구	우이동	9,492	3,460	2,339	1,836	1,358	372	96	18	5	4	4
2018.10	강북구	인수동	14,443	5,442	3,493	2,719	2,043	560	141	29	12	2	2
2018.10	도봉구	소계	137,961	42,763	32,491	28,993	25,642	6,170	1,399	358	92	41	12
2018.10	도봉구	쌍문1동	9,179	2,982	2,222	1,894	1,532	416	98	25	7	2	1
2018.10	도봉구	쌍문2동	8,689	2,936	2,179	1,767	1,366	328	88	20	2	-	3
2018.10	도봉구	쌍문3동	7,681	2,953	1,844	1,408	1,112	289	56	14	4	-	1
2018.10	도봉구	쌍문4동	7,164	1,501	1,491	1,713	1,935	428	77	14	4	1	-
2018.10	도봉구	방학1동	12,714	4,442	2,907	2,436	2,155	598	120	42	9	4	1
2018.10	도봉구	방학2동	9,557	3,620	2,318	1,817	1,357	338	83	19	3	2	-
2018.10	도봉구	방학3동	10,132	1,759	2,235	2,586	2,694	662	144	33	12	6	1
2018.10	도봉구	창1동	10,893	3,438	2,468	2,339	2,103	426	94	21	2	2	-
2018.10	도봉구	창2동	12,405	3,610	2,956	2,753	2,328	544	153	41	12	8	-
2018.10	도봉구	창3동	6,687	2,507	1,636	1,245	987	236	56	17	1	2	-
2018.10	도봉구	창4동	10,574	2,652	2,227	2,371	2,599	569	111	33	11	1	-
2018.10	도봉구	창5동	9,905	2,496	2,266	2,352	2,169	480	97	29	10	6	-
2018.10	도봉구	도봉1동	10,304	3,988	2,689	1,810	1,323	372	79	23	10	6	4
2018.10	도봉구	도봉2동	12,077	3,879	3,053	2,502	1,982	484	143	27	5	1	1
2018.10	노원구	소계	217,940	67,239	47,534	45,046	45,735	9,836	1,938	417	129	38	28
2018.10	노원구	월계1동	10,503	4,343	2,125	1,784	1,706	438	85	17	5	-	-
2018.10	노원구	월계2동	11,245	3,703	2,886	2,197	1,879	452	100	20	3	3	2
2018.10	노원구	월계3동	12,973	3,529	3,426	2,955	2,393	500	131	26	10	2	1
2018.10	노원구	공릉2동	16,163	5,194	3,014	3,249	3,708	768	172	38	11	9	-
2018.10	노원구	하계1동	12,414	4,696	2,330	2,219	2,506	520	100	16	19	3	5
2018.10	노원구	하계2동	8,361	1,578	1,749	2,023	2,404	499	84	16	5	3	-
2018.10	노원구	중계본동	9,268	2,161	1,394	1,986	2,868	695	126	24	12	1	1
2018.10	노원구	중계1동	9,141	1,385	1,302	2,291	3,421	614	96	24	7	1	-
2018.10	노원구	중계4동	8,474	2,400	1,946	1,694	1,931	402	78	16	3	1	3
2018.10	노원구	상계1동	15,664	4,311	3,509	3,369	3,364	882	176	32	11	3	7
2018.10	노원구	상계2동	8,772	3,054	1,711	1,652	1,840	389	95	20	7	3	1
2018.10	노원구	상계5동	11,119	3,846	2,639	2,180	1,880	449	85	29	6	2	3
2018.10	노원구	상계8동	9,305	2,129	2,214	2,366	2,140	383	56	16	1	-	-
2018.10	노원구	상계9동	8,496	1,992	2,082	2,032	1,974	339	56	20	1	-	-
2018.10	노원구	상계10동	6,656	1,701	1,662	1,597	1,409	220	48	14	2	2	1
2018.10	노원구	상계3.4동	11,795	4,537	2,804	2,061	1,768	477	110	27	9	2	-
2018.10	노원구	상계6.7동	14,089	4,118	3,198	3,101	2,991	568	84	21	5	1	2
2018.10	노원구	중계2.3동	15,510	4,708	3,881	3,268	2,888	625	115	17	5	1	2
2018.10	노원구	공릉1동	17,992	7,854	3,662	3,022	2,665	616	141	24	7	1	-
2018.10	은평구	소계	204,396	72,943	46,453	39,292	34,194	8,756	2,029	522	138	35	34
2018.10	은평구	녹번동	15,052	6,114	3,430	2,674	2,159	514	122	33	3	1	2
2018.10	은평구	불광1동	17,749	6,249	4,149	3,639	2,838	663	148	51	9	3	-
2018.10	은평구	갈현1동	11,173	4,329	2,658	2,053	1,604	403	94	22	5	4	1
2018.10	은평구	갈현2동	12,597	4,093	2,952	2,675	2,191	533	111	28	12	-	2
2018.10	은평구	구산동	12,843	3,689	3,056	2,741	2,497	643	150	41	16	1	9
2018.10	은평구	대조동	15,698	7,281	3,456	2,458	1,889	457	119	30	7	1	-
2018.10	은평구	응암1동	11,229	4,471	2,409	2,005	1,758	448	99	21	8	4	6
2018.10	은평구	응암2동	8,232	2,389	1,836	1,820	1,675	387	86	23	11	4	1
2018.10	은평구	신사1동	11,620	3,544	2,792	2,494	2,142	486	112	37	7	4	2
2018.10	은평구	신사2동	9,136	3,022	2,130	1,832	1,606	403	109	28	4	1	1
2018.10	은평구	증산동	6,896	2,414	1,623	1,278	1,181	316	59	20	4	-	1
2018.10	은평구	수색동	5,011	1,820	1,202	918	806	196	49	17	2	1	-
2018.10	은평구	진관동	20,231	5,187	3,885	4,093	5,019	1,587	369	64	20	3	4
2018.10	은평구	불광2동	13,671	5,628	3,287	2,379	1,775	458	104	26	9	4	1
2018.10	은평구	응암3동	12,436	5,556	2,789	2,059	1,535	373	90	25	5	1	3
2018.10	은평구	역촌동	20,822	7,157	4,799	4,174	3,519	889	208	56	16	3	1
2018.10	서대문구	소계	138,085	56,781	28,665	24,375	21,311	5,250	1,230	346	88	24	15
2018.10	서대문구	천연동	8,324	3,336	1,692	1,559	1,355	299	57	21	2	1	2
2018.10	서대문구	홍제1동	9,535	3,210	2,239	1,897	1,624	408	110	31	9	4	3
2018.10	서대문구	홍제3동	7,125	2,612	1,649	1,359	1,125	284	73	14	8	-	1
2018.10	서대문구	홍제2동	5,847	1,653	1,404	1,298	1,142	270	53	18	5	1	3
2018.10	서대문구	홍은1동	9,770	3,236	2,149	1,977	1,801	469	103	27	6	-	2
2018.10	서대문구	홍은2동	12,471	4,700	2,782	2,314	1,982	499	132	41	18	3	-
2018.10	서대문구	남가좌1동	6,107	1,467	1,164	1,475	1,506	379	84	27	3	2	-
2018.10	서대문구	남가좌2동	10,178	4,260	2,224	1,716	1,493	376	83	16	6	2	2
2018.10	서대문구	북가좌1동	7,010	1,519	1,594	1,691	1,675	402	98	23	6	2	-
2018.10	서대문구	북가좌2동	14,769	5,397	3,442	2,837	2,389	549	115	39	1	-	-
2018.10	서대문구	충현동	8,815	4,374	1,691	1,256	1,101	294	75	20	3	1	-
2018.10	서대문구	북아현동	7,578	2,819	1,642	1,535	1,265	246	55	10	3	3	-
2018.10	서대문구	신촌동	11,961	8,702	1,502	854	666	159	52	19	5	-	2
2018.10	서대문구	연희동	18,595	9,496	3,491	2,607	2,187	616	140	40	13	5	-
2018.10	마포구	소계	171,836	74,803	35,264	28,686	25,339	5,953	1,304	333	94	35	25
2018.10	마포구	용강동	9,145	3,123	1,929	1,899	1,706	374	88	17	6	3	-
2018.10	마포구	대흥동	7,180	4,713	1,189	613	519	112	22	8	1	-	3
2018.10	마포구	염리동	5,241	2,394	1,063	833	713	172	48	12	5	-	1
2018.10	마포구	신수동	9,209	3,531	1,870	1,778	1,579	343	75	25	7	1	-
2018.10	마포구	서교동	13,913	8,401	2,459	1,482	1,174	296	68	21	9	3	-
2018.10	마포구	합정동	9,559	4,843	2,118	1,283	1,008	224	57	13	4	1	8
2018.10	마포구	망원1동	10,479	4,900	2,323	1,519	1,314	337	61	18	4	2	1
2018.10	마포구	망원2동	8,228	2,900	1,887	1,530	1,477	337	72	17	5	3	-
2018.10	마포구	연남동	8,722	4,735	1,804	1,080	807	227	49	12	4	1	3
2018.10	마포구	성산1동	9,302	4,070	1,989	1,557	1,235	344	73	24	5	4	1
2018.10	마포구	성산2동	18,250	7,312	3,763	3,267	3,027	700	140	27	10	3	1
2018.10	마포구	상암동	12,804	4,094	2,397	2,537	2,755	799	163	42	12	4	1
2018.10	마포구	도화동	9,633	3,566	2,040	1,838	1,655	401	99	24	3	5	2
2018.10	마포구	서강동	11,470	5,061	2,237	1,924	1,756	391	72	20	6	1	2
2018.10	마포구	공덕동	18,474	7,997	3,939	3,183	2,634	544	138	29	8	2	-
2018.10	마포구	아현동	10,227	3,163	2,257	2,363	1,980	352	79	24	5	2	2
2018.10	양천구	소계	176,598	48,405	36,392	38,547	41,265	9,383	1,917	474	144	40	31
2018.10	양천구	목1동	10,508	1,576	1,673	2,782	3,587	688	141	49	8	3	1
2018.10	양천구	목2동	12,866	4,218	2,845	2,604	2,446	592	119	30	7	1	4
2018.10	양천구	목3동	9,764	3,413	2,250	1,994	1,636	341	88	33	5	3	1
2018.10	양천구	목4동	10,092	2,768	1,871	2,111	2,595	584	123	28	9	2	1
2018.10	양천구	신월1동	10,144	4,184	2,306	1,816	1,396	341	78	20	1	2	-
2018.10	양천구	신월2동	8,694	2,345	1,999	1,940	1,732	502	118	39	12	4	3
2018.10	양천구	신월3동	8,252	3,888	1,788	1,291	928	279	59	13	3	1	2
2018.10	양천구	신월4동	6,902	1,442	1,544	1,691	1,630	444	119	22	8	2	-
2018.10	양천구	신월5동	6,414	2,103	1,430	1,324	1,170	293	72	19	1	2	-
2018.10	양천구	신월6동	2,572	685	561	566	569	144	35	10	2	-	-
2018.10	양천구	신월7동	9,330	2,885	2,450	1,991	1,568	327	84	18	6	-	1
2018.10	양천구	신정1동	7,249	1,413	1,189	1,679	2,324	521	94	17	10	-	2
2018.10	양천구	신정2동	7,205	1,537	1,261	1,506	2,274	527	79	12	4	3	2
2018.10	양천구	신정3동	17,666	4,120	3,857	3,958	4,254	1,185	220	48	18	3	3
2018.10	양천구	신정6동	8,180	997	1,387	2,247	2,894	529	100	12	11	2	1
2018.10	양천구	신정7동	11,230	2,755	2,420	2,568	2,808	539	99	22	16	2	1
2018.10	양천구	목5동	13,569	1,611	2,012	3,587	5,177	943	164	50	15	7	3
2018.10	양천구	신정4동	15,961	6,465	3,549	2,892	2,277	604	125	32	8	3	6
2018.10	강서구	소계	257,875	96,428	56,818	48,284	43,018	10,419	2,164	524	142	52	26
2018.10	강서구	염창동	14,504	3,093	2,747	3,578	4,083	808	148	39	5	2	1
2018.10	강서구	등촌1동	11,735	6,057	2,129	1,667	1,500	307	50	21	1	2	1
2018.10	강서구	등촌2동	8,560	2,421	1,952	1,880	1,745	414	105	29	9	5	-
2018.10	강서구	등촌3동	14,724	5,316	3,888	2,741	2,199	455	99	18	5	3	-
2018.10	강서구	화곡본동	16,224	6,535	3,652	2,983	2,300	567	120	47	15	3	2
2018.10	강서구	화곡2동	8,249	2,715	1,988	1,705	1,351	399	63	19	7	1	1
2018.10	강서구	화곡3동	9,229	3,054	2,048	1,904	1,653	426	114	21	5	2	2
2018.10	강서구	화곡4동	9,764	3,516	2,379	1,935	1,455	371	81	21	3	3	-
2018.10	강서구	화곡6동	10,926	4,404	2,324	1,977	1,686	414	85	22	7	2	5
2018.10	강서구	화곡8동	11,573	4,172	2,928	2,225	1,711	407	99	24	5	2	-
2018.10	강서구	가양1동	18,166	11,003	2,534	2,076	1,967	472	81	26	5	-	2
2018.10	강서구	가양2동	8,113	3,762	2,201	1,215	703	169	46	8	6	2	1
2018.10	강서구	가양3동	7,875	3,048	2,403	1,428	769	183	36	5	3	-	-
2018.10	강서구	발산1동	13,396	2,493	2,882	3,107	3,731	955	183	32	7	4	2
2018.10	강서구	공항동	12,594	5,326	2,624	2,177	1,861	493	89	18	5	-	1
2018.10	강서구	방화1동	17,338	4,709	3,690	3,649	3,914	1,078	227	52	13	5	1
2018.10	강서구	방화2동	11,493	5,249	2,526	1,806	1,386	394	97	25	5	1	4
2018.10	강서구	방화3동	11,241	4,361	2,819	2,080	1,488	371	95	17	7	3	-
2018.10	강서구	화곡1동	25,627	11,367	5,909	4,390	2,970	762	170	39	13	5	2
2018.10	강서구	우장산동	16,544	3,827	3,195	3,761	4,546	974	176	41	16	7	1
2018.10	구로구	소계	172,274	62,455	38,076	32,682	29,588	7,300	1,620	390	108	37	18
2018.10	구로구	신도림동	13,349	2,789	2,819	3,368	3,425	733	164	38	7	5	1
2018.10	구로구	구로1동	7,867	1,730	1,722	1,869	2,056	405	59	16	7	3	-
2018.10	구로구	구로3동	13,498	7,781	2,174	1,694	1,397	345	70	23	12	1	1
2018.10	구로구	구로4동	10,591	4,833	2,514	1,678	1,215	268	63	9	9	2	-
2018.10	구로구	구로5동	14,365	6,645	2,829	2,305	1,954	465	115	39	9	3	1
2018.10	구로구	고척1동	9,543	2,807	2,112	2,015	2,025	435	114	25	6	4	-
2018.10	구로구	고척2동	11,709	3,653	2,643	2,399	2,320	533	129	24	6	1	1
2018.10	구로구	개봉2동	12,672	3,114	3,127	2,937	2,618	666	158	39	9	2	2
2018.10	구로구	개봉3동	8,805	2,582	2,198	1,951	1,602	376	78	13	4	1	-
2018.10	구로구	오류1동	10,505	4,793	2,330	1,646	1,270	358	79	18	6	1	4
2018.10	구로구	오류2동	16,771	4,507	3,940	3,392	3,554	1,073	224	59	14	4	4
2018.10	구로구	수궁동	9,851	2,648	2,436	2,186	1,911	525	117	22	3	3	-
2018.10	구로구	가리봉동	5,886	3,818	1,040	539	352	107	22	5	2	-	1
2018.10	구로구	구로2동	12,883	6,083	2,879	1,961	1,450	379	88	29	8	5	1
2018.10	구로구	개봉1동	13,979	4,672	3,313	2,742	2,439	632	140	31	6	2	2
2018.10	금천구	소계	106,995	46,190	22,786	17,914	15,155	3,768	896	194	55	20	17
2018.10	금천구	가산동	13,019	9,112	1,701	1,146	809	188	53	6	2	2	-
2018.10	금천구	독산1동	17,547	8,222	3,395	2,679	2,436	621	153	26	8	2	5
2018.10	금천구	독산2동	9,341	3,899	2,140	1,660	1,269	285	68	15	1	2	2
2018.10	금천구	독산3동	12,242	5,450	2,757	1,993	1,557	371	86	18	6	4	-
2018.10	금천구	독산4동	7,643	3,225	1,729	1,323	1,018	265	62	14	4	1	2
2018.10	금천구	시흥1동	15,398	6,104	3,441	2,750	2,377	572	108	38	4	2	2
2018.10	금천구	시흥2동	8,544	1,987	2,019	1,883	1,959	506	140	33	12	1	4
2018.10	금천구	시흥3동	4,732	1,411	1,200	1,004	828	227	46	12	3	1	-
2018.10	금천구	시흥4동	9,157	3,035	2,184	1,825	1,580	403	96	17	11	5	1
2018.10	금천구	시흥5동	9,372	3,745	2,220	1,651	1,322	330	84	15	4	-	1
2018.10	영등포구	소계	170,504	75,971	33,971	28,256	24,723	5,802	1,310	326	93	20	32
2018.10	영등포구	여의동	12,865	3,480	2,824	2,980	2,770	590	155	44	13	4	5
2018.10	영등포구	당산1동	10,246	4,996	2,076	1,538	1,233	290	86	16	6	2	3
2018.10	영등포구	당산2동	17,033	8,307	2,877	2,641	2,489	542	128	35	13	-	1
2018.10	영등포구	양평1동	8,556	4,013	1,830	1,389	1,021	230	48	18	4	3	-
2018.10	영등포구	양평2동	10,011	4,020	2,013	1,805	1,688	381	83	14	3	1	3
2018.10	영등포구	신길1동	9,682	5,609	1,782	1,147	860	223	40	15	4	1	1
2018.10	영등포구	신길3동	7,013	2,769	1,453	1,289	1,138	295	48	15	4	1	1
2018.10	영등포구	신길4동	4,350	1,856	963	749	585	157	28	9	3	-	-
2018.10	영등포구	신길5동	4,471	1,894	995	759	609	162	42	8	-	-	2
2018.10	영등포구	신길6동	8,304	3,434	1,792	1,432	1,228	333	58	15	6	1	5
2018.10	영등포구	신길7동	6,559	1,958	1,274	1,346	1,535	349	72	18	6	-	1
2018.10	영등포구	대림1동	6,446	2,987	1,408	992	790	201	48	14	4	1	1
2018.10	영등포구	대림2동	6,423	3,151	1,507	896	630	180	48	6	4	1	-
2018.10	영등포구	대림3동	10,636	3,950	2,404	1,973	1,774	403	97	29	4	1	1
2018.10	영등포구	영등포본동	10,134	4,314	1,984	1,799	1,553	387	75	13	5	1	3
2018.10	영등포구	영등포동	16,090	11,381	2,090	1,277	1,035	234	56	10	4	-	3
2018.10	영등포구	도림동	9,319	4,362	2,074	1,442	1,072	276	69	18	4	1	1
2018.10	영등포구	문래동	12,366	3,490	2,625	2,802	2,713	569	129	29	6	2	1
2018.10	동작구	소계	176,203	72,651	36,181	30,901	27,786	6,646	1,489	402	98	29	20
2018.10	동작구	노량진2동	7,220	4,002	1,405	974	648	143	35	8	4	1	-
2018.10	동작구	상도1동	21,072	9,277	3,843	3,649	3,319	753	180	39	9	1	2
2018.10	동작구	상도2동	11,865	4,751	2,426	2,101	1,992	463	107	19	4	1	1
2018.10	동작구	상도3동	11,611	4,790	2,537	2,072	1,636	422	99	40	8	5	2
2018.10	동작구	상도4동	13,131	4,994	3,001	2,468	2,065	493	82	22	4	-	2
2018.10	동작구	사당1동	12,572	6,881	2,545	1,646	1,170	246	61	14	5	3	1
2018.10	동작구	사당3동	10,642	3,389	2,418	2,180	2,013	482	110	38	6	2	4
2018.10	동작구	사당4동	6,853	2,887	1,538	1,180	966	223	36	16	5	2	-
2018.10	동작구	사당5동	5,687	2,198	1,199	1,085	938	209	42	11	3	2	-
2018.10	동작구	대방동	16,886	6,526	3,176	2,905	3,277	755	174	58	8	3	4
2018.10	동작구	신대방1동	9,913	3,466	1,936	1,819	2,043	498	114	28	7	-	2
2018.10	동작구	신대방2동	9,103	3,848	1,685	1,534	1,488	413	92	35	8	-	-
2018.10	동작구	흑석동	12,878	5,153	2,581	2,362	2,124	523	99	22	11	3	-
2018.10	동작구	노량진1동	14,838	6,388	3,055	2,545	2,132	552	129	24	8	4	1
2018.10	동작구	사당2동	11,932	4,101	2,836	2,381	1,975	471	129	28	8	2	1
2018.10	관악구	소계	261,801	141,701	48,438	34,124	28,400	6,903	1,618	435	120	35	27
2018.10	관악구	보라매동	12,031	5,400	2,648	1,929	1,573	371	89	13	2	3	3
2018.10	관악구	청림동	6,612	1,966	1,565	1,467	1,260	264	65	14	7	2	2
2018.10	관악구	행운동	16,763	10,078	2,858	1,860	1,486	354	98	18	9	1	1
2018.10	관악구	낙성대동	10,552	7,171	1,522	910	695	181	50	15	5	1	2
2018.10	관악구	중앙동	8,953	5,623	1,531	877	688	182	42	6	1	2	1
2018.10	관악구	인헌동	13,885	7,329	2,646	1,879	1,545	372	80	29	5	-	-
2018.10	관악구	남현동	9,149	4,405	1,861	1,401	1,112	281	48	31	6	1	3
2018.10	관악구	서원동	13,201	7,939	2,476	1,444	990	264	69	12	5	2	-
2018.10	관악구	신원동	10,268	5,734	2,100	1,265	910	190	49	14	2	3	1
2018.10	관악구	서림동	14,180	9,043	2,184	1,443	1,110	299	71	23	5	-	2
2018.10	관악구	신사동	12,857	7,564	2,287	1,520	1,139	267	56	16	7	-	1
2018.10	관악구	신림동	16,038	12,770	1,988	717	431	93	34	3	1	1	-
2018.10	관악구	난향동	6,466	1,849	1,464	1,385	1,339	322	76	24	5	-	2
2018.10	관악구	조원동	10,036	6,067	1,772	1,069	864	190	44	22	5	3	-
2018.10	관악구	대학동	15,672	11,474	1,782	1,187	915	232	71	8	2	1	-
2018.10	관악구	은천동	15,553	6,154	3,427	2,710	2,514	555	142	33	11	4	3
2018.10	관악구	성현동	13,043	3,849	3,021	2,652	2,675	662	131	39	10	3	1
2018.10	관악구	청룡동	18,120	12,690	2,476	1,359	1,175	318	73	22	4	2	1
2018.10	관악구	난곡동	12,762	4,798	3,042	2,375	1,945	448	108	35	10	-	1
2018.10	관악구	삼성동	11,527	4,497	2,687	2,020	1,712	461	111	27	8	3	1
2018.10	관악구	미성동	14,133	5,301	3,101	2,655	2,322	597	111	31	10	3	2
2018.10	서초구	소계	173,624	57,298	34,102	34,254	36,236	8,820	2,082	543	189	55	45
2018.10	서초구	서초1동	9,252	3,793	1,758	1,562	1,558	415	118	32	14	2	-
2018.10	서초구	서초2동	7,924	3,372	1,412	1,359	1,376	294	82	19	5	4	1
2018.10	서초구	서초3동	13,015	5,151	2,537	2,294	2,186	596	179	38	21	6	7
2018.10	서초구	서초4동	10,940	2,319	1,882	2,534	3,376	631	133	51	9	4	1
2018.10	서초구	잠원동	13,963	4,666	2,607	2,924	3,020	595	116	17	11	5	2
2018.10	서초구	반포본동	4,229	737	816	989	1,336	276	57	13	4	-	1
2018.10	서초구	반포1동	13,564	6,211	2,122	2,109	2,389	567	116	32	12	5	1
2018.10	서초구	반포2동	6,109	932	1,033	1,495	1,967	548	95	29	8	-	2
2018.10	서초구	반포3동	7,124	1,347	1,403	1,816	2,050	396	78	24	8	-	2
2018.10	서초구	반포4동	7,383	1,879	1,509	1,737	1,692	420	97	30	10	7	2
2018.10	서초구	방배본동	7,903	2,120	1,492	1,688	1,935	502	115	34	10	3	4
2018.10	서초구	방배1동	7,550	2,821	1,673	1,438	1,228	280	85	15	5	-	5
2018.10	서초구	방배2동	9,919	3,476	2,235	1,904	1,742	430	85	32	7	3	5
2018.10	서초구	방배3동	8,338	2,257	1,797	1,850	1,835	446	108	29	12	1	3
2018.10	서초구	방배4동	9,846	3,333	1,989	1,842	2,025	496	120	26	12	1	2
2018.10	서초구	양재1동	18,330	5,909	3,867	3,452	3,589	1,133	290	68	16	5	1
2018.10	서초구	양재2동	11,031	4,974	2,272	1,703	1,512	423	99	25	14	6	3
2018.10	서초구	내곡동	7,204	2,001	1,698	1,558	1,420	372	109	29	11	3	3
2018.10	강남구	소계	229,057	88,466	42,268	41,048	43,934	10,132	2,284	632	181	71	41
2018.10	강남구	신사동	7,547	2,938	1,576	1,295	1,292	308	86	25	16	7	4
2018.10	강남구	논현1동	14,129	9,122	2,440	1,322	876	262	69	24	8	4	2
2018.10	강남구	논현2동	11,274	5,952	2,093	1,594	1,245	290	72	18	8	2	-
2018.10	강남구	삼성1동	5,893	1,914	1,194	1,148	1,230	283	86	25	10	3	-
2018.10	강남구	삼성2동	13,202	5,591	2,260	2,302	2,368	505	122	39	9	2	4
2018.10	강남구	대치1동	7,475	570	897	1,958	3,171	687	131	41	10	8	2
2018.10	강남구	대치4동	10,255	5,228	1,692	1,428	1,472	331	80	19	3	1	1
2018.10	강남구	역삼1동	23,206	16,278	3,436	1,801	1,220	326	96	33	13	3	-
2018.10	강남구	역삼2동	14,960	5,851	2,294	2,785	3,211	618	143	34	11	4	9
2018.10	강남구	도곡1동	8,544	2,474	1,538	1,800	2,127	460	106	27	8	3	1
2018.10	강남구	도곡2동	11,979	2,273	2,277	3,045	3,512	699	126	39	5	1	2
2018.10	강남구	개포1동	3,531	1,141	742	641	754	210	28	10	3	2	-
2018.10	강남구	개포4동	7,873	2,959	1,524	1,427	1,490	377	69	17	6	-	4
2018.10	강남구	일원본동	8,315	1,532	1,442	2,039	2,653	515	97	23	9	4	1
2018.10	강남구	일원1동	7,614	3,036	1,765	1,355	1,061	315	64	14	3	1	-
2018.10	강남구	일원2동	6,489	1,983	1,566	1,353	1,265	270	40	10	1	-	1
2018.10	강남구	수서동	7,854	3,135	2,289	1,352	797	198	60	15	4	3	1
2018.10	강남구	세곡동	17,510	5,539	3,596	3,255	3,514	1,195	314	75	15	4	3
2018.10	강남구	압구정동	10,736	2,934	2,337	2,422	2,325	539	120	40	9	7	3
2018.10	강남구	청담동	12,263	4,402	2,375	2,392	2,315	553	155	41	20	7	3
2018.10	강남구	대치2동	13,517	2,503	2,058	3,226	4,592	907	166	54	7	4	-
2018.10	강남구	개포2동	4,891	1,111	877	1,108	1,444	284	54	9	3	1	-
2018.10	송파구	소계	270,080	89,872	55,391	54,240	54,635	12,298	2,728	627	203	53	33
2018.10	송파구	풍납1동	6,847	2,563	1,638	1,273	1,082	220	56	7	5	3	-
2018.10	송파구	풍납2동	10,463	3,791	2,035	2,092	2,006	404	106	22	6	1	-
2018.10	송파구	거여1동	5,375	1,738	1,203	1,048	1,039	268	62	11	5	-	1
2018.10	송파구	거여2동	7,199	2,388	1,776	1,416	1,257	268	72	12	6	1	3
2018.10	송파구	마천1동	9,204	3,529	2,064	1,617	1,411	457	91	29	4	2	-
2018.10	송파구	마천2동	8,635	3,020	2,048	1,648	1,425	364	98	19	11	-	2
2018.10	송파구	방이1동	6,183	1,715	1,211	1,300	1,485	351	92	20	6	1	2
2018.10	송파구	방이2동	12,641	6,398	2,533	1,815	1,455	349	71	18	-	1	1
2018.10	송파구	오륜동	6,030	653	1,037	1,576	2,168	468	89	30	7	2	-
2018.10	송파구	오금동	15,496	4,118	3,362	3,525	3,432	831	173	45	9	-	1
2018.10	송파구	송파1동	12,296	5,537	2,631	1,984	1,596	408	99	29	8	1	3
2018.10	송파구	송파2동	7,303	1,415	1,467	1,781	2,012	496	94	22	12	3	1
2018.10	송파구	석촌동	16,620	7,963	3,438	2,581	2,007	453	132	31	9	6	-
2018.10	송파구	삼전동	16,286	7,991	3,240	2,467	2,025	458	69	27	3	3	3
2018.10	송파구	가락본동	11,770	4,247	2,410	2,294	2,181	513	95	24	4	-	2
2018.10	송파구	가락1동	353	128	60	60	82	21	-	2	-	-	-
2018.10	송파구	가락2동	12,309	2,783	2,389	2,943	3,307	672	158	44	10	2	1
2018.10	송파구	문정1동	8,555	2,661	1,823	1,762	1,780	405	95	13	11	4	1
2018.10	송파구	문정2동	15,278	8,115	2,804	1,966	1,834	403	107	24	18	4	3
2018.10	송파구	장지동	13,351	3,609	3,090	2,969	2,798	688	156	31	10	-	-
2018.10	송파구	위례동	9,115	1,072	1,688	2,364	2,950	838	164	28	7	4	-
2018.10	송파구	잠실본동	14,538	7,299	2,870	2,119	1,721	394	97	27	9	-	2
2018.10	송파구	잠실4동	10,410	1,797	2,129	2,858	2,906	556	131	17	10	6	-
2018.10	송파구	잠실6동	5,904	941	1,305	1,556	1,611	370	83	24	9	3	2
2018.10	송파구	잠실7동	3,487	486	792	886	1,036	221	47	12	5	2	-
2018.10	송파구	잠실2동	12,066	1,900	1,843	3,079	4,342	719	144	26	9	3	1
2018.10	송파구	잠실3동	12,366	2,015	2,505	3,261	3,687	703	147	33	10	1	4
2018.10	강동구	소계	177,513	61,273	37,819	34,762	33,289	8,058	1,715	424	116	31	26
2018.10	강동구	강일동	11,151	2,181	2,445	2,201	2,940	1,131	204	38	7	3	1
2018.10	강동구	상일동	4,208	1,134	900	936	943	218	53	14	7	1	2
2018.10	강동구	명일1동	8,184	1,967	1,621	1,945	2,058	449	110	19	11	2	2
2018.10	강동구	명일2동	5,895	986	1,029	1,292	2,030	448	82	19	8	1	-
2018.10	강동구	고덕1동	9,143	1,565	1,631	2,269	2,893	629	122	20	7	3	4
2018.10	강동구	고덕2동	3,511	1,503	794	591	463	126	20	9	3	-	2
2018.10	강동구	암사2동	5,880	1,767	1,310	1,303	1,202	225	58	9	3	1	2
2018.10	강동구	암사3동	6,353	1,054	1,275	1,643	1,812	411	103	33	15	2	5
2018.10	강동구	천호1동	12,904	5,034	2,933	2,478	1,865	465	94	23	8	3	1
2018.10	강동구	천호3동	13,580	6,308	2,919	2,187	1,642	398	95	25	3	2	1
2018.10	강동구	성내1동	8,192	2,323	1,832	1,831	1,712	397	69	23	4	-	1
2018.10	강동구	성내2동	12,425	5,901	2,741	1,957	1,396	326	75	22	6	1	-
2018.10	강동구	성내3동	10,212	3,720	2,153	2,008	1,809	419	72	24	5	1	1
2018.10	강동구	둔촌1동	187	128	23	14	17	3	2	-	-	-	-
2018.10	강동구	둔촌2동	11,163	3,379	2,377	2,340	2,401	527	104	29	3	2	1
2018.10	강동구	암사1동	16,321	6,127	3,645	3,098	2,680	585	142	32	9	2	1
2018.10	강동구	천호2동	17,618	8,367	3,817	2,770	2,061	449	119	28	7	-	-
2018.10	강동구	길동	20,586	7,829	4,374	3,899	3,365	852	191	57	10	7	2
2018.11	합계	합계	4,260,463	1,673,357	889,613	769,302	707,618	169,065	37,869	9,499	2,706	826	608
2018.11	종로구	소계	73,713	35,945	13,918	10,915	9,401	2,625	625	190	58	21	15
2018.11	종로구	사직동	4,519	2,156	881	692	560	166	33	20	7	1	3
2018.11	종로구	삼청동	1,411	748	249	188	146	58	15	5	1	1	-
2018.11	종로구	부암동	4,313	1,626	954	721	731	193	56	22	6	2	2
2018.11	종로구	평창동	7,596	2,471	1,644	1,484	1,432	426	96	25	9	7	2
2018.11	종로구	무악동	2,994	694	656	675	748	175	36	5	3	-	2
2018.11	종로구	교남동	4,553	1,584	1,112	872	770	155	37	15	6	2	-
2018.11	종로구	가회동	2,059	909	439	338	268	74	19	9	2	-	1
2018.11	종로구	종로1.2.3.4가동	5,293	4,155	541	308	212	54	15	5	3	-	-
2018.11	종로구	종로5·6가동	3,158	2,065	489	318	199	68	12	4	1	2	-
2018.11	종로구	이화동	4,500	2,663	784	521	384	119	17	11	-	1	-
2018.11	종로구	창신1동	2,996	1,753	571	342	231	77	18	4	-	-	-
2018.11	종로구	창신2동	4,169	1,926	849	661	524	159	39	8	2	1	-
2018.11	종로구	창신3동	2,877	855	664	635	498	186	33	3	3	-	-
2018.11	종로구	숭인1동	2,992	1,334	650	486	366	116	28	10	2	-	-
2018.11	종로구	숭인2동	5,714	3,695	893	566	425	98	28	7	2	-	-
2018.11	종로구	청운효자동	5,411	1,950	1,111	1,013	991	242	76	19	5	4	-
2018.11	종로구	혜화동	9,158	5,361	1,431	1,095	916	259	67	18	6	-	5
2018.11	중구	소계	61,418	29,724	12,742	9,248	7,270	1,796	461	114	32	10	21
2018.11	중구	소공동	1,072	598	198	150	99	18	6	1	-	-	2
2018.11	중구	회현동	3,274	2,235	439	296	221	64	11	6	2	-	-
2018.11	중구	명동	1,383	904	206	138	96	25	8	2	1	-	3
2018.11	중구	필동	2,289	1,421	397	230	174	51	10	4	1	-	1
2018.11	중구	장충동	2,678	1,637	467	258	222	71	17	2	1	-	3
2018.11	중구	광희동	2,898	1,830	512	276	202	49	22	5	1	-	1
2018.11	중구	을지로동	1,248	986	138	71	36	11	3	3	-	-	-
2018.11	중구	신당5동	4,487	2,093	938	701	565	133	41	12	2	2	-
2018.11	중구	황학동	6,493	3,421	1,356	893	620	154	41	6	1	1	-
2018.11	중구	중림동	5,779	2,441	1,251	1,030	823	167	46	15	6	-	-
2018.11	중구	신당동	4,456	2,699	822	475	345	81	28	4	-	2	-
2018.11	중구	다산동	6,910	3,035	1,604	1,108	896	204	44	12	4	-	3
2018.11	중구	약수동	7,784	2,778	1,992	1,550	1,090	284	66	15	5	-	4
2018.11	중구	청구동	6,457	2,450	1,519	1,185	990	247	49	7	4	3	3
2018.11	중구	동화동	4,210	1,196	903	887	891	237	69	20	4	2	1
2018.11	용산구	소계	108,938	50,698	22,224	17,040	14,112	3,619	894	231	72	24	24
2018.11	용산구	후암동	8,502	3,901	1,708	1,403	1,098	290	75	15	5	3	4
2018.11	용산구	용산2가동	5,509	2,786	1,206	790	542	144	32	8	1	-	-
2018.11	용산구	남영동	5,431	4,182	574	338	242	75	11	5	2	-	2
2018.11	용산구	원효로2동	6,026	2,002	1,287	1,194	1,145	290	71	22	8	2	5
2018.11	용산구	효창동	3,706	1,311	833	664	648	182	51	11	3	2	1
2018.11	용산구	용문동	5,363	1,874	1,267	1,041	885	228	51	11	4	1	1
2018.11	용산구	이촌1동	10,232	2,225	2,202	2,613	2,441	546	151	36	13	4	1
2018.11	용산구	이촌2동	3,866	1,295	1,006	800	573	146	31	8	7	-	-
2018.11	용산구	이태원1동	3,840	2,207	718	452	317	105	32	8	1	-	-
2018.11	용산구	이태원2동	4,945	2,610	1,023	669	468	125	39	7	3	-	1
2018.11	용산구	서빙고동	5,311	1,688	1,088	976	1,143	328	64	20	3	-	1
2018.11	용산구	보광동	7,750	3,994	1,666	1,066	767	198	43	12	3	1	-
2018.11	용산구	청파동	10,598	5,957	1,985	1,242	1,028	276	81	18	7	1	3
2018.11	용산구	원효로1동	7,363	3,376	1,577	1,166	951	228	44	12	5	3	1
2018.11	용산구	한강로동	9,502	5,290	1,799	1,227	907	200	57	17	2	2	1
2018.11	용산구	한남동	10,994	6,000	2,285	1,399	957	258	61	21	5	5	3
2018.11	성동구	소계	137,197	54,786	29,611	25,079	21,305	4,838	1,153	293	96	24	12
2018.11	성동구	왕십리2동	7,673	2,914	1,671	1,458	1,224	290	93	14	2	4	3
2018.11	성동구	마장동	10,669	4,546	2,274	1,761	1,568	395	84	23	12	4	2
2018.11	성동구	사근동	7,172	4,938	934	599	521	134	28	14	2	2	-
2018.11	성동구	행당1동	7,297	3,015	1,521	1,332	1,114	242	46	19	7	-	1
2018.11	성동구	행당2동	9,507	2,344	2,264	2,221	2,101	435	99	30	10	2	1
2018.11	성동구	응봉동	6,232	1,653	1,383	1,400	1,367	335	69	16	7	1	1
2018.11	성동구	금호1가동	6,610	2,020	1,661	1,403	1,185	252	70	15	3	1	-
2018.11	성동구	금호4가동	6,545	2,194	1,596	1,429	1,026	236	49	10	5	-	-
2018.11	성동구	성수1가1동	7,639	3,053	1,643	1,344	1,253	263	64	12	5	1	1
2018.11	성동구	성수1가2동	7,216	3,230	1,489	1,192	1,013	230	46	10	4	1	1
2018.11	성동구	성수2가1동	8,594	4,123	1,754	1,304	1,093	244	57	14	4	1	-
2018.11	성동구	성수2가3동	5,680	2,837	1,079	822	698	176	53	13	1	1	-
2018.11	성동구	송정동	5,524	2,677	1,119	839	673	169	36	9	1	1	-
2018.11	성동구	용답동	7,904	4,352	1,491	965	850	186	48	10	1	-	1
2018.11	성동구	왕십리도선동	11,615	4,221	2,466	2,292	2,061	429	110	27	9	-	-
2018.11	성동구	금호2.3가동	10,361	3,568	2,514	2,138	1,633	382	82	27	14	2	1
2018.11	성동구	옥수동	10,959	3,101	2,752	2,580	1,925	440	119	30	9	3	-
2018.11	광진구	소계	162,398	70,455	32,546	27,301	24,812	5,533	1,289	322	89	29	22
2018.11	광진구	화양동	15,302	11,779	1,940	800	617	118	37	9	2	-	-
2018.11	광진구	군자동	10,355	5,538	1,985	1,383	1,107	251	64	16	6	3	2
2018.11	광진구	중곡1동	7,923	3,703	1,799	1,293	877	190	41	14	5	1	-
2018.11	광진구	중곡2동	10,244	4,276	2,267	1,814	1,467	322	74	16	4	2	2
2018.11	광진구	중곡3동	8,473	3,829	1,918	1,371	1,037	259	47	10	1	1	-
2018.11	광진구	중곡4동	13,172	4,740	2,954	2,620	2,157	525	134	32	5	2	3
2018.11	광진구	능동	6,140	3,365	1,237	782	535	142	64	10	3	2	-
2018.11	광진구	구의1동	11,575	5,994	2,355	1,620	1,203	299	81	16	6	1	-
2018.11	광진구	구의2동	11,366	3,919	2,495	2,280	2,011	493	117	35	9	3	4
2018.11	광진구	구의3동	12,162	3,979	2,501	2,469	2,519	554	99	24	13	2	2
2018.11	광진구	광장동	11,996	2,174	1,813	2,957	4,119	725	157	37	11	3	-
2018.11	광진구	자양1동	11,353	5,387	2,411	1,685	1,441	326	80	16	3	2	2
2018.11	광진구	자양2동	11,288	3,874	2,494	2,287	2,003	469	111	37	7	3	3
2018.11	광진구	자양3동	11,043	2,761	2,307	2,520	2,689	579	130	40	9	4	4
2018.11	광진구	자양4동	10,006	5,137	2,070	1,420	1,030	281	53	10	5	-	-
2018.11	동대문구	소계	162,168	72,685	32,623	26,353	22,806	5,821	1,422	331	89	23	15
2018.11	동대문구	회기동	5,920	3,730	868	603	533	147	30	5	4	-	-
2018.11	동대문구	휘경1동	6,868	3,834	1,237	859	702	173	47	11	1	4	-
2018.11	동대문구	휘경2동	11,215	5,028	2,080	1,823	1,717	436	92	25	8	4	2
2018.11	동대문구	청량리동	10,521	4,878	2,300	1,598	1,270	357	98	17	2	-	1
2018.11	동대문구	용신동	16,460	9,408	2,995	1,946	1,549	431	100	27	4	-	-
2018.11	동대문구	제기동	12,806	6,697	2,506	1,732	1,338	392	114	21	3	2	1
2018.11	동대문구	전농1동	14,603	6,856	2,939	2,324	1,903	443	97	27	9	1	4
2018.11	동대문구	전농2동	7,717	2,111	1,806	1,714	1,534	398	119	30	3	-	2
2018.11	동대문구	답십리1동	12,298	4,599	2,511	2,389	2,102	530	124	30	10	1	2
2018.11	동대문구	답십리2동	12,029	4,092	2,795	2,357	2,115	509	120	31	8	2	-
2018.11	동대문구	장안1동	17,209	6,980	3,656	3,110	2,588	665	153	43	10	4	-
2018.11	동대문구	장안2동	12,777	4,273	2,683	2,644	2,433	569	139	24	9	2	1
2018.11	동대문구	이문1동	13,086	7,421	2,313	1,572	1,329	334	92	15	7	2	1
2018.11	동대문구	이문2동	8,659	2,778	1,934	1,682	1,693	437	97	25	11	1	1
2018.11	중랑구	소계	180,360	71,868	40,387	32,646	27,104	6,543	1,358	336	82	22	14
2018.11	중랑구	면목2동	12,187	5,272	2,700	2,050	1,645	414	84	14	7	1	-
2018.11	중랑구	면목4동	9,432	3,951	2,105	1,683	1,312	297	61	18	5	-	-
2018.11	중랑구	면목5동	4,595	1,881	1,091	808	632	148	26	7	2	-	-
2018.11	중랑구	면목7동	10,110	4,204	2,281	1,810	1,398	333	58	19	5	2	-
2018.11	중랑구	상봉1동	10,147	2,986	2,301	2,196	2,129	425	81	24	3	2	-
2018.11	중랑구	상봉2동	10,152	5,555	2,064	1,338	934	194	45	12	7	2	1
2018.11	중랑구	중화1동	8,897	3,097	2,135	1,736	1,471	366	67	15	8	1	1
2018.11	중랑구	중화2동	14,339	7,154	3,151	2,110	1,476	352	69	21	3	2	1
2018.11	중랑구	묵1동	14,471	4,508	3,176	3,085	2,820	675	157	36	12	-	2
2018.11	중랑구	묵2동	9,135	3,724	2,074	1,677	1,257	319	63	15	1	3	2
2018.11	중랑구	망우3동	8,496	3,607	2,006	1,471	1,092	243	61	12	2	2	-
2018.11	중랑구	신내1동	14,667	3,338	3,196	3,150	3,587	1,099	233	51	10	2	1
2018.11	중랑구	신내2동	9,005	2,626	2,181	2,033	1,705	352	80	18	8	1	1
2018.11	중랑구	면목본동	17,470	8,083	3,861	2,871	2,078	457	88	25	3	2	2
2018.11	중랑구	면목3.8동	12,563	5,446	2,860	2,148	1,614	372	92	27	3	1	-
2018.11	중랑구	망우본동	14,694	6,436	3,205	2,480	1,954	497	93	22	3	1	3
2018.11	성북구	소계	186,638	70,939	38,678	34,646	31,951	7,868	1,868	500	116	31	41
2018.11	성북구	돈암1동	6,382	1,770	1,529	1,404	1,277	304	74	19	2	1	2
2018.11	성북구	돈암2동	8,555	1,527	1,768	2,164	2,310	586	140	38	16	4	2
2018.11	성북구	안암동	8,802	5,553	1,377	894	763	167	35	7	2	3	1
2018.11	성북구	보문동	7,969	3,659	1,591	1,295	1,128	240	43	9	2	-	2
2018.11	성북구	정릉1동	7,051	2,068	1,510	1,562	1,429	359	90	26	4	1	2
2018.11	성북구	정릉2동	9,643	2,938	2,239	2,038	1,836	440	109	34	5	2	2
2018.11	성북구	정릉3동	7,611	3,803	1,451	1,132	900	251	56	11	3	1	3
2018.11	성북구	정릉4동	11,027	3,557	2,535	2,346	1,970	462	118	29	8	1	1
2018.11	성북구	길음1동	13,014	2,615	2,370	3,196	3,830	761	184	43	7	2	6
2018.11	성북구	길음2동	4,957	1,889	989	883	896	229	55	14	2	-	-
2018.11	성북구	월곡1동	10,733	3,091	2,365	2,272	2,278	547	142	27	8	1	2
2018.11	성북구	월곡2동	8,953	3,751	1,788	1,539	1,379	370	94	20	8	1	3
2018.11	성북구	장위1동	9,045	3,299	2,101	1,684	1,456	382	82	33	4	2	2
2018.11	성북구	장위2동	6,648	2,576	1,565	1,229	920	265	67	19	6	1	-
2018.11	성북구	장위3동	4,808	1,687	1,046	900	877	228	51	17	2	-	-
2018.11	성북구	성북동	8,052	3,662	1,711	1,214	1,008	324	90	28	7	2	6
2018.11	성북구	삼선동	12,642	6,048	2,439	1,861	1,743	415	103	24	7	2	-
2018.11	성북구	동선동	8,874	5,469	1,453	963	715	197	53	15	6	1	2
2018.11	성북구	종암동	17,088	6,176	3,463	3,298	3,106	815	159	56	7	4	4
2018.11	성북구	석관동	14,784	5,801	3,388	2,772	2,130	526	123	31	10	2	1
2018.11	강북구	소계	143,319	57,186	32,987	25,673	20,660	5,272	1,149	256	89	21	26
2018.11	강북구	번1동	10,177	5,258	2,148	1,431	1,029	236	62	8	5	-	-
2018.11	강북구	번2동	7,555	2,529	2,082	1,530	1,056	262	76	12	6	-	2
2018.11	강북구	번3동	7,629	2,119	2,122	1,622	1,285	364	80	30	6	1	-
2018.11	강북구	수유1동	10,329	4,520	2,315	1,733	1,307	354	77	11	8	1	3
2018.11	강북구	수유2동	9,587	3,341	2,408	1,858	1,463	390	95	21	8	1	2
2018.11	강북구	수유3동	12,368	6,388	2,553	1,845	1,193	303	64	13	3	3	3
2018.11	강북구	삼양동	11,799	4,623	2,681	2,207	1,702	476	78	20	7	3	2
2018.11	강북구	미아동	11,218	5,386	2,425	1,717	1,283	318	65	13	7	2	2
2018.11	강북구	송중동	13,021	5,473	2,808	2,220	1,880	485	109	35	5	3	3
2018.11	강북구	송천동	13,766	6,089	3,115	2,233	1,765	464	73	16	9	-	2
2018.11	강북구	삼각산동	11,877	2,513	2,460	2,725	3,305	695	136	34	7	1	1
2018.11	강북구	우이동	9,510	3,464	2,362	1,833	1,353	372	95	16	7	4	4
2018.11	강북구	인수동	14,483	5,483	3,508	2,719	2,039	553	139	27	11	2	2
2018.11	도봉구	소계	138,006	42,968	32,505	28,992	25,530	6,124	1,387	355	93	40	12
2018.11	도봉구	쌍문1동	9,190	2,997	2,221	1,899	1,534	405	100	24	7	2	1
2018.11	도봉구	쌍문2동	8,716	2,953	2,181	1,770	1,374	322	91	20	2	-	3
2018.11	도봉구	쌍문3동	7,677	2,958	1,846	1,408	1,103	285	58	15	3	-	1
2018.11	도봉구	쌍문4동	7,176	1,506	1,500	1,714	1,930	432	73	15	5	1	-
2018.11	도봉구	방학1동	12,734	4,463	2,907	2,431	2,167	593	120	40	7	6	-
2018.11	도봉구	방학2동	9,566	3,643	2,331	1,810	1,341	337	82	18	2	2	-
2018.11	도봉구	방학3동	10,140	1,782	2,249	2,584	2,674	649	150	34	12	5	1
2018.11	도봉구	창1동	10,892	3,444	2,479	2,340	2,088	426	89	22	2	2	-
2018.11	도봉구	창2동	12,391	3,621	2,946	2,757	2,310	547	147	41	15	7	-
2018.11	도봉구	창3동	6,680	2,502	1,629	1,256	979	239	55	17	1	2	-
2018.11	도봉구	창4동	10,562	2,662	2,232	2,376	2,577	558	112	32	12	1	-
2018.11	도봉구	창5동	9,898	2,517	2,269	2,340	2,162	475	91	29	10	5	-
2018.11	도봉구	도봉1동	10,284	4,010	2,650	1,817	1,311	374	77	23	11	6	5
2018.11	도봉구	도봉2동	12,100	3,910	3,065	2,490	1,980	482	142	25	4	1	1
2018.11	노원구	소계	217,854	67,432	47,666	44,926	45,482	9,794	1,949	412	129	40	24
2018.11	노원구	월계1동	10,533	4,375	2,130	1,789	1,690	442	86	17	4	-	-
2018.11	노원구	월계2동	11,243	3,716	2,875	2,203	1,870	457	98	18	2	3	1
2018.11	노원구	월계3동	12,995	3,546	3,461	2,917	2,400	506	127	25	10	2	1
2018.11	노원구	공릉2동	16,146	5,193	3,021	3,241	3,692	771	172	35	11	10	-
2018.11	노원구	하계1동	12,377	4,680	2,347	2,200	2,492	516	102	14	19	2	5
2018.11	노원구	하계2동	8,339	1,572	1,753	2,023	2,392	484	92	15	5	3	-
2018.11	노원구	중계본동	9,266	2,167	1,407	1,973	2,860	688	128	27	14	1	1
2018.11	노원구	중계1동	9,137	1,385	1,312	2,300	3,404	613	90	25	7	1	-
2018.11	노원구	중계4동	8,499	2,432	1,953	1,686	1,924	400	81	17	3	1	2
2018.11	노원구	상계1동	15,671	4,295	3,543	3,389	3,345	874	173	33	10	3	6
2018.11	노원구	상계2동	8,762	3,052	1,711	1,651	1,832	389	98	18	7	3	1
2018.11	노원구	상계5동	11,101	3,860	2,630	2,163	1,874	449	86	28	6	3	2
2018.11	노원구	상계8동	9,273	2,144	2,220	2,349	2,102	386	55	16	1	-	-
2018.11	노원구	상계9동	8,484	1,977	2,096	2,033	1,964	334	58	20	1	1	-
2018.11	노원구	상계10동	6,666	1,708	1,679	1,596	1,394	222	47	15	2	2	1
2018.11	노원구	상계3.4동	11,758	4,538	2,803	2,031	1,760	477	109	28	10	2	-
2018.11	노원구	상계6.7동	14,095	4,147	3,209	3,088	2,974	565	83	21	5	1	2
2018.11	노원구	중계2.3동	15,495	4,729	3,862	3,277	2,873	608	121	17	5	1	2
2018.11	노원구	공릉1동	18,014	7,916	3,654	3,017	2,640	613	143	23	7	1	-
2018.11	은평구	소계	204,753	73,267	46,697	39,239	34,067	8,730	2,036	513	135	35	34
2018.11	은평구	녹번동	15,423	6,220	3,578	2,751	2,190	520	126	31	4	1	2
2018.11	은평구	불광1동	17,749	6,261	4,184	3,612	2,826	656	150	47	10	3	-
2018.11	은평구	갈현1동	11,172	4,339	2,677	2,039	1,589	404	93	22	5	3	1
2018.11	은평구	갈현2동	12,587	4,121	2,940	2,651	2,189	532	112	27	12	1	2
2018.11	은평구	구산동	12,908	3,726	3,065	2,768	2,494	646	147	38	14	1	9
2018.11	은평구	대조동	15,668	7,292	3,451	2,449	1,871	446	123	28	7	1	-
2018.11	은평구	응암1동	11,255	4,501	2,426	2,003	1,758	431	97	21	8	4	6
2018.11	은평구	응암2동	8,209	2,381	1,837	1,824	1,654	389	86	24	9	4	1
2018.11	은평구	신사1동	11,649	3,565	2,803	2,495	2,140	487	109	36	7	5	2
2018.11	은평구	신사2동	9,148	3,038	2,136	1,828	1,594	405	115	27	3	1	1
2018.11	은평구	증산동	6,902	2,423	1,635	1,271	1,174	314	59	20	5	-	1
2018.11	은평구	수색동	4,944	1,811	1,182	905	782	194	50	17	2	1	-
2018.11	은평구	진관동	20,226	5,177	3,899	4,082	5,012	1,594	365	69	21	3	4
2018.11	은평구	불광2동	13,679	5,647	3,302	2,363	1,775	444	108	27	8	4	1
2018.11	은평구	응암3동	12,463	5,606	2,790	2,041	1,526	377	88	27	4	1	3
2018.11	은평구	역촌동	20,771	7,159	4,792	4,157	3,493	891	208	52	16	2	1
2018.11	서대문구	소계	138,261	56,887	28,754	24,402	21,270	5,245	1,236	344	86	24	13
2018.11	서대문구	천연동	8,295	3,316	1,700	1,546	1,344	304	58	22	2	1	2
2018.11	서대문구	홍제1동	9,526	3,222	2,237	1,885	1,615	413	108	31	9	4	2
2018.11	서대문구	홍제3동	7,116	2,611	1,650	1,345	1,137	278	72	14	8	-	1
2018.11	서대문구	홍제2동	5,854	1,666	1,397	1,299	1,147	264	54	18	5	1	3
2018.11	서대문구	홍은1동	9,774	3,251	2,147	1,993	1,775	469	105	27	5	-	2
2018.11	서대문구	홍은2동	12,358	4,666	2,747	2,317	1,938	498	131	40	18	3	-
2018.11	서대문구	남가좌1동	6,108	1,465	1,182	1,462	1,511	373	85	26	3	1	-
2018.11	서대문구	남가좌2동	10,538	4,313	2,301	1,827	1,603	382	87	16	4	4	1
2018.11	서대문구	북가좌1동	6,986	1,517	1,600	1,690	1,657	396	94	24	6	2	-
2018.11	서대문구	북가좌2동	14,738	5,406	3,433	2,812	2,369	557	121	38	2	-	-
2018.11	서대문구	충현동	8,785	4,363	1,693	1,248	1,095	287	76	19	4	-	-
2018.11	서대문구	북아현동	7,578	2,816	1,654	1,527	1,266	248	54	9	1	3	-
2018.11	서대문구	신촌동	12,001	8,756	1,496	860	653	158	50	20	6	-	2
2018.11	서대문구	연희동	18,604	9,519	3,517	2,591	2,160	618	141	40	13	5	-
2018.11	마포구	소계	172,172	75,082	35,347	28,692	25,287	5,981	1,291	336	99	32	25
2018.11	마포구	용강동	9,144	3,135	1,942	1,882	1,697	375	87	18	5	3	-
2018.11	마포구	대흥동	7,153	4,709	1,181	603	514	111	23	8	1	-	3
2018.11	마포구	염리동	5,495	2,426	1,129	915	781	181	46	11	5	-	1
2018.11	마포구	신수동	9,213	3,525	1,880	1,768	1,591	335	80	25	9	-	-
2018.11	마포구	서교동	13,942	8,434	2,468	1,488	1,159	293	67	22	8	3	-
2018.11	마포구	합정동	9,572	4,870	2,114	1,279	1,001	221	59	14	5	1	8
2018.11	마포구	망원1동	10,525	4,926	2,339	1,527	1,308	341	60	17	4	2	1
2018.11	마포구	망원2동	8,272	2,950	1,888	1,528	1,472	336	73	18	5	2	-
2018.11	마포구	연남동	8,706	4,734	1,790	1,074	813	225	49	12	5	1	3
2018.11	마포구	성산1동	9,286	4,053	1,997	1,557	1,223	351	73	22	5	4	1
2018.11	마포구	성산2동	18,346	7,430	3,780	3,252	3,005	697	140	28	11	2	1
2018.11	마포구	상암동	12,810	4,105	2,391	2,534	2,756	804	159	45	11	4	1
2018.11	마포구	도화동	9,626	3,588	2,019	1,826	1,653	410	95	25	3	5	2
2018.11	마포구	서강동	11,415	5,027	2,237	1,922	1,738	391	68	21	8	1	2
2018.11	마포구	공덕동	18,477	8,027	3,938	3,168	2,624	547	135	27	9	2	-
2018.11	마포구	아현동	10,190	3,143	2,254	2,369	1,952	363	77	23	5	2	2
2018.11	양천구	소계	176,574	48,576	36,433	38,482	41,100	9,379	1,918	472	144	42	28
2018.11	양천구	목1동	10,513	1,583	1,664	2,794	3,573	689	148	50	8	3	1
2018.11	양천구	목2동	12,899	4,262	2,846	2,593	2,441	598	117	31	6	1	4
2018.11	양천구	목3동	9,800	3,444	2,256	2,011	1,623	336	90	31	5	3	1
2018.11	양천구	목4동	10,111	2,799	1,864	2,110	2,594	584	120	28	9	2	1
2018.11	양천구	신월1동	10,123	4,188	2,308	1,803	1,387	338	74	21	3	1	-
2018.11	양천구	신월2동	8,686	2,354	2,000	1,939	1,721	496	118	39	12	4	3
2018.11	양천구	신월3동	8,234	3,882	1,789	1,289	914	283	60	11	2	2	2
2018.11	양천구	신월4동	6,897	1,445	1,541	1,687	1,630	445	116	25	6	2	-
2018.11	양천구	신월5동	6,418	2,125	1,437	1,315	1,150	302	69	17	1	2	-
2018.11	양천구	신월6동	2,564	673	565	561	572	145	35	11	2	-	-
2018.11	양천구	신월7동	9,317	2,885	2,462	1,974	1,560	328	83	18	6	-	1
2018.11	양천구	신정1동	7,247	1,406	1,198	1,667	2,343	510	95	16	10	-	2
2018.11	양천구	신정2동	7,189	1,538	1,254	1,507	2,265	521	81	13	5	3	2
2018.11	양천구	신정3동	17,612	4,107	3,862	3,936	4,230	1,190	222	41	18	3	3
2018.11	양천구	신정6동	8,186	991	1,413	2,241	2,879	534	102	11	12	2	1
2018.11	양천구	신정7동	11,212	2,763	2,410	2,562	2,801	533	101	26	14	2	-
2018.11	양천구	목5동	13,566	1,616	2,001	3,594	5,182	934	165	48	16	7	3
2018.11	양천구	신정4동	16,000	6,515	3,563	2,899	2,235	613	122	35	9	5	4
2018.11	강서구	소계	258,213	96,973	56,871	48,254	42,820	10,371	2,186	524	141	49	24
2018.11	강서구	염창동	14,551	3,137	2,740	3,612	4,060	807	150	38	4	2	1
2018.11	강서구	등촌1동	11,783	6,112	2,119	1,677	1,491	310	51	19	1	2	1
2018.11	강서구	등촌2동	8,584	2,439	1,955	1,892	1,735	416	103	30	9	5	-
2018.11	강서구	등촌3동	14,775	5,379	3,908	2,727	2,182	455	100	17	5	2	-
2018.11	강서구	화곡본동	16,251	6,585	3,659	2,973	2,285	564	120	46	14	4	1
2018.11	강서구	화곡2동	8,278	2,757	1,993	1,706	1,335	396	63	19	7	1	1
2018.11	강서구	화곡3동	9,224	3,062	2,030	1,906	1,655	426	117	20	5	1	2
2018.11	강서구	화곡4동	9,763	3,527	2,380	1,936	1,444	368	83	20	3	2	-
2018.11	강서구	화곡6동	10,927	4,433	2,319	1,972	1,666	412	90	22	7	2	4
2018.11	강서구	화곡8동	11,548	4,180	2,921	2,205	1,710	401	99	25	5	2	-
2018.11	강서구	가양1동	18,199	11,056	2,532	2,072	1,960	467	83	22	5	-	2
2018.11	강서구	가양2동	8,098	3,787	2,184	1,199	695	169	47	8	6	2	1
2018.11	강서구	가양3동	7,896	3,075	2,411	1,420	766	180	36	5	3	-	-
2018.11	강서구	발산1동	13,383	2,497	2,889	3,094	3,722	953	179	35	8	4	2
2018.11	강서구	공항동	12,622	5,367	2,621	2,182	1,852	487	88	18	6	-	1
2018.11	강서구	방화1동	17,387	4,759	3,717	3,641	3,895	1,074	231	51	14	4	1
2018.11	강서구	방화2동	11,498	5,257	2,526	1,816	1,374	395	94	26	5	1	4
2018.11	강서구	방화3동	11,236	4,366	2,829	2,068	1,477	370	97	19	7	3	-
2018.11	강서구	화곡1동	25,653	11,360	5,942	4,403	2,963	751	173	42	12	5	2
2018.11	강서구	우장산동	16,557	3,838	3,196	3,753	4,553	970	182	42	15	7	1
2018.11	구로구	소계	172,363	62,699	38,183	32,653	29,372	7,297	1,607	393	104	36	19
2018.11	구로구	신도림동	13,366	2,827	2,782	3,365	3,444	729	167	38	8	5	1
2018.11	구로구	구로1동	7,873	1,756	1,722	1,861	2,045	406	59	14	7	2	1
2018.11	구로구	구로3동	13,439	7,746	2,184	1,673	1,381	349	70	22	12	1	1
2018.11	구로구	구로4동	10,602	4,852	2,536	1,680	1,190	262	62	9	9	2	-
2018.11	구로구	구로5동	14,361	6,672	2,833	2,292	1,935	462	115	40	9	2	1
2018.11	구로구	고척1동	9,542	2,812	2,109	2,019	2,018	437	113	25	5	4	-
2018.11	구로구	고척2동	11,680	3,657	2,649	2,399	2,293	525	126	23	6	1	1
2018.11	구로구	개봉2동	12,665	3,121	3,123	2,943	2,594	672	157	42	9	2	2
2018.11	구로구	개봉3동	8,822	2,600	2,207	1,945	1,596	380	76	14	3	1	-
2018.11	구로구	오류1동	10,535	4,832	2,323	1,660	1,258	352	82	17	6	1	4
2018.11	구로구	오류2동	16,916	4,570	4,014	3,412	3,540	1,078	217	63	13	5	4
2018.11	구로구	수궁동	9,837	2,644	2,456	2,188	1,886	516	118	23	3	3	-
2018.11	구로구	가리봉동	5,870	3,820	1,022	548	345	108	20	5	1	-	1
2018.11	구로구	구로2동	12,861	6,102	2,877	1,930	1,447	377	87	28	7	5	1
2018.11	구로구	개봉1동	13,994	4,688	3,346	2,738	2,400	644	138	30	6	2	2
2018.11	금천구	소계	107,605	46,537	22,934	18,004	15,177	3,777	878	206	54	21	17
2018.11	금천구	가산동	13,153	9,236	1,710	1,154	800	187	55	7	2	2	-
2018.11	금천구	독산1동	18,083	8,347	3,513	2,814	2,562	651	148	32	8	3	5
2018.11	금천구	독산2동	9,336	3,923	2,140	1,654	1,253	281	64	16	1	2	2
2018.11	금천구	독산3동	12,236	5,471	2,773	1,981	1,533	363	88	18	5	4	-
2018.11	금천구	독산4동	7,641	3,235	1,732	1,314	1,017	260	60	16	4	1	2
2018.11	금천구	시흥1동	15,407	6,133	3,441	2,736	2,373	571	108	37	4	2	2
2018.11	금천구	시흥2동	8,520	1,990	2,012	1,888	1,941	504	136	33	11	1	4
2018.11	금천구	시흥3동	4,727	1,414	1,210	1,004	811	227	44	13	3	1	-
2018.11	금천구	시흥4동	9,158	3,052	2,175	1,826	1,576	400	94	17	12	5	1
2018.11	금천구	시흥5동	9,344	3,736	2,228	1,633	1,311	333	81	17	4	-	1
2018.11	영등포구	소계	170,693	76,293	34,064	28,152	24,650	5,773	1,292	323	92	22	32
2018.11	영등포구	여의동	12,905	3,521	2,834	2,974	2,772	589	149	42	14	5	5
2018.11	영등포구	당산1동	10,266	5,017	2,082	1,544	1,220	294	84	14	6	2	3
2018.11	영등포구	당산2동	17,034	8,310	2,888	2,628	2,491	540	126	37	13	-	1
2018.11	영등포구	양평1동	8,579	4,017	1,855	1,391	1,010	231	51	18	3	3	-
2018.11	영등포구	양평2동	10,019	4,052	1,998	1,800	1,688	379	81	14	3	1	3
2018.11	영등포구	신길1동	9,676	5,623	1,783	1,143	846	218	42	15	4	1	1
2018.11	영등포구	신길3동	7,014	2,781	1,462	1,271	1,145	289	46	15	3	1	1
2018.11	영등포구	신길4동	4,333	1,853	962	751	576	154	27	7	3	-	-
2018.11	영등포구	신길5동	4,443	1,891	992	748	600	159	41	9	1	-	2
2018.11	영등포구	신길6동	8,318	3,471	1,781	1,426	1,226	324	63	15	6	1	5
2018.11	영등포구	신길7동	6,551	1,948	1,274	1,329	1,546	355	73	18	6	1	1
2018.11	영등포구	대림1동	6,433	2,979	1,421	977	792	201	44	14	3	1	1
2018.11	영등포구	대림2동	6,491	3,235	1,506	885	626	183	45	6	4	1	-
2018.11	영등포구	대림3동	10,617	3,947	2,416	1,982	1,744	397	98	27	4	1	1
2018.11	영등포구	영등포본동	10,134	4,335	1,972	1,795	1,561	376	73	14	4	1	3
2018.11	영등포구	영등포동	16,193	11,475	2,105	1,287	1,022	233	56	8	4	-	3
2018.11	영등포구	도림동	9,306	4,347	2,089	1,435	1,068	278	65	18	5	-	1
2018.11	영등포구	문래동	12,381	3,491	2,644	2,786	2,717	573	128	32	6	3	1
2018.11	동작구	소계	176,460	72,946	36,287	30,801	27,759	6,625	1,489	404	97	31	21
2018.11	동작구	노량진2동	7,206	4,027	1,396	957	639	139	34	9	4	1	-
2018.11	동작구	상도1동	21,071	9,284	3,848	3,653	3,304	758	176	36	9	1	2
2018.11	동작구	상도2동	11,866	4,752	2,446	2,082	1,999	456	104	22	3	1	1
2018.11	동작구	상도3동	11,633	4,822	2,544	2,078	1,617	418	100	39	8	5	2
2018.11	동작구	상도4동	13,160	5,053	2,993	2,457	2,056	487	85	22	5	-	2
2018.11	동작구	사당1동	12,580	6,902	2,576	1,605	1,162	246	65	15	5	3	1
2018.11	동작구	사당3동	10,706	3,425	2,427	2,191	2,025	478	109	38	6	2	5
2018.11	동작구	사당4동	6,870	2,900	1,543	1,184	957	228	36	15	5	2	-
2018.11	동작구	사당5동	5,710	2,214	1,204	1,085	943	207	41	12	2	2	-
2018.11	동작구	대방동	16,904	6,569	3,171	2,897	3,270	749	175	57	9	3	4
2018.11	동작구	신대방1동	9,891	3,462	1,922	1,817	2,043	495	115	28	6	1	2
2018.11	동작구	신대방2동	9,111	3,855	1,699	1,516	1,497	411	89	36	8	-	-
2018.11	동작구	흑석동	12,950	5,170	2,590	2,394	2,133	526	101	22	10	4	-
2018.11	동작구	노량진1동	14,866	6,416	3,077	2,511	2,143	551	129	26	8	4	1
2018.11	동작구	사당2동	11,936	4,095	2,851	2,374	1,971	476	130	27	9	2	1
2018.11	관악구	소계	261,802	142,001	48,543	33,942	28,255	6,856	1,592	426	127	33	27
2018.11	관악구	보라매동	12,017	5,424	2,648	1,898	1,560	376	88	14	3	3	3
2018.11	관악구	청림동	6,604	1,968	1,562	1,463	1,253	269	66	13	7	1	2
2018.11	관악구	행운동	16,767	10,086	2,858	1,870	1,468	361	94	19	10	-	1
2018.11	관악구	낙성대동	10,517	7,166	1,505	893	699	178	54	14	5	1	2
2018.11	관악구	중앙동	8,942	5,623	1,539	865	684	178	43	6	1	2	1
2018.11	관악구	인헌동	13,875	7,347	2,624	1,877	1,545	370	77	30	5	-	-
2018.11	관악구	남현동	9,143	4,434	1,840	1,392	1,106	281	50	28	8	1	3
2018.11	관악구	서원동	13,260	8,002	2,495	1,438	978	260	68	12	5	2	-
2018.11	관악구	신원동	10,280	5,741	2,103	1,274	906	186	49	15	2	3	1
2018.11	관악구	서림동	14,179	9,039	2,211	1,431	1,105	296	67	23	5	-	2
2018.11	관악구	신사동	12,885	7,606	2,297	1,518	1,124	261	57	13	8	-	1
2018.11	관악구	신림동	16,051	12,792	1,995	701	432	95	31	3	1	1	-
2018.11	관악구	난향동	6,478	1,851	1,492	1,369	1,344	315	76	24	4	1	2
2018.11	관악구	조원동	10,001	6,045	1,770	1,058	872	186	41	21	5	3	-
2018.11	관악구	대학동	15,650	11,451	1,793	1,190	909	228	68	8	2	1	-
2018.11	관악구	은천동	15,583	6,200	3,444	2,706	2,501	547	137	31	10	4	3
2018.11	관악구	성현동	13,007	3,842	3,017	2,644	2,668	651	129	40	13	2	1
2018.11	관악구	청룡동	18,211	12,794	2,501	1,335	1,164	318	72	21	4	1	1
2018.11	관악구	난곡동	12,739	4,796	3,053	2,359	1,930	448	107	35	9	1	1
2018.11	관악구	삼성동	11,520	4,505	2,705	2,009	1,694	461	107	26	9	3	1
2018.11	관악구	미성동	14,093	5,289	3,091	2,652	2,313	591	111	30	11	3	2
2018.11	서초구	소계	173,177	57,274	34,006	34,128	36,049	8,798	2,091	540	188	58	45
2018.11	서초구	서초1동	9,239	3,787	1,738	1,575	1,559	415	120	29	14	2	-
2018.11	서초구	서초2동	8,016	3,441	1,419	1,372	1,384	296	77	17	5	3	2
2018.11	서초구	서초3동	13,040	5,182	2,537	2,305	2,164	603	175	41	20	6	7
2018.11	서초구	서초4동	10,933	2,331	1,891	2,517	3,356	646	128	52	8	3	1
2018.11	서초구	잠원동	13,980	4,665	2,612	2,921	3,033	592	120	18	11	6	2
2018.11	서초구	반포본동	4,234	748	793	997	1,339	283	55	14	4	-	1
2018.11	서초구	반포1동	13,900	6,248	2,223	2,174	2,492	590	124	30	12	6	1
2018.11	서초구	반포2동	5,507	833	903	1,366	1,774	499	93	27	9	1	2
2018.11	서초구	반포3동	7,044	1,314	1,379	1,806	2,036	393	79	26	9	-	2
2018.11	서초구	반포4동	7,399	1,876	1,517	1,743	1,695	418	103	27	11	7	2
2018.11	서초구	방배본동	7,920	2,114	1,501	1,706	1,938	494	116	31	12	4	4
2018.11	서초구	방배1동	7,571	2,838	1,664	1,431	1,236	290	84	18	5	1	4
2018.11	서초구	방배2동	9,665	3,405	2,172	1,858	1,684	418	88	27	4	4	5
2018.11	서초구	방배3동	8,370	2,259	1,820	1,846	1,863	433	104	30	11	1	3
2018.11	서초구	방배4동	9,784	3,334	1,968	1,818	2,011	490	122	26	12	1	2
2018.11	서초구	양재1동	18,325	5,908	3,869	3,456	3,571	1,136	289	74	17	4	1
2018.11	서초구	양재2동	11,022	4,980	2,270	1,687	1,503	431	104	24	14	6	3
2018.11	서초구	내곡동	7,228	2,011	1,730	1,550	1,411	371	110	29	10	3	3
2018.11	강남구	소계	228,735	88,483	42,255	40,933	43,739	10,129	2,279	622	181	75	39
2018.11	강남구	신사동	7,563	2,947	1,583	1,288	1,296	314	85	23	16	7	4
2018.11	강남구	논현1동	14,134	9,163	2,414	1,306	875	268	70	24	8	4	2
2018.11	강남구	논현2동	11,287	5,966	2,100	1,594	1,243	284	72	18	9	1	-
2018.11	강남구	삼성1동	5,891	1,922	1,183	1,161	1,218	283	88	24	8	4	-
2018.11	강남구	삼성2동	13,215	5,589	2,293	2,278	2,364	508	127	41	9	3	3
2018.11	강남구	대치1동	7,464	577	888	1,954	3,168	689	127	41	9	8	3
2018.11	강남구	대치4동	10,222	5,216	1,672	1,436	1,466	330	80	17	3	1	1
2018.11	강남구	역삼1동	23,125	16,180	3,467	1,804	1,198	332	98	30	13	3	-
2018.11	강남구	역삼2동	14,978	5,875	2,285	2,785	3,205	627	141	37	10	4	9
2018.11	강남구	도곡1동	8,533	2,457	1,544	1,806	2,120	462	106	26	8	3	1
2018.11	강남구	도곡2동	11,977	2,283	2,282	3,034	3,503	700	130	36	6	1	2
2018.11	강남구	개포1동	3,316	1,042	710	604	720	198	27	10	3	2	-
2018.11	강남구	개포4동	7,856	2,936	1,523	1,440	1,484	376	69	18	6	-	4
2018.11	강남구	일원본동	8,305	1,538	1,449	2,024	2,649	511	98	22	8	5	1
2018.11	강남구	일원1동	7,621	3,061	1,750	1,351	1,073	305	63	14	3	1	-
2018.11	강남구	일원2동	6,489	2,000	1,573	1,334	1,260	270	41	9	1	-	1
2018.11	강남구	수서동	7,825	3,140	2,279	1,333	795	198	59	13	4	3	1
2018.11	강남구	세곡동	17,562	5,582	3,628	3,243	3,504	1,193	317	75	15	4	1
2018.11	강남구	압구정동	10,731	2,948	2,331	2,422	2,309	540	121	39	10	8	3
2018.11	강남구	청담동	12,345	4,489	2,374	2,406	2,290	562	150	44	20	7	3
2018.11	강남구	대치2동	13,426	2,471	2,050	3,230	4,554	896	158	53	9	5	-
2018.11	강남구	개포2동	4,870	1,101	877	1,100	1,445	283	52	8	3	1	-
2018.11	송파구	소계	270,342	90,255	55,505	54,179	54,515	12,262	2,712	627	201	54	32
2018.11	송파구	풍납1동	6,825	2,558	1,637	1,268	1,073	217	56	8	6	2	-
2018.11	송파구	풍납2동	10,450	3,809	2,026	2,078	1,999	402	105	25	5	1	-
2018.11	송파구	거여1동	5,395	1,764	1,207	1,057	1,036	258	59	9	4	-	1
2018.11	송파구	거여2동	7,194	2,378	1,786	1,425	1,239	273	71	12	6	1	3
2018.11	송파구	마천1동	9,164	3,505	2,072	1,599	1,416	446	92	27	5	2	-
2018.11	송파구	마천2동	8,682	3,044	2,070	1,656	1,415	368	98	18	11	-	2
2018.11	송파구	방이1동	6,191	1,729	1,203	1,308	1,489	340	91	21	7	1	2
2018.11	송파구	방이2동	12,744	6,485	2,545	1,819	1,452	353	71	17	-	1	1
2018.11	송파구	오륜동	6,022	648	1,035	1,578	2,162	472	88	28	8	2	1
2018.11	송파구	오금동	15,528	4,137	3,374	3,531	3,418	839	173	47	9	-	-
2018.11	송파구	송파1동	12,270	5,544	2,607	1,977	1,594	407	98	31	8	1	3
2018.11	송파구	송파2동	7,314	1,427	1,473	1,770	2,017	494	98	20	12	3	-
2018.11	송파구	석촌동	16,648	7,994	3,450	2,568	2,011	449	131	31	9	5	-
2018.11	송파구	삼전동	16,336	8,057	3,235	2,460	2,025	451	71	28	2	4	3
2018.11	송파구	가락본동	11,782	4,267	2,419	2,286	2,184	502	96	22	4	-	2
2018.11	송파구	가락1동	351	126	61	57	85	20	-	2	-	-	-
2018.11	송파구	가락2동	12,283	2,764	2,382	2,978	3,273	672	160	43	8	2	1
2018.11	송파구	문정1동	8,566	2,684	1,823	1,758	1,766	412	92	14	12	4	1
2018.11	송파구	문정2동	15,294	8,144	2,797	1,964	1,838	398	105	24	17	4	3
2018.11	송파구	장지동	13,406	3,653	3,111	2,961	2,796	690	153	33	9	-	-
2018.11	송파구	위례동	9,121	1,080	1,691	2,351	2,972	827	160	28	8	4	-
2018.11	송파구	잠실본동	14,555	7,312	2,883	2,126	1,709	393	95	26	9	-	2
2018.11	송파구	잠실4동	10,403	1,802	2,141	2,856	2,891	550	131	17	9	6	-
2018.11	송파구	잠실6동	5,899	939	1,309	1,561	1,596	374	83	23	8	4	2
2018.11	송파구	잠실7동	3,490	492	798	884	1,028	221	48	12	5	2	-
2018.11	송파구	잠실2동	12,065	1,899	1,862	3,051	4,347	723	141	27	10	4	1
2018.11	송파구	잠실3동	12,364	2,014	2,508	3,252	3,684	711	146	34	10	1	4
2018.11	강동구	소계	177,304	61,398	37,847	34,622	33,125	8,009	1,707	429	112	29	26
2018.11	강동구	강일동	11,175	2,177	2,460	2,220	2,936	1,128	202	40	7	4	1
2018.11	강동구	상일동	4,198	1,133	897	944	929	214	55	18	6	-	2
2018.11	강동구	명일1동	8,185	1,967	1,638	1,927	2,055	451	111	21	11	2	2
2018.11	강동구	명일2동	5,898	979	1,037	1,290	2,028	452	83	20	8	1	-
2018.11	강동구	고덕1동	9,126	1,557	1,627	2,274	2,880	633	120	22	6	3	4
2018.11	강동구	고덕2동	3,493	1,499	791	586	458	125	21	8	3	-	2
2018.11	강동구	암사2동	5,887	1,783	1,316	1,293	1,195	228	56	10	3	1	2
2018.11	강동구	암사3동	6,360	1,066	1,288	1,629	1,820	403	102	30	15	2	5
2018.11	강동구	천호1동	12,901	5,049	2,941	2,458	1,861	462	96	23	8	2	1
2018.11	강동구	천호3동	13,592	6,344	2,906	2,196	1,632	393	89	26	3	2	1
2018.11	강동구	성내1동	8,193	2,338	1,823	1,820	1,712	406	68	24	1	-	1
2018.11	강동구	성내2동	12,439	5,934	2,743	1,960	1,378	323	74	21	5	1	-
2018.11	강동구	성내3동	10,201	3,722	2,178	1,996	1,798	404	73	22	6	1	1
2018.11	강동구	둔촌1동	188	128	24	13	18	3	2	-	-	-	-
2018.11	강동구	둔촌2동	11,150	3,392	2,378	2,339	2,382	522	102	29	3	2	1
2018.11	강동구	암사1동	16,289	6,109	3,660	3,083	2,672	576	142	35	10	1	1
2018.11	강동구	천호2동	17,643	8,421	3,826	2,755	2,043	447	117	27	7	-	-
2018.11	강동구	길동	20,386	7,800	4,314	3,839	3,328	839	194	53	10	7	2
2018.12	합계	합계	4,263,868	1,679,049	891,792	768,663	704,778	168,321	37,669	9,452	2,699	841	604
2018.12	종로구	소계	73,735	36,012	13,901	10,952	9,348	2,601	631	195	58	21	16
2018.12	종로구	사직동	4,528	2,158	881	701	558	162	34	22	8	1	3
2018.12	종로구	삼청동	1,408	745	247	187	144	58	20	6	1	-	-
2018.12	종로구	부암동	4,315	1,632	951	726	728	192	55	20	7	2	2
2018.12	종로구	평창동	7,592	2,471	1,650	1,478	1,429	428	93	25	9	7	2
2018.12	종로구	무악동	3,002	697	657	677	752	173	35	6	2	-	3
2018.12	종로구	교남동	4,576	1,600	1,112	883	767	156	36	14	6	2	-
2018.12	종로구	가회동	2,058	915	437	338	261	75	21	9	1	-	1
2018.12	종로구	종로1.2.3.4가동	5,291	4,162	530	308	214	55	14	5	3	-	-
2018.12	종로구	종로5·6가동	3,139	2,052	488	317	195	68	12	4	1	2	-
2018.12	종로구	이화동	4,485	2,652	786	517	386	115	16	12	-	1	-
2018.12	종로구	창신1동	2,996	1,754	571	346	224	77	19	5	-	-	-
2018.12	종로구	창신2동	4,167	1,929	855	662	516	154	40	8	2	1	-
2018.12	종로구	창신3동	2,889	871	663	636	495	184	34	3	3	-	-
2018.12	종로구	숭인1동	2,996	1,344	652	481	366	111	30	10	2	-	-
2018.12	종로구	숭인2동	5,716	3,693	892	574	423	98	27	7	2	-	-
2018.12	종로구	청운효자동	5,413	1,955	1,112	1,014	987	239	76	20	5	5	-
2018.12	종로구	혜화동	9,164	5,382	1,417	1,107	903	256	69	19	6	-	5
2018.12	중구	소계	61,502	29,832	12,753	9,255	7,238	1,791	456	114	32	13	18
2018.12	중구	소공동	1,072	601	193	150	100	17	9	-	-	-	2
2018.12	중구	회현동	3,273	2,226	446	297	221	64	11	6	2	-	-
2018.12	중구	명동	1,400	919	209	141	92	25	8	2	1	-	3
2018.12	중구	필동	2,291	1,422	397	235	172	49	10	4	1	-	1
2018.12	중구	장충동	2,662	1,621	470	256	221	72	16	2	1	1	2
2018.12	중구	광희동	2,906	1,836	514	277	203	47	22	5	1	-	1
2018.12	중구	을지로동	1,269	1,008	144	70	33	9	2	3	-	-	-
2018.12	중구	신당5동	4,500	2,112	936	702	561	132	40	13	3	1	-
2018.12	중구	황학동	6,525	3,459	1,359	890	617	152	40	7	-	1	-
2018.12	중구	중림동	5,808	2,456	1,253	1,043	818	171	46	15	5	1	-
2018.12	중구	신당동	4,430	2,684	819	473	339	83	25	4	1	2	-
2018.12	중구	다산동	6,922	3,069	1,596	1,104	889	202	43	12	4	-	3
2018.12	중구	약수동	7,768	2,771	1,979	1,551	1,091	287	66	14	5	-	4
2018.12	중구	청구동	6,448	2,443	1,522	1,182	988	246	50	7	4	4	2
2018.12	중구	동화동	4,228	1,205	916	884	893	235	68	20	4	3	-
2018.12	용산구	소계	108,974	50,818	22,284	16,997	14,034	3,606	891	226	72	23	23
2018.12	용산구	후암동	8,517	3,929	1,707	1,398	1,092	292	73	13	6	3	4
2018.12	용산구	용산2가동	5,512	2,795	1,211	784	540	142	31	8	1	-	-
2018.12	용산구	남영동	5,431	4,178	583	337	240	73	11	5	2	-	2
2018.12	용산구	원효로2동	6,034	2,005	1,297	1,194	1,142	288	72	22	8	2	4
2018.12	용산구	효창동	3,728	1,322	839	670	646	182	52	12	3	1	1
2018.12	용산구	용문동	5,371	1,886	1,274	1,035	884	227	50	9	3	2	1
2018.12	용산구	이촌1동	10,253	2,232	2,214	2,609	2,449	549	149	34	13	3	1
2018.12	용산구	이촌2동	3,862	1,301	1,007	801	564	142	31	8	8	-	-
2018.12	용산구	이태원1동	3,842	2,209	722	452	313	105	32	8	1	-	-
2018.12	용산구	이태원2동	4,947	2,619	1,019	667	469	126	37	6	3	-	1
2018.12	용산구	서빙고동	5,309	1,699	1,094	981	1,121	324	68	18	3	-	1
2018.12	용산구	보광동	7,720	3,993	1,654	1,062	762	193	39	13	3	1	-
2018.12	용산구	청파동	10,562	5,944	1,983	1,224	1,028	278	78	17	6	1	3
2018.12	용산구	원효로1동	7,391	3,387	1,596	1,179	938	225	47	11	4	3	1
2018.12	용산구	한강로동	9,518	5,324	1,808	1,216	889	199	58	17	4	2	1
2018.12	용산구	한남동	10,977	5,995	2,276	1,388	957	261	63	25	4	5	3
2018.12	성동구	소계	137,209	54,940	29,647	25,071	21,190	4,794	1,144	294	95	21	13
2018.12	성동구	왕십리2동	7,688	2,932	1,670	1,470	1,213	287	93	14	2	4	3
2018.12	성동구	마장동	10,687	4,567	2,272	1,766	1,569	389	80	25	12	5	2
2018.12	성동구	사근동	7,147	4,911	938	600	520	133	27	15	2	1	-
2018.12	성동구	행당1동	7,321	3,027	1,528	1,339	1,108	245	47	19	7	-	1
2018.12	성동구	행당2동	9,514	2,356	2,279	2,209	2,102	426	102	29	8	2	1
2018.12	성동구	응봉동	6,220	1,645	1,375	1,412	1,366	327	68	18	7	1	1
2018.12	성동구	금호1가동	6,620	2,023	1,680	1,410	1,169	251	69	15	3	-	-
2018.12	성동구	금호4가동	6,542	2,190	1,596	1,443	1,021	227	48	11	5	-	1
2018.12	성동구	성수1가1동	7,648	3,056	1,657	1,330	1,253	271	62	12	5	1	1
2018.12	성동구	성수1가2동	7,211	3,245	1,483	1,191	999	230	48	9	4	1	1
2018.12	성동구	성수2가1동	8,603	4,137	1,765	1,294	1,096	239	56	12	4	-	-
2018.12	성동구	성수2가3동	5,697	2,866	1,067	825	700	171	53	13	1	1	-
2018.12	성동구	송정동	5,555	2,707	1,140	827	666	169	35	9	1	1	-
2018.12	성동구	용답동	7,759	4,300	1,468	936	820	180	44	9	1	-	1
2018.12	성동구	왕십리도선동	11,654	4,271	2,459	2,309	2,038	431	110	26	10	-	-
2018.12	성동구	금호2.3가동	10,373	3,581	2,519	2,132	1,638	377	83	27	14	1	1
2018.12	성동구	옥수동	10,970	3,126	2,751	2,578	1,912	441	119	31	9	3	-
2018.12	광진구	소계	162,606	70,605	32,723	27,281	24,753	5,508	1,270	323	89	31	23
2018.12	광진구	화양동	15,346	11,826	1,943	803	612	116	35	8	2	-	1
2018.12	광진구	군자동	10,354	5,536	1,990	1,371	1,116	250	64	16	6	3	2
2018.12	광진구	중곡1동	7,944	3,724	1,807	1,288	874	187	45	13	5	1	-
2018.12	광진구	중곡2동	10,241	4,270	2,289	1,807	1,454	323	73	18	3	2	2
2018.12	광진구	중곡3동	8,484	3,829	1,941	1,364	1,033	253	48	13	2	1	-
2018.12	광진구	중곡4동	13,186	4,772	2,983	2,599	2,140	524	128	29	6	2	3
2018.12	광진구	능동	6,157	3,364	1,258	780	531	149	62	9	2	2	-
2018.12	광진구	구의1동	11,590	6,012	2,364	1,606	1,208	304	74	14	7	1	-
2018.12	광진구	구의2동	11,442	3,936	2,505	2,301	2,039	494	115	38	5	5	4
2018.12	광진구	구의3동	12,175	3,976	2,518	2,479	2,511	553	97	24	13	2	2
2018.12	광진구	광장동	12,016	2,159	1,851	2,970	4,096	726	162	37	12	3	-
2018.12	광진구	자양1동	11,369	5,407	2,419	1,684	1,433	326	78	15	3	2	2
2018.12	광진구	자양2동	11,292	3,900	2,496	2,286	1,995	459	106	37	7	3	3
2018.12	광진구	자양3동	11,053	2,771	2,302	2,525	2,694	570	132	41	10	4	4
2018.12	광진구	자양4동	9,957	5,123	2,057	1,418	1,017	274	51	11	6	-	-
2018.12	동대문구	소계	161,820	72,616	32,618	26,287	22,662	5,777	1,408	323	88	27	14
2018.12	동대문구	회기동	5,917	3,733	869	608	527	140	31	5	4	-	-
2018.12	동대문구	휘경1동	6,850	3,821	1,230	863	702	173	46	11	-	4	-
2018.12	동대문구	휘경2동	11,245	5,054	2,097	1,821	1,710	433	91	23	8	6	2
2018.12	동대문구	청량리동	10,517	4,885	2,293	1,610	1,253	360	96	17	2	-	1
2018.12	동대문구	용신동	16,521	9,469	2,998	1,953	1,548	420	101	27	4	1	-
2018.12	동대문구	제기동	12,828	6,731	2,498	1,732	1,335	393	112	21	3	2	1
2018.12	동대문구	전농1동	14,640	6,886	2,941	2,341	1,896	438	97	27	10	1	3
2018.12	동대문구	전농2동	7,736	2,120	1,837	1,704	1,529	396	115	30	3	-	2
2018.12	동대문구	답십리1동	12,361	4,602	2,550	2,409	2,098	538	124	30	8	1	1
2018.12	동대문구	답십리2동	12,000	4,078	2,808	2,354	2,101	498	121	29	8	3	-
2018.12	동대문구	장안1동	17,227	7,012	3,665	3,101	2,578	662	159	37	9	4	-
2018.12	동대문구	장안2동	12,854	4,314	2,717	2,649	2,427	572	136	27	9	2	1
2018.12	동대문구	이문1동	12,494	7,143	2,183	1,465	1,280	315	83	15	7	2	1
2018.12	동대문구	이문2동	8,630	2,768	1,932	1,677	1,678	439	96	24	13	1	2
2018.12	중랑구	소계	180,511	72,086	40,504	32,621	26,995	6,517	1,332	338	82	22	14
2018.12	중랑구	면목2동	12,201	5,300	2,701	2,035	1,654	407	83	13	7	1	-
2018.12	중랑구	면목4동	9,443	3,979	2,118	1,668	1,299	295	61	18	5	-	-
2018.12	중랑구	면목5동	4,580	1,871	1,091	805	628	150	26	7	2	-	-
2018.12	중랑구	면목7동	10,121	4,226	2,282	1,810	1,392	329	56	19	5	2	-
2018.12	중랑구	상봉1동	10,130	2,979	2,299	2,191	2,133	420	79	24	3	2	-
2018.12	중랑구	상봉2동	10,229	5,615	2,090	1,337	925	194	46	12	7	2	1
2018.12	중랑구	중화1동	8,890	3,085	2,143	1,758	1,448	365	65	16	8	1	1
2018.12	중랑구	중화2동	14,361	7,185	3,159	2,106	1,467	347	69	22	3	2	1
2018.12	중랑구	묵1동	14,480	4,513	3,193	3,089	2,811	664	157	38	12	1	2
2018.12	중랑구	묵2동	9,169	3,745	2,089	1,676	1,252	323	65	12	2	3	2
2018.12	중랑구	망우3동	8,476	3,595	2,021	1,456	1,088	244	56	12	2	2	-
2018.12	중랑구	신내1동	14,701	3,364	3,214	3,142	3,587	1,098	231	53	9	2	1
2018.12	중랑구	신내2동	8,999	2,621	2,187	2,044	1,696	349	76	17	8	-	1
2018.12	중랑구	면목본동	17,461	8,078	3,867	2,877	2,061	458	86	27	3	2	2
2018.12	중랑구	면목3.8동	12,571	5,472	2,853	2,145	1,608	375	88	26	3	1	-
2018.12	중랑구	망우본동	14,699	6,458	3,197	2,482	1,946	499	88	22	3	1	3
2018.12	성북구	소계	186,601	71,004	38,798	34,648	31,796	7,789	1,882	496	113	33	42
2018.12	성북구	돈암1동	6,386	1,768	1,533	1,414	1,269	303	76	18	2	1	2
2018.12	성북구	돈암2동	8,580	1,542	1,767	2,181	2,299	586	146	38	15	3	3
2018.12	성북구	안암동	8,785	5,543	1,382	889	764	159	34	9	1	3	1
2018.12	성북구	보문동	7,941	3,654	1,579	1,304	1,117	231	43	9	2	-	2
2018.12	성북구	정릉1동	7,055	2,076	1,512	1,566	1,425	349	93	26	4	2	2
2018.12	성북구	정릉2동	9,640	2,947	2,230	2,044	1,831	432	111	35	5	2	3
2018.12	성북구	정릉3동	7,617	3,808	1,474	1,111	894	257	56	11	2	1	3
2018.12	성북구	정릉4동	11,010	3,548	2,538	2,335	1,964	469	117	29	9	-	1
2018.12	성북구	길음1동	13,017	2,612	2,388	3,184	3,830	753	192	44	7	1	6
2018.12	성북구	길음2동	4,949	1,894	984	886	889	227	53	14	2	-	-
2018.12	성북구	월곡1동	10,742	3,084	2,373	2,287	2,285	535	139	29	7	1	2
2018.12	성북구	월곡2동	8,958	3,739	1,811	1,551	1,376	357	89	23	7	2	3
2018.12	성북구	장위1동	9,041	3,314	2,102	1,675	1,453	373	83	33	4	2	2
2018.12	성북구	장위2동	6,569	2,544	1,553	1,210	915	258	66	16	6	1	-
2018.12	성북구	장위3동	4,785	1,681	1,037	911	863	226	51	14	2	-	-
2018.12	성북구	성북동	8,052	3,662	1,716	1,209	1,013	322	89	25	8	2	6
2018.12	성북구	삼선동	12,672	6,076	2,464	1,859	1,717	418	107	22	7	2	-
2018.12	성북구	동선동	8,856	5,471	1,451	959	702	195	55	14	6	2	1
2018.12	성북구	종암동	17,104	6,204	3,478	3,297	3,076	819	159	55	7	5	4
2018.12	성북구	석관동	14,842	5,837	3,426	2,776	2,114	520	123	32	10	3	1
2018.12	강북구	소계	143,395	57,388	33,037	25,619	20,545	5,267	1,147	252	93	22	25
2018.12	강북구	번1동	10,188	5,286	2,145	1,430	1,019	236	59	8	5	-	-
2018.12	강북구	번2동	7,555	2,536	2,098	1,516	1,053	257	75	12	6	-	2
2018.12	강북구	번3동	7,618	2,122	2,124	1,608	1,284	364	81	28	6	1	-
2018.12	강북구	수유1동	10,335	4,530	2,302	1,740	1,309	355	77	9	9	1	3
2018.12	강북구	수유2동	9,603	3,350	2,421	1,856	1,452	393	96	22	10	1	2
2018.12	강북구	수유3동	12,399	6,438	2,538	1,860	1,177	301	63	13	3	3	3
2018.12	강북구	삼양동	11,748	4,605	2,683	2,183	1,687	480	79	18	8	3	2
2018.12	강북구	미아동	11,259	5,431	2,443	1,701	1,280	312	67	14	7	3	1
2018.12	강북구	송중동	13,007	5,471	2,804	2,234	1,859	489	105	35	4	3	3
2018.12	강북구	송천동	13,779	6,106	3,121	2,236	1,758	456	75	15	10	-	2
2018.12	강북구	삼각산동	11,877	2,524	2,475	2,714	3,284	703	133	34	8	1	1
2018.12	강북구	우이동	9,516	3,488	2,356	1,825	1,340	378	97	18	6	4	4
2018.12	강북구	인수동	14,511	5,501	3,527	2,716	2,043	543	140	26	11	2	2
2018.12	도봉구	소계	138,087	43,182	32,551	28,962	25,408	6,092	1,389	356	92	42	13
2018.12	도봉구	쌍문1동	9,198	3,006	2,216	1,902	1,532	407	102	23	7	2	1
2018.12	도봉구	쌍문2동	8,688	2,942	2,184	1,765	1,359	322	93	18	2	-	3
2018.12	도봉구	쌍문3동	7,720	2,994	1,857	1,415	1,092	286	55	17	3	-	1
2018.12	도봉구	쌍문4동	7,168	1,494	1,541	1,695	1,920	425	72	15	4	2	-
2018.12	도봉구	방학1동	12,743	4,497	2,902	2,428	2,156	585	124	38	6	7	-
2018.12	도봉구	방학2동	9,576	3,676	2,313	1,798	1,344	337	82	20	3	3	-
2018.12	도봉구	방학3동	10,147	1,784	2,261	2,579	2,678	635	157	35	12	4	2
2018.12	도봉구	창1동	10,892	3,453	2,488	2,339	2,076	426	84	23	1	2	-
2018.12	도봉구	창2동	12,405	3,649	2,949	2,753	2,299	548	145	41	14	7	-
2018.12	도봉구	창3동	6,682	2,519	1,631	1,264	960	235	54	16	1	2	-
2018.12	도봉구	창4동	10,588	2,689	2,233	2,381	2,564	563	111	33	13	1	-
2018.12	도봉구	창5동	9,888	2,534	2,249	2,340	2,151	475	96	29	9	5	-
2018.12	도봉구	도봉1동	10,281	4,024	2,648	1,820	1,292	378	75	22	11	6	5
2018.12	도봉구	도봉2동	12,111	3,921	3,079	2,483	1,985	470	139	26	6	1	1
2018.12	노원구	소계	217,655	67,527	47,741	44,866	45,217	9,770	1,932	403	138	39	22
2018.12	노원구	월계1동	10,484	4,330	2,131	1,792	1,679	445	87	16	4	-	-
2018.12	노원구	월계2동	11,249	3,739	2,892	2,186	1,860	451	95	18	4	3	1
2018.12	노원구	월계3동	12,998	3,575	3,456	2,930	2,371	504	124	25	10	2	1
2018.12	노원구	공릉2동	16,185	5,239	3,029	3,252	3,668	772	167	35	13	10	-
2018.12	노원구	하계1동	12,304	4,616	2,350	2,201	2,477	522	101	13	17	2	5
2018.12	노원구	하계2동	8,326	1,573	1,762	2,007	2,390	481	91	15	5	2	-
2018.12	노원구	중계본동	9,234	2,163	1,390	1,977	2,845	689	129	25	14	1	1
2018.12	노원구	중계1동	9,111	1,382	1,317	2,293	3,388	608	91	25	6	1	-
2018.12	노원구	중계4동	8,505	2,436	1,964	1,679	1,914	406	82	18	3	1	2
2018.12	노원구	상계1동	15,665	4,309	3,542	3,396	3,329	864	173	33	10	4	5
2018.12	노원구	상계2동	8,753	3,063	1,706	1,655	1,819	379	98	20	10	2	1
2018.12	노원구	상계5동	11,083	3,859	2,627	2,172	1,853	444	91	26	7	3	1
2018.12	노원구	상계8동	9,279	2,166	2,229	2,335	2,093	382	56	17	1	-	-
2018.12	노원구	상계9동	8,489	1,990	2,099	2,035	1,951	339	56	17	1	1	-
2018.12	노원구	상계10동	6,665	1,700	1,697	1,584	1,397	223	46	14	1	2	1
2018.12	노원구	상계3.4동	11,717	4,530	2,800	2,025	1,740	474	110	25	11	2	-
2018.12	노원구	상계6.7동	14,113	4,174	3,220	3,092	2,951	566	84	18	5	1	2
2018.12	노원구	중계2.3동	15,477	4,751	3,860	3,258	2,850	619	112	18	6	1	2
2018.12	노원구	공릉1동	18,018	7,932	3,670	2,997	2,642	602	139	25	10	1	-
2018.12	은평구	소계	205,001	73,517	46,903	39,233	33,915	8,691	2,037	508	129	34	34
2018.12	은평구	녹번동	15,627	6,273	3,661	2,800	2,205	530	120	31	4	1	2
2018.12	은평구	불광1동	17,744	6,294	4,202	3,578	2,808	651	152	46	10	3	-
2018.12	은평구	갈현1동	11,183	4,372	2,685	2,026	1,584	396	91	20	5	3	1
2018.12	은평구	갈현2동	12,593	4,132	2,963	2,638	2,185	520	114	28	11	-	2
2018.12	은평구	구산동	12,950	3,754	3,092	2,767	2,487	636	152	38	14	2	8
2018.12	은평구	대조동	15,671	7,314	3,453	2,443	1,867	438	121	28	6	1	-
2018.12	은평구	응암1동	11,280	4,520	2,434	2,013	1,737	438	98	22	8	3	7
2018.12	은평구	응암2동	8,213	2,383	1,846	1,832	1,633	395	88	22	9	4	1
2018.12	은평구	신사1동	11,668	3,578	2,811	2,501	2,132	485	113	34	8	4	2
2018.12	은평구	신사2동	9,147	3,040	2,141	1,831	1,585	408	110	28	2	1	1
2018.12	은평구	증산동	6,916	2,440	1,643	1,276	1,158	315	59	20	4	-	1
2018.12	은평구	수색동	4,831	1,769	1,153	894	754	192	50	17	1	1	-
2018.12	은평구	진관동	20,265	5,189	3,894	4,110	5,022	1,588	364	72	19	3	4
2018.12	은평구	불광2동	13,712	5,681	3,319	2,352	1,768	445	108	26	8	4	1
2018.12	은평구	응암3동	12,479	5,629	2,798	2,031	1,522	373	90	28	4	1	3
2018.12	은평구	역촌동	20,722	7,149	4,808	4,141	3,468	881	207	48	16	3	1
2018.12	서대문구	소계	138,549	57,194	28,781	24,437	21,209	5,260	1,207	341	85	21	14
2018.12	서대문구	천연동	8,276	3,327	1,679	1,545	1,342	299	58	21	2	1	2
2018.12	서대문구	홍제1동	9,503	3,227	2,215	1,897	1,598	417	103	31	9	4	2
2018.12	서대문구	홍제3동	7,098	2,600	1,653	1,335	1,137	280	71	14	7	-	1
2018.12	서대문구	홍제2동	5,876	1,673	1,411	1,312	1,141	262	50	17	5	1	4
2018.12	서대문구	홍은1동	9,775	3,255	2,159	1,990	1,769	461	108	26	5	-	2
2018.12	서대문구	홍은2동	12,270	4,655	2,728	2,291	1,911	499	126	41	16	3	-
2018.12	서대문구	남가좌1동	6,102	1,462	1,194	1,457	1,500	377	84	24	3	1	-
2018.12	서대문구	남가좌2동	10,884	4,423	2,368	1,901	1,678	407	81	17	5	3	1
2018.12	서대문구	북가좌1동	6,989	1,535	1,597	1,691	1,645	397	94	22	7	1	-
2018.12	서대문구	북가좌2동	14,738	5,418	3,449	2,805	2,345	559	121	39	2	-	-
2018.12	서대문구	충현동	8,776	4,380	1,689	1,238	1,086	284	76	19	4	-	-
2018.12	서대문구	북아현동	7,580	2,847	1,633	1,523	1,262	249	51	11	1	3	-
2018.12	서대문구	신촌동	12,004	8,791	1,486	858	639	154	49	19	6	-	2
2018.12	서대문구	연희동	18,678	9,601	3,520	2,594	2,156	615	135	40	13	4	-
2018.12	마포구	소계	172,505	75,480	35,381	28,617	25,285	5,962	1,279	342	103	31	25
2018.12	마포구	용강동	9,155	3,142	1,931	1,894	1,700	373	86	21	5	3	-
2018.12	마포구	대흥동	7,160	4,715	1,187	598	516	110	19	11	1	-	3
2018.12	마포구	염리동	5,580	2,430	1,164	942	802	182	42	12	5	-	1
2018.12	마포구	신수동	9,197	3,529	1,866	1,767	1,588	334	79	25	9	-	-
2018.12	마포구	서교동	13,954	8,467	2,452	1,488	1,158	289	67	22	8	3	-
2018.12	마포구	합정동	9,578	4,875	2,122	1,275	996	220	61	14	6	1	8
2018.12	마포구	망원1동	10,589	4,963	2,357	1,533	1,313	338	63	16	3	2	1
2018.12	마포구	망원2동	8,265	2,951	1,896	1,522	1,465	336	71	16	6	2	-
2018.12	마포구	연남동	8,681	4,723	1,785	1,071	807	227	47	12	5	1	3
2018.12	마포구	성산1동	9,304	4,073	2,006	1,552	1,216	352	71	23	6	4	1
2018.12	마포구	성산2동	18,452	7,551	3,794	3,211	3,018	697	138	29	11	2	1
2018.12	마포구	상암동	12,830	4,140	2,395	2,525	2,743	801	163	46	11	5	1
2018.12	마포구	도화동	9,630	3,601	2,033	1,809	1,655	401	95	27	4	3	2
2018.12	마포구	서강동	11,436	5,077	2,226	1,908	1,739	388	66	21	8	1	2
2018.12	마포구	공덕동	18,523	8,083	3,939	3,166	2,616	548	133	27	9	2	-
2018.12	마포구	아현동	10,171	3,160	2,228	2,356	1,953	366	78	20	6	2	2
2018.12	양천구	소계	176,498	48,615	36,590	38,406	40,961	9,321	1,930	462	143	41	29
2018.12	양천구	목1동	10,496	1,599	1,646	2,790	3,567	683	152	47	8	3	1
2018.12	양천구	목2동	12,923	4,285	2,865	2,595	2,426	593	121	27	6	1	4
2018.12	양천구	목3동	9,823	3,431	2,300	2,013	1,609	337	91	33	5	3	1
2018.12	양천구	목4동	10,085	2,782	1,877	2,105	2,582	580	120	27	8	2	2
2018.12	양천구	신월1동	10,130	4,199	2,331	1,801	1,364	337	72	21	3	2	-
2018.12	양천구	신월2동	8,691	2,358	2,020	1,935	1,707	490	122	41	11	4	3
2018.12	양천구	신월3동	8,236	3,895	1,790	1,281	909	281	64	10	3	1	2
2018.12	양천구	신월4동	6,886	1,445	1,544	1,676	1,632	441	117	24	5	2	-
2018.12	양천구	신월5동	6,422	2,129	1,439	1,316	1,152	295	69	19	1	2	-
2018.12	양천구	신월6동	2,555	667	559	569	572	142	34	10	2	-	-
2018.12	양천구	신월7동	9,299	2,885	2,475	1,966	1,542	328	79	18	5	-	1
2018.12	양천구	신정1동	7,244	1,398	1,209	1,665	2,342	511	93	14	10	-	2
2018.12	양천구	신정2동	7,185	1,543	1,264	1,489	2,261	523	80	15	5	3	2
2018.12	양천구	신정3동	17,607	4,105	3,867	3,930	4,222	1,199	219	40	17	5	3
2018.12	양천구	신정6동	8,170	994	1,407	2,243	2,865	534	101	12	12	1	1
2018.12	양천구	신정7동	11,194	2,753	2,428	2,545	2,800	523	106	24	14	1	-
2018.12	양천구	목5동	13,564	1,613	1,998	3,604	5,182	927	168	45	17	7	3
2018.12	양천구	신정4동	15,988	6,534	3,571	2,883	2,227	597	122	35	11	4	4
2018.12	강서구	소계	258,503	97,429	56,974	48,238	42,634	10,322	2,167	526	140	49	24
2018.12	강서구	염창동	14,574	3,165	2,747	3,646	4,018	806	149	36	4	2	1
2018.12	강서구	등촌1동	11,789	6,130	2,109	1,689	1,476	309	53	18	2	2	1
2018.12	강서구	등촌2동	8,592	2,443	1,967	1,885	1,734	419	99	31	9	5	-
2018.12	강서구	등촌3동	14,785	5,406	3,925	2,715	2,165	455	93	19	5	2	-
2018.12	강서구	화곡본동	16,257	6,607	3,665	2,963	2,282	555	124	42	15	3	1
2018.12	강서구	화곡2동	8,282	2,784	1,985	1,707	1,322	394	63	18	6	2	1
2018.12	강서구	화곡3동	9,256	3,096	2,037	1,909	1,649	421	116	20	5	1	2
2018.12	강서구	화곡4동	9,752	3,528	2,382	1,937	1,434	365	81	21	2	2	-
2018.12	강서구	화곡6동	10,993	4,495	2,345	1,960	1,656	413	89	22	7	2	4
2018.12	강서구	화곡8동	11,534	4,157	2,924	2,220	1,691	411	98	27	4	2	-
2018.12	강서구	가양1동	18,228	11,124	2,513	2,057	1,953	470	82	22	5	-	2
2018.12	강서구	가양2동	8,081	3,804	2,186	1,191	672	166	45	9	4	3	1
2018.12	강서구	가양3동	7,902	3,075	2,423	1,421	762	177	36	5	3	-	-
2018.12	강서구	발산1동	13,404	2,518	2,880	3,093	3,731	952	182	34	8	4	2
2018.12	강서구	공항동	12,667	5,412	2,640	2,183	1,839	482	88	16	6	-	1
2018.12	강서구	방화1동	17,417	4,795	3,713	3,645	3,885	1,077	229	55	13	4	1
2018.12	강서구	방화2동	11,504	5,268	2,539	1,798	1,387	383	94	25	5	1	4
2018.12	강서구	방화3동	11,238	4,386	2,840	2,041	1,475	366	99	20	8	3	-
2018.12	강서구	화곡1동	25,684	11,395	5,953	4,421	2,940	743	166	47	12	5	2
2018.12	강서구	우장산동	16,564	3,841	3,201	3,757	4,563	958	181	39	17	6	1
2018.12	구로구	소계	172,457	62,904	38,316	32,605	29,225	7,252	1,612	382	104	38	19
2018.12	구로구	신도림동	13,396	2,851	2,819	3,356	3,438	722	158	37	9	5	1
2018.12	구로구	구로1동	7,865	1,746	1,751	1,858	2,022	404	60	15	6	2	1
2018.12	구로구	구로3동	13,385	7,721	2,185	1,662	1,367	346	67	24	9	3	1
2018.12	구로구	구로4동	10,595	4,854	2,540	1,678	1,180	260	63	9	9	2	-
2018.12	구로구	구로5동	14,396	6,717	2,839	2,287	1,926	458	119	38	9	2	1
2018.12	구로구	고척1동	9,536	2,829	2,095	2,020	2,017	430	112	24	5	4	-
2018.12	구로구	고척2동	11,673	3,664	2,654	2,373	2,306	521	126	21	6	1	1
2018.12	구로구	개봉2동	12,652	3,111	3,131	2,956	2,575	672	153	40	9	3	2
2018.12	구로구	개봉3동	8,809	2,599	2,217	1,931	1,594	374	77	13	3	1	-
2018.12	구로구	오류1동	10,550	4,858	2,322	1,658	1,249	352	84	16	6	1	4
2018.12	구로구	오류2동	17,028	4,604	4,068	3,448	3,519	1,083	222	60	15	5	4
2018.12	구로구	수궁동	9,859	2,689	2,458	2,197	1,857	509	120	24	3	2	-
2018.12	구로구	가리봉동	5,874	3,836	1,016	549	339	108	18	6	1	-	1
2018.12	구로구	구로2동	12,840	6,105	2,869	1,915	1,448	375	88	27	7	5	1
2018.12	구로구	개봉1동	13,999	4,720	3,352	2,717	2,388	638	145	28	7	2	2
2018.12	금천구	소계	107,971	46,842	23,081	17,997	15,103	3,779	870	210	52	22	15
2018.12	금천구	가산동	13,174	9,254	1,719	1,152	792	190	56	8	1	2	-
2018.12	금천구	독산1동	18,382	8,464	3,559	2,901	2,598	664	148	33	7	3	5
2018.12	금천구	독산2동	9,343	3,935	2,155	1,645	1,245	281	62	16	1	1	2
2018.12	금천구	독산3동	12,269	5,509	2,786	1,971	1,528	364	84	18	5	4	-
2018.12	금천구	독산4동	7,639	3,249	1,746	1,301	1,003	257	61	15	4	2	1
2018.12	금천구	시흥1동	15,451	6,188	3,476	2,717	2,353	568	101	40	4	2	2
2018.12	금천구	시흥2동	8,517	2,002	2,022	1,882	1,918	506	138	33	11	2	3
2018.12	금천구	시흥3동	4,727	1,417	1,219	1,003	804	227	41	12	3	1	-
2018.12	금천구	시흥4동	9,138	3,069	2,176	1,810	1,559	393	96	17	12	5	1
2018.12	금천구	시흥5동	9,331	3,755	2,223	1,615	1,303	329	83	18	4	-	1
2018.12	영등포구	소계	171,085	76,795	34,146	28,128	24,538	5,738	1,282	314	89	22	33
2018.12	영등포구	여의동	12,944	3,562	2,833	2,981	2,762	591	150	40	14	5	6
2018.12	영등포구	당산1동	10,293	5,055	2,089	1,543	1,211	291	80	14	5	2	3
2018.12	영등포구	당산2동	17,010	8,294	2,870	2,644	2,485	536	130	36	14	-	1
2018.12	영등포구	양평1동	8,616	4,033	1,881	1,380	1,017	234	46	19	3	3	-
2018.12	영등포구	양평2동	10,029	4,070	2,011	1,793	1,670	381	82	14	4	1	3
2018.12	영등포구	신길1동	9,713	5,663	1,787	1,147	839	216	41	13	5	1	1
2018.12	영등포구	신길3동	7,041	2,810	1,461	1,273	1,135	296	45	15	4	1	1
2018.12	영등포구	신길4동	4,335	1,871	962	742	571	153	26	7	3	-	-
2018.12	영등포구	신길5동	4,418	1,881	986	751	587	162	39	9	-	1	2
2018.12	영등포구	신길6동	8,318	3,480	1,788	1,423	1,223	321	58	15	4	-	6
2018.12	영등포구	신길7동	6,531	1,941	1,282	1,319	1,540	350	74	18	5	1	1
2018.12	영등포구	대림1동	6,430	2,989	1,426	969	787	198	42	14	3	1	1
2018.12	영등포구	대림2동	6,618	3,355	1,527	878	625	177	46	6	4	-	-
2018.12	영등포구	대림3동	10,629	3,972	2,417	1,984	1,730	394	101	26	4	1	-
2018.12	영등포구	영등포본동	10,139	4,360	1,971	1,792	1,546	377	72	14	3	1	3
2018.12	영등포구	영등포동	16,274	11,537	2,132	1,280	1,028	225	57	8	4	-	3
2018.12	영등포구	도림동	9,304	4,375	2,070	1,440	1,061	272	63	17	5	1	-
2018.12	영등포구	문래동	12,443	3,547	2,653	2,789	2,721	564	130	29	5	3	2
2018.12	동작구	소계	177,176	73,426	36,424	30,966	27,729	6,609	1,469	400	99	33	21
2018.12	동작구	노량진2동	7,200	4,032	1,406	947	626	140	35	9	4	1	-
2018.12	동작구	상도1동	21,007	9,276	3,839	3,636	3,284	749	173	40	6	2	2
2018.12	동작구	상도2동	12,024	4,805	2,485	2,126	2,020	454	108	21	3	1	1
2018.12	동작구	상도3동	11,647	4,850	2,527	2,101	1,605	415	96	37	9	5	2
2018.12	동작구	상도4동	13,205	5,108	2,991	2,463	2,040	485	87	24	5	-	2
2018.12	동작구	사당1동	12,639	6,977	2,549	1,621	1,161	246	62	14	5	3	1
2018.12	동작구	사당3동	10,758	3,466	2,430	2,211	2,014	480	105	39	6	2	5
2018.12	동작구	사당4동	6,889	2,920	1,561	1,178	942	228	38	15	5	2	-
2018.12	동작구	사당5동	5,716	2,214	1,206	1,093	944	202	41	12	2	2	-
2018.12	동작구	대방동	16,909	6,629	3,151	2,892	3,237	755	167	59	11	4	4
2018.12	동작구	신대방1동	9,866	3,467	1,927	1,801	2,033	489	115	25	6	1	2
2018.12	동작구	신대방2동	9,171	3,912	1,709	1,515	1,491	410	91	35	8	-	-
2018.12	동작구	흑석동	13,365	5,255	2,717	2,493	2,233	537	96	20	10	4	-
2018.12	동작구	노량진1동	14,838	6,401	3,094	2,494	2,140	544	126	25	9	4	1
2018.12	동작구	사당2동	11,942	4,114	2,832	2,395	1,959	475	129	25	10	2	1
2018.12	관악구	소계	262,222	142,742	48,591	33,787	28,087	6,823	1,576	425	129	37	25
2018.12	관악구	보라매동	12,042	5,481	2,650	1,883	1,548	374	84	13	3	3	3
2018.12	관악구	청림동	6,603	1,976	1,566	1,457	1,248	266	64	16	6	3	1
2018.12	관악구	행운동	16,795	10,125	2,866	1,854	1,462	363	95	19	9	1	1
2018.12	관악구	낙성대동	10,502	7,180	1,493	887	690	177	53	14	6	-	2
2018.12	관악구	중앙동	8,981	5,666	1,539	864	683	176	43	6	1	2	1
2018.12	관악구	인헌동	13,868	7,355	2,642	1,858	1,534	369	73	29	8	-	-
2018.12	관악구	남현동	9,174	4,482	1,834	1,402	1,091	275	50	27	8	2	3
2018.12	관악구	서원동	13,284	8,023	2,513	1,426	974	264	64	12	6	2	-
2018.12	관악구	신원동	10,307	5,778	2,109	1,259	902	191	46	15	2	4	1
2018.12	관악구	서림동	14,173	9,043	2,207	1,438	1,098	291	66	23	5	-	2
2018.12	관악구	신사동	12,944	7,681	2,278	1,512	1,137	258	58	12	7	1	-
2018.12	관악구	신림동	16,126	12,886	1,985	685	441	94	30	3	1	1	-
2018.12	관악구	난향동	6,477	1,865	1,482	1,357	1,348	316	79	23	4	1	2
2018.12	관악구	조원동	10,011	6,055	1,788	1,054	868	176	41	20	6	3	-
2018.12	관악구	대학동	15,657	11,488	1,782	1,180	897	232	66	9	2	1	-
2018.12	관악구	은천동	15,593	6,233	3,443	2,703	2,480	547	138	32	11	3	3
2018.12	관악구	성현동	13,003	3,867	3,020	2,645	2,646	640	131	38	14	1	1
2018.12	관악구	청룡동	18,357	12,949	2,508	1,331	1,155	314	73	21	4	1	1
2018.12	관악구	난곡동	12,743	4,817	3,056	2,351	1,919	448	106	35	9	1	1
2018.12	관악구	삼성동	11,504	4,510	2,707	1,999	1,682	464	103	27	7	4	1
2018.12	관악구	미성동	14,078	5,282	3,123	2,642	2,284	588	113	31	10	3	2
2018.12	서초구	소계	172,918	57,213	34,019	34,110	35,896	8,780	2,067	552	177	59	45
2018.12	서초구	서초1동	9,232	3,773	1,746	1,597	1,536	417	116	32	13	2	-
2018.12	서초구	서초2동	8,088	3,499	1,425	1,386	1,374	299	76	17	7	3	2
2018.12	서초구	서초3동	13,053	5,196	2,543	2,307	2,161	601	172	40	19	7	7
2018.12	서초구	서초4동	10,922	2,319	1,890	2,526	3,352	642	129	53	7	3	1
2018.12	서초구	잠원동	13,990	4,675	2,603	2,950	3,023	586	114	20	11	6	2
2018.12	서초구	반포본동	4,223	746	796	992	1,335	277	59	13	3	1	1
2018.12	서초구	반포1동	14,085	6,281	2,273	2,222	2,531	599	130	31	11	6	1
2018.12	서초구	반포2동	5,295	785	856	1,317	1,724	482	95	24	9	1	2
2018.12	서초구	반포3동	7,041	1,302	1,374	1,808	2,041	407	72	28	7	-	2
2018.12	서초구	반포4동	7,418	1,881	1,521	1,749	1,697	418	103	30	10	7	2
2018.12	서초구	방배본동	7,918	2,096	1,522	1,692	1,949	495	115	31	11	3	4
2018.12	서초구	방배1동	7,578	2,834	1,677	1,440	1,221	297	82	18	4	1	4
2018.12	서초구	방배2동	9,350	3,284	2,136	1,776	1,625	405	85	25	5	4	5
2018.12	서초구	방배3동	8,415	2,274	1,826	1,859	1,870	437	102	31	12	1	3
2018.12	서초구	방배4동	9,737	3,334	1,957	1,795	2,011	478	122	28	9	1	2
2018.12	서초구	양재1동	18,319	5,913	3,896	3,446	3,540	1,143	282	77	16	5	1
2018.12	서초구	양재2동	11,036	4,996	2,256	1,696	1,512	426	104	25	13	5	3
2018.12	서초구	내곡동	7,218	2,025	1,722	1,552	1,394	371	109	29	10	3	3
2018.12	강남구	소계	228,775	88,584	42,357	40,866	43,665	10,097	2,292	618	180	77	39
2018.12	강남구	신사동	7,532	2,929	1,588	1,288	1,271	320	85	24	16	7	4
2018.12	강남구	논현1동	14,168	9,204	2,419	1,294	885	263	65	23	9	4	2
2018.12	강남구	논현2동	11,305	5,978	2,113	1,584	1,242	286	72	20	9	1	-
2018.12	강남구	삼성1동	5,909	1,920	1,189	1,179	1,214	285	87	24	8	2	1
2018.12	강남구	삼성2동	13,221	5,583	2,296	2,267	2,378	507	132	41	10	4	3
2018.12	강남구	대치1동	7,464	577	901	1,949	3,168	680	129	40	9	9	2
2018.12	강남구	대치4동	10,207	5,225	1,654	1,440	1,457	330	81	15	3	1	1
2018.12	강남구	역삼1동	23,113	16,183	3,468	1,781	1,207	333	95	31	12	3	-
2018.12	강남구	역삼2동	14,974	5,873	2,276	2,789	3,206	627	140	39	10	5	9
2018.12	강남구	도곡1동	8,529	2,445	1,550	1,814	2,115	457	110	26	8	3	1
2018.12	강남구	도곡2동	11,976	2,276	2,294	3,025	3,498	704	134	35	7	1	2
2018.12	강남구	개포1동	3,082	978	675	554	655	180	26	9	3	2	-
2018.12	강남구	개포4동	7,862	2,947	1,527	1,443	1,473	372	69	20	7	-	4
2018.12	강남구	일원본동	8,295	1,534	1,455	2,020	2,644	510	96	21	9	5	1
2018.12	강남구	일원1동	7,621	3,067	1,746	1,352	1,062	307	70	14	3	-	-
2018.12	강남구	일원2동	6,719	2,035	1,637	1,380	1,330	281	43	11	1	-	1
2018.12	강남구	수서동	7,840	3,172	2,287	1,321	781	202	58	12	3	3	1
2018.12	강남구	세곡동	17,639	5,620	3,683	3,229	3,497	1,201	317	71	14	6	1
2018.12	강남구	압구정동	10,745	2,969	2,328	2,415	2,311	546	117	39	9	8	3
2018.12	강남구	청담동	12,392	4,526	2,373	2,427	2,288	551	155	44	18	7	3
2018.12	강남구	대치2동	13,282	2,434	2,018	3,200	4,534	873	159	51	8	5	-
2018.12	강남구	개포2동	4,900	1,109	880	1,115	1,449	282	52	8	4	1	-
2018.12	송파구	소계	270,866	90,734	55,726	54,172	54,371	12,242	2,704	623	207	56	31
2018.12	송파구	풍납1동	6,809	2,559	1,620	1,269	1,072	215	58	7	7	2	-
2018.12	송파구	풍납2동	10,456	3,821	2,024	2,096	1,969	408	107	25	5	1	-
2018.12	송파구	거여1동	5,422	1,794	1,225	1,047	1,030	253	59	9	4	-	1
2018.12	송파구	거여2동	7,199	2,403	1,784	1,424	1,227	266	72	14	5	1	3
2018.12	송파구	마천1동	9,174	3,517	2,079	1,583	1,423	449	90	26	5	2	-
2018.12	송파구	마천2동	8,691	3,062	2,085	1,639	1,407	366	102	17	11	-	2
2018.12	송파구	방이1동	6,201	1,743	1,190	1,315	1,491	344	87	21	7	1	2
2018.12	송파구	방이2동	12,901	6,618	2,572	1,829	1,442	350	70	17	1	1	1
2018.12	송파구	오륜동	6,016	651	1,040	1,584	2,139	477	86	28	8	2	1
2018.12	송파구	오금동	15,548	4,158	3,413	3,516	3,388	840	176	47	10	-	-
2018.12	송파구	송파1동	12,268	5,569	2,607	1,952	1,598	405	94	31	8	1	3
2018.12	송파구	송파2동	7,315	1,444	1,483	1,765	2,000	486	99	22	13	3	-
2018.12	송파구	석촌동	16,677	8,011	3,483	2,566	1,997	452	126	28	9	5	-
2018.12	송파구	삼전동	16,366	8,084	3,239	2,458	2,017	454	77	28	3	3	3
2018.12	송파구	가락본동	11,797	4,283	2,434	2,269	2,183	500	99	23	4	-	2
2018.12	송파구	가락1동	437	148	79	73	111	23	1	2	-	-	-
2018.12	송파구	가락2동	12,282	2,759	2,403	2,972	3,260	675	159	43	8	2	1
2018.12	송파구	문정1동	8,588	2,710	1,830	1,764	1,750	411	90	15	12	6	-
2018.12	송파구	문정2동	15,323	8,165	2,804	1,968	1,841	390	107	24	17	4	3
2018.12	송파구	장지동	13,424	3,654	3,108	2,977	2,797	690	154	35	8	1	-
2018.12	송파구	위례동	9,114	1,056	1,702	2,374	2,961	825	159	25	8	4	-
2018.12	송파구	잠실본동	14,625	7,389	2,892	2,127	1,697	388	97	25	8	-	2
2018.12	송파구	잠실4동	10,402	1,804	2,135	2,861	2,893	550	125	17	11	6	-
2018.12	송파구	잠실6동	5,913	940	1,321	1,550	1,607	378	79	23	9	4	2
2018.12	송파구	잠실7동	3,483	487	801	894	1,018	214	50	12	5	2	-
2018.12	송파구	잠실2동	12,075	1,913	1,854	3,053	4,359	714	140	26	11	4	1
2018.12	송파구	잠실3동	12,360	1,992	2,519	3,247	3,694	719	141	33	10	1	4
2018.12	강동구	소계	177,247	61,564	37,946	34,542	32,974	7,933	1,695	429	110	27	27
2018.12	강동구	강일동	11,214	2,198	2,478	2,219	2,948	1,117	202	40	8	3	1
2018.12	강동구	상일동	4,189	1,142	889	946	919	212	54	20	5	-	2
2018.12	강동구	명일1동	8,179	1,964	1,654	1,912	2,052	447	114	21	11	2	2
2018.12	강동구	명일2동	5,896	982	1,032	1,309	2,010	450	84	20	8	1	-
2018.12	강동구	고덕1동	9,126	1,559	1,638	2,271	2,872	630	118	24	6	3	5
2018.12	강동구	고덕2동	3,475	1,503	788	578	451	121	22	7	3	-	2
2018.12	강동구	암사2동	5,883	1,788	1,314	1,282	1,203	224	56	10	3	1	2
2018.12	강동구	암사3동	6,360	1,040	1,312	1,634	1,814	406	102	30	15	2	5
2018.12	강동구	천호1동	12,884	5,067	2,925	2,462	1,851	456	88	24	8	2	1
2018.12	강동구	천호3동	13,623	6,391	2,909	2,182	1,634	385	90	26	3	2	1
2018.12	강동구	성내1동	8,205	2,362	1,829	1,826	1,696	399	66	25	1	-	1
2018.12	강동구	성내2동	12,438	5,957	2,753	1,946	1,363	320	72	20	6	1	-
2018.12	강동구	성내3동	10,209	3,727	2,199	1,992	1,795	399	69	22	4	1	1
2018.12	강동구	둔촌1동	184	127	24	13	15	3	2	-	-	-	-
2018.12	강동구	둔촌2동	11,147	3,409	2,393	2,335	2,353	522	100	30	3	1	1
2018.12	강동구	암사1동	16,309	6,131	3,662	3,088	2,672	571	141	33	9	1	1
2018.12	강동구	천호2동	17,630	8,415	3,839	2,744	2,040	441	117	26	8	-	-
2018.12	강동구	길동	20,296	7,802	4,308	3,803	3,286	830	198	51	9	7	2