기간	자치구	행정동	전체세대수	1인세대	2인세대	3인세대	4인세대	5인세대	6인세대	7인세대	8인세대	9인세대	10인세대 이상
2019.01	합계	합계	4,271,551	1,686,720	894,740	768,459	703,027	167,541	37,532	9,418	2,679	838	597
2019.01	종로구	소계	73,691	35,993	13,968	10,913	9,295	2,610	623	194	56	22	17
2019.01	종로구	사직동	4,570	2,198	885	697	559	164	33	22	8	1	3
2019.01	종로구	삼청동	1,411	751	250	181	144	58	20	6	1	-	-
2019.01	종로구	부암동	4,305	1,623	950	733	724	190	54	19	7	2	3
2019.01	종로구	평창동	7,542	2,413	1,670	1,467	1,422	436	90	26	9	7	2
2019.01	종로구	무악동	3,011	701	662	671	758	173	35	6	2	-	3
2019.01	종로구	교남동	4,579	1,595	1,125	883	756	162	36	13	7	2	-
2019.01	종로구	가회동	2,060	920	435	338	261	73	23	8	1	-	1
2019.01	종로구	종로1.2.3.4가동	5,266	4,151	525	298	216	55	13	6	2	-	-
2019.01	종로구	종로5·6가동	3,128	2,044	487	316	196	66	12	4	1	2	-
2019.01	종로구	이화동	4,509	2,682	787	513	383	114	16	13	-	1	-
2019.01	종로구	창신1동	2,985	1,751	564	348	221	79	17	5	-	-	-
2019.01	종로구	창신2동	4,179	1,940	862	666	506	154	40	8	2	1	-
2019.01	종로구	창신3동	2,884	863	674	641	482	185	34	2	3	-	-
2019.01	종로구	숭인1동	3,001	1,358	645	481	366	109	30	10	2	-	-
2019.01	종로구	숭인2동	5,728	3,703	906	564	423	96	27	7	2	-	-
2019.01	종로구	청운효자동	5,408	1,945	1,121	1,017	980	241	75	20	4	5	-
2019.01	종로구	혜화동	9,125	5,355	1,420	1,099	898	255	68	19	5	1	5
2019.01	중구	소계	61,612	29,916	12,777	9,251	7,251	1,777	461	114	31	13	21
2019.01	중구	소공동	1,074	605	190	148	104	17	8	-	-	-	2
2019.01	중구	회현동	3,282	2,232	445	298	222	64	12	7	2	-	-
2019.01	중구	명동	1,392	917	205	143	90	24	7	2	1	-	3
2019.01	중구	필동	2,286	1,413	402	238	168	48	10	5	1	-	1
2019.01	중구	장충동	2,661	1,615	474	252	225	71	18	2	1	1	2
2019.01	중구	광희동	2,922	1,852	514	279	202	48	20	5	1	-	1
2019.01	중구	을지로동	1,278	1,014	145	69	35	10	2	3	-	-	-
2019.01	중구	신당5동	4,507	2,122	933	703	557	134	40	14	3	1	-
2019.01	중구	황학동	6,563	3,487	1,368	888	623	150	40	6	-	1	-
2019.01	중구	중림동	5,816	2,441	1,265	1,051	823	169	48	13	5	1	-
2019.01	중구	신당동	4,437	2,689	820	469	342	85	24	5	2	1	-
2019.01	중구	다산동	6,943	3,080	1,616	1,089	893	200	46	11	4	1	3
2019.01	중구	약수동	7,782	2,785	1,980	1,551	1,096	281	66	15	4	-	4
2019.01	중구	청구동	6,452	2,456	1,513	1,192	980	241	51	7	4	5	3
2019.01	중구	동화동	4,217	1,208	907	881	891	235	69	19	3	2	2
2019.01	용산구	소계	109,146	50,988	22,314	16,998	13,969	3,635	897	219	78	26	22
2019.01	용산구	후암동	8,537	3,951	1,705	1,407	1,085	288	76	12	5	4	4
2019.01	용산구	용산2가동	5,507	2,786	1,220	784	537	141	30	8	1	-	-
2019.01	용산구	남영동	5,432	4,179	588	327	246	72	11	5	2	-	2
2019.01	용산구	원효로2동	6,044	2,018	1,299	1,201	1,132	285	71	23	9	2	4
2019.01	용산구	효창동	3,739	1,316	851	674	644	186	50	13	3	1	1
2019.01	용산구	용문동	5,377	1,893	1,282	1,034	871	231	50	9	4	2	1
2019.01	용산구	이촌1동	10,249	2,243	2,195	2,596	2,459	556	150	32	13	4	1
2019.01	용산구	이촌2동	3,865	1,298	1,033	782	564	141	30	7	10	-	-
2019.01	용산구	이태원1동	3,851	2,214	729	448	316	100	34	9	1	-	-
2019.01	용산구	이태원2동	4,944	2,643	1,000	667	459	129	37	6	3	-	-
2019.01	용산구	서빙고동	5,289	1,694	1,098	971	1,099	340	67	17	2	-	1
2019.01	용산구	보광동	7,742	4,005	1,671	1,058	757	197	38	11	4	1	-
2019.01	용산구	청파동	10,601	5,996	1,978	1,223	1,019	280	78	17	6	1	3
2019.01	용산구	원효로1동	7,417	3,393	1,611	1,186	938	223	47	10	4	4	1
2019.01	용산구	한강로동	9,553	5,345	1,790	1,241	892	200	61	17	4	2	1
2019.01	용산구	한남동	10,999	6,014	2,264	1,399	951	266	67	23	7	5	3
2019.01	성동구	소계	137,183	55,037	29,675	25,076	21,077	4,751	1,138	303	93	20	13
2019.01	성동구	왕십리2동	7,712	2,958	1,669	1,471	1,217	279	93	15	4	3	3
2019.01	성동구	마장동	10,708	4,588	2,284	1,761	1,560	386	81	29	12	5	2
2019.01	성동구	사근동	7,091	4,863	937	595	521	131	26	15	2	1	-
2019.01	성동구	행당1동	7,335	3,019	1,528	1,360	1,108	245	49	18	7	-	1
2019.01	성동구	행당2동	9,500	2,354	2,282	2,212	2,089	419	106	27	8	2	1
2019.01	성동구	응봉동	6,209	1,643	1,380	1,400	1,366	325	70	17	7	-	1
2019.01	성동구	금호1가동	6,634	2,040	1,685	1,412	1,160	251	69	15	2	-	-
2019.01	성동구	금호4가동	6,542	2,195	1,602	1,433	1,019	230	44	13	5	-	1
2019.01	성동구	성수1가1동	7,649	3,069	1,656	1,336	1,241	269	60	11	5	1	1
2019.01	성동구	성수1가2동	7,187	3,228	1,494	1,185	990	227	47	10	4	1	1
2019.01	성동구	성수2가1동	8,616	4,153	1,767	1,300	1,088	238	54	12	4	-	-
2019.01	성동구	성수2가3동	5,699	2,875	1,062	830	692	171	54	13	1	1	-
2019.01	성동구	송정동	5,574	2,724	1,146	833	661	165	34	9	1	1	-
2019.01	성동구	용답동	7,681	4,290	1,450	916	791	179	42	11	-	1	1
2019.01	성동구	왕십리도선동	11,712	4,323	2,455	2,320	2,041	428	107	29	9	-	-
2019.01	성동구	금호2.3가동	10,380	3,584	2,531	2,134	1,639	365	85	26	14	1	1
2019.01	성동구	옥수동	10,954	3,131	2,747	2,578	1,894	443	117	33	8	3	-
2019.01	광진구	소계	162,846	70,916	32,790	27,279	24,673	5,465	1,258	325	86	32	22
2019.01	광진구	화양동	15,479	11,948	1,962	800	607	115	36	8	2	-	1
2019.01	광진구	군자동	10,339	5,544	1,972	1,373	1,115	247	60	17	6	3	2
2019.01	광진구	중곡1동	7,970	3,748	1,808	1,294	874	185	42	13	5	1	-
2019.01	광진구	중곡2동	10,245	4,282	2,293	1,805	1,450	315	75	18	3	2	2
2019.01	광진구	중곡3동	8,472	3,834	1,937	1,369	1,018	254	45	12	2	1	-
2019.01	광진구	중곡4동	13,197	4,788	2,993	2,615	2,120	513	128	30	5	3	2
2019.01	광진구	능동	6,173	3,377	1,276	768	528	149	62	8	3	2	-
2019.01	광진구	구의1동	11,624	6,060	2,358	1,610	1,204	296	75	15	5	1	-
2019.01	광진구	구의2동	11,482	3,930	2,527	2,315	2,051	499	111	36	5	4	4
2019.01	광진구	구의3동	12,173	3,983	2,524	2,471	2,507	544	99	27	13	3	2
2019.01	광진구	광장동	12,015	2,186	1,841	2,972	4,078	720	169	35	11	3	-
2019.01	광진구	자양1동	11,376	5,435	2,418	1,672	1,424	329	76	16	2	2	2
2019.01	광진구	자양2동	11,271	3,880	2,496	2,277	2,000	463	103	39	8	2	3
2019.01	광진구	자양3동	11,076	2,792	2,319	2,523	2,687	569	128	39	11	4	4
2019.01	광진구	자양4동	9,954	5,129	2,066	1,415	1,010	267	49	12	5	1	-
2019.01	동대문구	소계	161,742	72,675	32,657	26,246	22,616	5,707	1,391	322	87	28	13
2019.01	동대문구	회기동	5,936	3,749	871	614	519	144	30	5	4	-	-
2019.01	동대문구	휘경1동	6,816	3,812	1,214	858	702	169	45	12	-	4	-
2019.01	동대문구	휘경2동	11,254	5,067	2,091	1,832	1,701	438	89	24	7	4	1
2019.01	동대문구	청량리동	10,533	4,892	2,310	1,615	1,250	352	95	16	2	-	1
2019.01	동대문구	용신동	16,583	9,535	2,998	1,962	1,538	416	101	27	5	1	-
2019.01	동대문구	제기동	12,860	6,737	2,536	1,731	1,340	380	111	19	3	3	-
2019.01	동대문구	전농1동	14,691	6,957	2,926	2,337	1,888	448	92	28	10	1	4
2019.01	동대문구	전농2동	7,728	2,133	1,835	1,697	1,522	392	115	28	4	-	2
2019.01	동대문구	답십리1동	12,395	4,597	2,572	2,418	2,123	525	119	31	8	1	1
2019.01	동대문구	답십리2동	12,098	4,127	2,847	2,353	2,117	499	115	30	7	3	-
2019.01	동대문구	장안1동	17,262	7,030	3,701	3,098	2,577	658	149	35	10	4	-
2019.01	동대문구	장안2동	12,882	4,337	2,726	2,661	2,419	558	143	26	8	3	1
2019.01	동대문구	이문1동	12,080	6,924	2,091	1,400	1,247	304	85	18	7	3	1
2019.01	동대문구	이문2동	8,624	2,778	1,939	1,670	1,673	424	102	23	12	1	2
2019.01	중랑구	소계	180,740	72,382	40,632	32,567	26,899	6,481	1,329	335	80	21	14
2019.01	중랑구	면목2동	12,208	5,319	2,701	2,033	1,646	404	85	12	7	1	-
2019.01	중랑구	면목4동	9,451	3,985	2,133	1,665	1,292	291	63	16	6	-	-
2019.01	중랑구	면목5동	4,573	1,865	1,089	811	627	146	27	6	2	-	-
2019.01	중랑구	면목7동	10,116	4,212	2,296	1,809	1,387	329	58	18	5	2	-
2019.01	중랑구	상봉1동	10,133	2,996	2,298	2,193	2,124	416	80	21	3	2	-
2019.01	중랑구	상봉2동	10,281	5,678	2,107	1,327	910	190	47	12	7	2	1
2019.01	중랑구	중화1동	8,935	3,112	2,166	1,774	1,437	360	60	17	7	1	1
2019.01	중랑구	중화2동	14,383	7,219	3,163	2,101	1,455	349	66	25	2	2	1
2019.01	중랑구	묵1동	14,487	4,519	3,229	3,060	2,809	659	159	38	11	1	2
2019.01	중랑구	묵2동	9,202	3,777	2,103	1,660	1,260	317	66	10	4	3	2
2019.01	중랑구	망우3동	8,498	3,631	2,018	1,453	1,077	250	54	11	2	2	-
2019.01	중랑구	신내1동	14,700	3,360	3,224	3,148	3,580	1,095	226	57	7	2	1
2019.01	중랑구	신내2동	9,018	2,650	2,182	2,039	1,700	345	77	16	8	-	1
2019.01	중랑구	면목본동	17,501	8,103	3,881	2,879	2,061	455	88	28	3	1	2
2019.01	중랑구	면목3.8동	12,562	5,493	2,842	2,142	1,601	367	88	25	3	1	-
2019.01	중랑구	망우본동	14,692	6,463	3,200	2,473	1,933	508	85	23	3	1	3
2019.01	성북구	소계	186,641	71,158	38,937	34,544	31,712	7,753	1,869	484	112	32	40
2019.01	성북구	돈암1동	6,373	1,763	1,549	1,383	1,277	299	79	18	2	1	2
2019.01	성북구	돈암2동	8,574	1,547	1,770	2,171	2,312	569	143	40	16	3	3
2019.01	성북구	안암동	8,818	5,580	1,391	880	761	156	36	9	1	3	1
2019.01	성북구	보문동	7,920	3,642	1,585	1,304	1,100	234	43	8	2	-	2
2019.01	성북구	정릉1동	7,064	2,081	1,529	1,550	1,427	351	92	26	4	2	2
2019.01	성북구	정릉2동	9,630	2,943	2,232	2,039	1,826	431	115	34	6	1	3
2019.01	성북구	정릉3동	7,608	3,809	1,483	1,099	889	256	54	13	1	1	3
2019.01	성북구	정릉4동	10,992	3,540	2,538	2,333	1,952	475	115	29	9	-	1
2019.01	성북구	길음1동	13,014	2,604	2,408	3,177	3,828	750	194	39	8	1	5
2019.01	성북구	길음2동	4,937	1,887	972	894	892	226	51	14	1	-	-
2019.01	성북구	월곡1동	10,782	3,128	2,367	2,300	2,273	538	139	26	8	1	2
2019.01	성북구	월곡2동	8,947	3,733	1,826	1,553	1,360	352	91	20	7	2	3
2019.01	성북구	장위1동	9,045	3,318	2,116	1,668	1,450	369	84	33	4	2	1
2019.01	성북구	장위2동	6,529	2,519	1,568	1,208	892	255	67	13	6	1	-
2019.01	성북구	장위3동	4,763	1,651	1,041	912	864	229	51	12	2	1	-
2019.01	성북구	성북동	8,042	3,668	1,715	1,199	1,011	324	87	25	6	1	6
2019.01	성북구	삼선동	12,676	6,093	2,476	1,838	1,716	417	106	21	7	2	-
2019.01	성북구	동선동	8,911	5,516	1,462	967	697	192	52	16	6	2	1
2019.01	성북구	종암동	17,131	6,247	3,484	3,287	3,079	814	149	56	6	5	4
2019.01	성북구	석관동	14,885	5,889	3,425	2,782	2,106	516	121	32	10	3	1
2019.01	강북구	소계	143,543	57,643	33,112	25,615	20,423	5,229	1,141	246	85	22	27
2019.01	강북구	번1동	10,226	5,338	2,148	1,441	995	238	55	7	4	-	-
2019.01	강북구	번2동	7,612	2,599	2,096	1,523	1,041	258	73	14	6	-	2
2019.01	강북구	번3동	7,631	2,138	2,131	1,604	1,288	359	78	28	4	1	-
2019.01	강북구	수유1동	10,327	4,542	2,314	1,728	1,295	349	77	9	8	1	4
2019.01	강북구	수유2동	9,480	3,293	2,396	1,845	1,430	388	97	20	8	1	2
2019.01	강북구	수유3동	12,574	6,554	2,569	1,865	1,207	294	62	14	3	3	3
2019.01	강북구	삼양동	11,734	4,613	2,682	2,179	1,678	473	78	18	8	3	2
2019.01	강북구	미아동	11,236	5,435	2,438	1,693	1,268	313	67	11	6	3	2
2019.01	강북구	송중동	13,019	5,488	2,816	2,233	1,843	493	103	34	4	2	3
2019.01	강북구	송천동	13,784	6,114	3,124	2,243	1,752	450	75	14	10	-	2
2019.01	강북구	삼각산동	11,872	2,530	2,464	2,738	3,261	697	138	33	8	2	1
2019.01	강북구	우이동	9,482	3,462	2,369	1,813	1,335	374	97	18	6	4	4
2019.01	강북구	인수동	14,566	5,537	3,565	2,710	2,030	543	141	26	10	2	2
2019.01	도봉구	소계	138,109	43,351	32,629	28,925	25,248	6,073	1,380	356	95	39	13
2019.01	도봉구	쌍문1동	9,162	2,978	2,219	1,892	1,533	405	101	24	7	2	1
2019.01	도봉구	쌍문2동	8,677	2,946	2,177	1,763	1,351	325	90	19	3	-	3
2019.01	도봉구	쌍문3동	7,742	3,021	1,853	1,409	1,094	288	56	16	4	-	1
2019.01	도봉구	쌍문4동	7,170	1,483	1,555	1,696	1,914	425	75	15	5	2	-
2019.01	도봉구	방학1동	12,768	4,519	2,916	2,429	2,143	586	126	38	6	5	-
2019.01	도봉구	방학2동	9,561	3,689	2,310	1,791	1,332	336	78	19	3	3	-
2019.01	도봉구	방학3동	10,139	1,792	2,271	2,577	2,659	634	153	35	11	5	2
2019.01	도봉구	창1동	10,907	3,488	2,503	2,319	2,063	418	90	23	1	2	-
2019.01	도봉구	창2동	12,403	3,655	2,966	2,747	2,274	551	144	44	16	6	-
2019.01	도봉구	창3동	6,697	2,541	1,645	1,251	956	232	53	16	1	2	-
2019.01	도봉구	창4동	10,590	2,704	2,233	2,378	2,558	559	113	32	12	1	-
2019.01	도봉구	창5동	9,881	2,544	2,244	2,335	2,148	474	93	29	9	5	-
2019.01	도봉구	도봉1동	10,293	4,051	2,649	1,826	1,274	380	70	23	10	5	5
2019.01	도봉구	도봉2동	12,119	3,940	3,088	2,512	1,949	460	138	23	7	1	1
2019.01	노원구	소계	217,365	67,448	47,803	44,784	45,069	9,735	1,916	414	133	42	21
2019.01	노원구	월계1동	10,463	4,301	2,139	1,787	1,683	444	89	17	3	-	-
2019.01	노원구	월계2동	11,235	3,756	2,893	2,174	1,843	447	97	17	4	3	1
2019.01	노원구	월계3동	13,021	3,589	3,485	2,920	2,359	513	118	24	10	2	1
2019.01	노원구	공릉2동	16,140	5,208	3,029	3,276	3,634	773	160	39	11	10	-
2019.01	노원구	하계1동	12,169	4,509	2,341	2,187	2,475	517	101	15	19	1	4
2019.01	노원구	하계2동	8,332	1,569	1,767	2,003	2,403	476	92	15	5	2	-
2019.01	노원구	중계본동	9,203	2,160	1,393	1,960	2,838	678	130	29	12	2	1
2019.01	노원구	중계1동	9,123	1,405	1,315	2,303	3,373	604	89	25	8	1	-
2019.01	노원구	중계4동	8,506	2,438	1,967	1,693	1,896	404	83	19	3	2	1
2019.01	노원구	상계1동	15,622	4,296	3,541	3,385	3,313	865	171	34	9	3	5
2019.01	노원구	상계2동	8,759	3,076	1,698	1,665	1,809	382	96	22	8	2	1
2019.01	노원구	상계5동	11,082	3,860	2,644	2,164	1,839	450	89	23	8	4	1
2019.01	노원구	상계8동	9,279	2,170	2,233	2,317	2,104	379	57	18	1	-	-
2019.01	노원구	상계9동	8,490	1,990	2,109	2,041	1,944	331	57	16	1	1	-
2019.01	노원구	상계10동	6,657	1,709	1,697	1,569	1,401	215	48	14	1	2	1
2019.01	노원구	상계3.4동	11,678	4,501	2,810	2,023	1,721	476	110	24	11	2	-
2019.01	노원구	상계6.7동	14,098	4,174	3,220	3,083	2,949	567	78	19	4	1	3
2019.01	노원구	중계2.3동	15,481	4,769	3,868	3,234	2,858	618	105	20	6	1	2
2019.01	노원구	공릉1동	18,027	7,968	3,654	3,000	2,627	596	146	24	9	3	-
2019.01	은평구	소계	205,453	73,890	46,999	39,322	33,854	8,641	2,050	494	135	35	33
2019.01	은평구	녹번동	16,057	6,375	3,779	2,893	2,308	542	117	35	6	1	1
2019.01	은평구	불광1동	17,731	6,322	4,200	3,572	2,784	636	159	46	8	4	-
2019.01	은평구	갈현1동	11,189	4,380	2,684	2,026	1,580	398	90	21	6	3	1
2019.01	은평구	갈현2동	12,634	4,172	2,981	2,639	2,179	508	116	26	11	-	2
2019.01	은평구	구산동	12,952	3,768	3,095	2,762	2,470	640	157	35	15	2	8
2019.01	은평구	대조동	15,679	7,342	3,452	2,449	1,843	437	122	27	6	1	-
2019.01	은평구	응암1동	11,293	4,534	2,458	2,021	1,715	425	101	19	10	3	7
2019.01	은평구	응암2동	8,215	2,389	1,854	1,829	1,632	394	84	20	9	3	1
2019.01	은평구	신사1동	11,669	3,585	2,823	2,485	2,129	482	117	34	7	5	2
2019.01	은평구	신사2동	9,158	3,067	2,133	1,828	1,576	410	113	26	3	1	1
2019.01	은평구	증산동	6,911	2,441	1,649	1,272	1,147	319	57	20	4	1	1
2019.01	은평구	수색동	4,707	1,719	1,117	877	738	186	53	15	1	1	-
2019.01	은평구	진관동	20,293	5,212	3,886	4,128	5,034	1,576	360	69	21	3	4
2019.01	은평구	불광2동	13,720	5,717	3,311	2,357	1,749	439	106	27	9	4	1
2019.01	은평구	응암3동	12,511	5,675	2,795	2,028	1,513	374	90	27	6	-	3
2019.01	은평구	역촌동	20,734	7,192	4,782	4,156	3,457	875	208	47	13	3	1
2019.01	서대문구	소계	138,931	57,408	28,930	24,476	21,220	5,238	1,199	339	86	22	13
2019.01	서대문구	천연동	8,259	3,326	1,684	1,533	1,340	295	55	21	2	1	2
2019.01	서대문구	홍제1동	9,656	3,259	2,260	1,938	1,630	426	98	30	9	4	2
2019.01	서대문구	홍제3동	7,083	2,591	1,663	1,324	1,140	274	72	11	8	-	-
2019.01	서대문구	홍제2동	5,879	1,687	1,415	1,308	1,137	254	51	16	6	1	4
2019.01	서대문구	홍은1동	9,758	3,258	2,174	1,974	1,749	457	113	25	5	1	2
2019.01	서대문구	홍은2동	12,207	4,649	2,730	2,247	1,900	495	124	43	17	2	-
2019.01	서대문구	남가좌1동	6,108	1,462	1,207	1,455	1,503	372	80	24	3	1	1
2019.01	서대문구	남가좌2동	11,050	4,483	2,386	1,952	1,710	410	83	18	5	3	-
2019.01	서대문구	북가좌1동	6,977	1,536	1,604	1,688	1,624	400	97	20	7	1	-
2019.01	서대문구	북가좌2동	14,730	5,415	3,450	2,813	2,333	557	119	41	2	-	-
2019.01	서대문구	충현동	8,815	4,410	1,692	1,248	1,086	284	72	20	3	-	-
2019.01	서대문구	북아현동	7,580	2,862	1,636	1,518	1,251	246	50	12	2	3	-
2019.01	서대문구	신촌동	12,045	8,827	1,494	850	646	153	48	20	4	1	2
2019.01	서대문구	연희동	18,784	9,643	3,535	2,628	2,171	615	137	38	13	4	-
2019.01	마포구	소계	172,900	75,852	35,478	28,649	25,187	5,964	1,269	345	102	30	24
2019.01	마포구	용강동	9,157	3,136	1,946	1,898	1,694	369	82	23	6	3	-
2019.01	마포구	대흥동	7,150	4,702	1,189	598	517	112	19	9	1	-	3
2019.01	마포구	염리동	5,633	2,443	1,168	959	816	185	43	12	6	-	1
2019.01	마포구	신수동	9,204	3,533	1,881	1,754	1,585	336	81	25	9	-	-
2019.01	마포구	서교동	14,011	8,529	2,458	1,487	1,147	290	67	23	7	3	-
2019.01	마포구	합정동	9,554	4,862	2,123	1,275	990	217	59	14	6	2	6
2019.01	마포구	망원1동	10,623	5,008	2,355	1,543	1,299	331	62	19	3	2	1
2019.01	마포구	망원2동	8,279	2,968	1,888	1,536	1,453	341	70	16	5	2	-
2019.01	마포구	연남동	8,681	4,737	1,778	1,070	800	229	46	12	5	1	3
2019.01	마포구	성산1동	9,302	4,074	2,027	1,527	1,214	357	70	21	8	2	2
2019.01	마포구	성산2동	18,560	7,649	3,813	3,234	2,977	699	143	33	9	2	1
2019.01	마포구	상암동	12,862	4,182	2,405	2,512	2,740	801	163	42	11	5	1
2019.01	마포구	도화동	9,638	3,598	2,033	1,822	1,664	392	93	27	4	3	2
2019.01	마포구	서강동	11,428	5,070	2,224	1,909	1,739	388	66	21	8	1	2
2019.01	마포구	공덕동	18,661	8,207	3,948	3,184	2,609	548	126	28	9	2	-
2019.01	마포구	아현동	10,157	3,154	2,242	2,341	1,943	369	79	20	5	2	2
2019.01	양천구	소계	176,516	48,787	36,632	38,372	40,866	9,273	1,908	469	136	44	29
2019.01	양천구	목1동	10,496	1,587	1,649	2,789	3,582	681	151	44	9	3	1
2019.01	양천구	목2동	12,920	4,308	2,858	2,608	2,402	590	119	24	6	1	4
2019.01	양천구	목3동	9,839	3,447	2,314	1,994	1,609	341	91	34	5	3	1
2019.01	양천구	목4동	10,124	2,812	1,873	2,115	2,582	584	117	30	6	3	2
2019.01	양천구	신월1동	10,127	4,223	2,318	1,797	1,353	337	75	19	3	2	-
2019.01	양천구	신월2동	8,693	2,365	2,018	1,929	1,712	491	121	42	8	4	3
2019.01	양천구	신월3동	8,252	3,913	1,803	1,273	905	277	65	11	2	1	2
2019.01	양천구	신월4동	6,878	1,456	1,550	1,658	1,631	438	113	24	5	3	-
2019.01	양천구	신월5동	6,399	2,120	1,439	1,312	1,143	296	67	18	2	2	-
2019.01	양천구	신월6동	2,546	667	563	557	571	143	32	11	2	-	-
2019.01	양천구	신월7동	9,289	2,887	2,484	1,964	1,523	329	77	19	5	-	1
2019.01	양천구	신정1동	7,251	1,393	1,206	1,669	2,361	505	91	16	8	-	2
2019.01	양천구	신정2동	7,186	1,541	1,277	1,494	2,243	528	79	15	4	3	2
2019.01	양천구	신정3동	17,573	4,098	3,874	3,917	4,226	1,178	210	42	20	5	3
2019.01	양천구	신정6동	8,183	998	1,407	2,258	2,848	543	100	15	12	1	1
2019.01	양천구	신정7동	11,188	2,764	2,421	2,549	2,794	516	108	22	13	1	-
2019.01	양천구	목5동	13,551	1,621	2,016	3,597	5,165	908	171	47	15	8	3
2019.01	양천구	신정4동	16,021	6,587	3,562	2,892	2,216	588	121	36	11	4	4
2019.01	강서구	소계	259,101	98,127	57,201	48,116	42,481	10,255	2,184	529	138	46	24
2019.01	강서구	염창동	14,586	3,178	2,751	3,630	4,034	802	149	35	4	2	1
2019.01	강서구	등촌1동	11,828	6,162	2,129	1,690	1,463	305	57	17	2	2	1
2019.01	강서구	등촌2동	8,608	2,458	1,978	1,893	1,719	415	99	32	10	4	-
2019.01	강서구	등촌3동	14,793	5,452	3,920	2,692	2,165	447	91	20	5	1	-
2019.01	강서구	화곡본동	16,291	6,664	3,679	2,952	2,266	551	123	37	15	3	1
2019.01	강서구	화곡2동	8,269	2,784	1,989	1,698	1,317	392	61	18	7	2	1
2019.01	강서구	화곡3동	9,301	3,141	2,053	1,902	1,636	423	119	19	5	1	2
2019.01	강서구	화곡4동	9,737	3,522	2,403	1,918	1,426	364	77	23	2	2	-
2019.01	강서구	화곡6동	11,083	4,597	2,358	1,951	1,644	411	88	22	6	2	4
2019.01	강서구	화곡8동	11,551	4,155	2,966	2,204	1,684	409	100	28	3	2	-
2019.01	강서구	가양1동	18,392	11,281	2,524	2,047	1,957	471	82	24	4	-	2
2019.01	강서구	가양2동	8,108	3,841	2,189	1,190	664	162	45	9	4	3	1
2019.01	강서구	가양3동	7,905	3,080	2,435	1,421	746	179	35	6	3	-	-
2019.01	강서구	발산1동	13,401	2,519	2,880	3,100	3,726	939	188	36	7	4	2
2019.01	강서구	공항동	12,703	5,451	2,642	2,199	1,810	484	92	18	6	-	1
2019.01	강서구	방화1동	17,446	4,840	3,722	3,635	3,880	1,069	229	54	12	4	1
2019.01	강서구	방화2동	11,543	5,309	2,537	1,802	1,384	379	97	25	5	1	4
2019.01	강서구	방화3동	11,229	4,386	2,844	2,044	1,458	366	100	19	9	3	-
2019.01	강서구	화곡1동	25,741	11,451	5,962	4,420	2,944	734	164	47	13	4	2
2019.01	강서구	우장산동	16,586	3,856	3,240	3,728	4,558	953	188	40	16	6	1
2019.01	구로구	소계	172,639	63,185	38,502	32,527	29,039	7,242	1,601	385	105	34	19
2019.01	구로구	신도림동	13,416	2,870	2,842	3,351	3,421	715	163	39	10	4	1
2019.01	구로구	구로1동	7,870	1,744	1,778	1,849	2,012	403	60	15	6	2	1
2019.01	구로구	구로3동	13,401	7,762	2,186	1,658	1,346	342	69	26	8	3	1
2019.01	구로구	구로4동	10,611	4,877	2,551	1,677	1,163	261	63	9	8	2	-
2019.01	구로구	구로5동	14,387	6,745	2,846	2,269	1,907	455	116	38	9	1	1
2019.01	구로구	고척1동	9,529	2,829	2,116	2,005	2,013	428	105	24	6	3	-
2019.01	구로구	고척2동	11,669	3,677	2,661	2,360	2,298	526	120	20	5	1	1
2019.01	구로구	개봉2동	12,648	3,113	3,157	2,938	2,559	669	160	40	8	3	1
2019.01	구로구	개봉3동	8,808	2,590	2,224	1,931	1,589	382	75	13	3	1	-
2019.01	구로구	오류1동	10,598	4,923	2,327	1,645	1,243	352	79	15	7	2	5
2019.01	구로구	오류2동	17,093	4,632	4,114	3,463	3,501	1,078	222	60	15	4	4
2019.01	구로구	수궁동	9,862	2,698	2,464	2,201	1,841	509	121	23	3	2	-
2019.01	구로구	가리봉동	5,885	3,850	1,019	551	335	104	18	4	3	-	1
2019.01	구로구	구로2동	12,849	6,133	2,869	1,914	1,429	378	84	30	7	4	1
2019.01	구로구	개봉1동	14,013	4,742	3,348	2,715	2,382	640	146	29	7	2	2
2019.01	금천구	소계	108,327	47,198	23,152	17,986	15,041	3,775	875	209	55	21	15
2019.01	금천구	가산동	13,249	9,349	1,715	1,141	788	190	55	7	2	2	-
2019.01	금천구	독산1동	18,605	8,543	3,616	2,943	2,631	669	152	36	8	2	5
2019.01	금천구	독산2동	9,327	3,934	2,148	1,647	1,239	281	59	14	2	1	2
2019.01	금천구	독산3동	12,290	5,538	2,797	1,971	1,510	362	84	19	5	4	-
2019.01	금천구	독산4동	7,623	3,249	1,746	1,299	991	258	61	13	3	2	1
2019.01	금천구	시흥1동	15,554	6,313	3,476	2,707	2,335	572	104	39	4	2	2
2019.01	금천구	시흥2동	8,485	2,007	2,022	1,852	1,923	493	140	31	12	2	3
2019.01	금천구	시흥3동	4,714	1,423	1,209	998	797	225	44	14	3	1	-
2019.01	금천구	시흥4동	9,133	3,064	2,189	1,823	1,535	393	95	17	11	5	1
2019.01	금천구	시흥5동	9,347	3,778	2,234	1,605	1,292	332	81	19	5	-	1
2019.01	영등포구	소계	171,649	77,323	34,292	28,139	24,506	5,664	1,268	311	89	24	33
2019.01	영등포구	여의동	12,999	3,568	2,871	2,983	2,783	577	151	41	14	5	6
2019.01	영등포구	당산1동	10,290	5,052	2,090	1,548	1,207	289	80	14	5	2	3
2019.01	영등포구	당산2동	17,079	8,367	2,878	2,650	2,475	528	131	36	13	-	1
2019.01	영등포구	양평1동	8,665	4,070	1,902	1,379	1,010	233	47	18	3	3	-
2019.01	영등포구	양평2동	10,034	4,079	2,014	1,798	1,673	367	81	14	4	1	3
2019.01	영등포구	신길1동	9,748	5,714	1,794	1,132	833	218	40	11	4	1	1
2019.01	영등포구	신길3동	7,052	2,814	1,473	1,275	1,134	292	43	15	4	1	1
2019.01	영등포구	신길4동	4,324	1,862	973	733	572	148	26	6	4	-	-
2019.01	영등포구	신길5동	4,402	1,870	983	747	590	160	40	9	-	1	2
2019.01	영등포구	신길6동	8,352	3,529	1,785	1,429	1,212	311	59	16	4	1	6
2019.01	영등포구	신길7동	6,535	1,930	1,288	1,332	1,540	350	68	20	4	2	1
2019.01	영등포구	대림1동	6,442	3,016	1,415	971	786	193	42	14	3	1	1
2019.01	영등포구	대림2동	6,719	3,461	1,537	871	621	171	48	6	4	-	-
2019.01	영등포구	대림3동	10,644	3,983	2,438	1,976	1,717	399	100	26	4	1	-
2019.01	영등포구	영등포본동	10,160	4,373	1,987	1,793	1,546	376	65	13	3	1	3
2019.01	영등포구	영등포동	16,401	11,655	2,135	1,280	1,036	222	57	8	5	-	3
2019.01	영등포구	도림동	9,297	4,369	2,074	1,447	1,056	266	62	16	6	1	-
2019.01	영등포구	문래동	12,506	3,611	2,655	2,795	2,715	564	128	28	5	3	2
2019.01	동작구	소계	178,106	74,056	36,679	31,027	27,713	6,615	1,476	391	98	30	21
2019.01	동작구	노량진2동	7,214	4,052	1,402	948	623	141	33	10	4	1	-
2019.01	동작구	상도1동	20,917	9,221	3,848	3,618	3,276	739	168	37	7	1	2
2019.01	동작구	상도2동	12,386	4,931	2,573	2,200	2,074	466	114	22	4	1	1
2019.01	동작구	상도3동	11,677	4,898	2,540	2,095	1,577	414	100	36	11	4	2
2019.01	동작구	상도4동	13,253	5,150	2,995	2,478	2,030	479	88	26	5	-	2
2019.01	동작구	사당1동	12,754	7,111	2,559	1,605	1,144	253	60	13	5	3	1
2019.01	동작구	사당3동	10,777	3,471	2,433	2,230	2,015	477	102	37	5	3	4
2019.01	동작구	사당4동	6,900	2,937	1,569	1,169	941	223	40	15	4	2	-
2019.01	동작구	사당5동	5,720	2,230	1,217	1,073	941	201	44	10	2	1	1
2019.01	동작구	대방동	16,953	6,708	3,141	2,881	3,233	747	168	57	10	4	4
2019.01	동작구	신대방1동	9,854	3,480	1,923	1,784	2,027	489	117	24	7	1	2
2019.01	동작구	신대방2동	9,187	3,943	1,715	1,508	1,485	410	86	33	7	-	-
2019.01	동작구	흑석동	13,784	5,392	2,838	2,578	2,284	558	100	22	8	4	-
2019.01	동작구	노량진1동	14,797	6,413	3,097	2,470	2,111	542	125	25	9	4	1
2019.01	동작구	사당2동	11,933	4,119	2,829	2,390	1,952	476	131	24	10	1	1
2019.01	관악구	소계	263,109	143,824	48,743	33,649	27,946	6,768	1,575	416	127	36	25
2019.01	관악구	보라매동	12,129	5,551	2,685	1,887	1,529	373	84	13	1	3	3
2019.01	관악구	청림동	6,599	1,979	1,567	1,460	1,241	267	59	17	6	2	1
2019.01	관악구	행운동	16,828	10,154	2,889	1,853	1,446	361	95	19	9	1	1
2019.01	관악구	낙성대동	10,584	7,289	1,481	877	690	173	54	12	6	-	2
2019.01	관악구	중앙동	9,030	5,722	1,539	866	680	170	42	7	1	2	1
2019.01	관악구	인헌동	13,911	7,389	2,666	1,855	1,527	364	75	29	6	-	-
2019.01	관악구	남현동	9,188	4,492	1,831	1,407	1,101	269	50	25	8	2	3
2019.01	관악구	서원동	13,401	8,131	2,526	1,430	966	262	66	11	7	2	-
2019.01	관악구	신원동	10,362	5,851	2,119	1,238	895	189	47	16	2	4	1
2019.01	관악구	서림동	14,186	9,050	2,234	1,422	1,093	289	68	23	5	-	2
2019.01	관악구	신사동	13,061	7,804	2,276	1,516	1,132	257	58	10	7	1	-
2019.01	관악구	신림동	16,135	12,914	1,980	677	433	96	30	3	1	1	-
2019.01	관악구	난향동	6,483	1,879	1,482	1,354	1,338	320	82	21	4	1	2
2019.01	관악구	조원동	10,048	6,117	1,783	1,040	869	170	41	17	8	3	-
2019.01	관악구	대학동	15,688	11,530	1,790	1,167	895	224	69	10	2	1	-
2019.01	관악구	은천동	15,627	6,279	3,464	2,674	2,481	542	141	29	11	3	3
2019.01	관악구	성현동	12,994	3,874	3,034	2,638	2,620	648	125	39	14	1	1
2019.01	관악구	청룡동	18,521	13,148	2,498	1,319	1,149	311	70	21	3	1	1
2019.01	관악구	난곡동	12,735	4,828	3,057	2,344	1,910	444	107	34	9	1	1
2019.01	관악구	삼성동	11,498	4,529	2,703	1,987	1,682	456	101	27	8	4	1
2019.01	관악구	미성동	14,101	5,314	3,139	2,638	2,269	583	111	33	9	3	2
2019.01	서초구	소계	172,893	57,268	34,091	34,064	35,781	8,770	2,077	558	186	54	44
2019.01	서초구	서초1동	9,224	3,744	1,756	1,615	1,528	410	125	30	14	2	-
2019.01	서초구	서초2동	8,140	3,535	1,449	1,381	1,364	302	79	17	8	3	2
2019.01	서초구	서초3동	13,171	5,324	2,542	2,308	2,157	599	166	42	20	6	7
2019.01	서초구	서초4동	10,942	2,327	1,906	2,524	3,344	651	126	52	7	4	1
2019.01	서초구	잠원동	13,983	4,674	2,616	2,946	3,002	587	114	22	15	5	2
2019.01	서초구	반포본동	4,192	745	798	988	1,314	268	60	14	3	1	1
2019.01	서초구	반포1동	14,261	6,314	2,289	2,271	2,575	627	135	34	11	5	-
2019.01	서초구	반포2동	5,225	770	837	1,297	1,707	481	96	24	9	2	2
2019.01	서초구	반포3동	7,008	1,284	1,366	1,802	2,049	405	69	24	7	-	2
2019.01	서초구	반포4동	7,410	1,891	1,507	1,747	1,693	422	102	28	11	7	2
2019.01	서초구	방배본동	7,901	2,074	1,540	1,686	1,943	492	118	30	11	3	4
2019.01	서초구	방배1동	7,587	2,827	1,693	1,426	1,234	298	80	20	4	1	4
2019.01	서초구	방배2동	9,123	3,213	2,090	1,724	1,573	395	87	27	5	4	5
2019.01	서초구	방배3동	8,461	2,265	1,848	1,867	1,893	440	103	31	11	-	3
2019.01	서초구	방배4동	9,737	3,340	1,959	1,802	2,001	469	126	28	9	1	2
2019.01	서초구	양재1동	18,305	5,916	3,911	3,443	3,507	1,142	284	79	18	4	1
2019.01	서초구	양재2동	11,002	4,990	2,244	1,695	1,510	416	102	25	14	3	3
2019.01	서초구	내곡동	7,221	2,035	1,740	1,542	1,387	366	105	31	9	3	3
2019.01	강남구	소계	228,980	88,800	42,462	40,890	43,638	10,008	2,273	613	178	80	38
2019.01	강남구	신사동	7,520	2,936	1,585	1,282	1,264	316	85	24	18	6	4
2019.01	강남구	논현1동	14,191	9,205	2,457	1,286	881	263	58	28	8	3	2
2019.01	강남구	논현2동	11,332	6,030	2,104	1,576	1,239	283	72	19	8	1	-
2019.01	강남구	삼성1동	5,911	1,938	1,204	1,163	1,196	290	85	24	8	2	1
2019.01	강남구	삼성2동	13,260	5,619	2,287	2,288	2,378	498	130	43	10	4	3
2019.01	강남구	대치1동	7,455	576	910	1,932	3,173	677	129	40	8	8	2
2019.01	강남구	대치4동	10,183	5,199	1,660	1,438	1,458	329	78	16	4	1	-
2019.01	강남구	역삼1동	23,168	16,212	3,500	1,778	1,201	336	98	29	10	4	-
2019.01	강남구	역삼2동	14,996	5,870	2,292	2,799	3,205	634	135	35	11	6	9
2019.01	강남구	도곡1동	8,533	2,442	1,560	1,809	2,122	448	111	28	8	4	1
2019.01	강남구	도곡2동	11,961	2,271	2,291	3,031	3,487	698	140	34	6	1	2
2019.01	강남구	개포1동	2,966	935	657	531	638	168	25	7	3	2	-
2019.01	강남구	개포4동	7,852	2,956	1,530	1,436	1,468	367	66	19	5	1	4
2019.01	강남구	일원본동	8,290	1,542	1,437	2,024	2,649	506	96	21	9	5	1
2019.01	강남구	일원1동	7,605	3,080	1,744	1,342	1,047	305	69	16	2	-	-
2019.01	강남구	일원2동	6,947	2,069	1,671	1,451	1,411	284	44	13	3	-	1
2019.01	강남구	수서동	7,843	3,188	2,279	1,322	781	197	58	11	3	3	1
2019.01	강남구	세곡동	17,669	5,645	3,693	3,258	3,478	1,189	316	68	14	7	1
2019.01	강남구	압구정동	10,773	2,988	2,344	2,428	2,297	540	117	38	10	8	3
2019.01	강남구	청담동	12,429	4,559	2,395	2,404	2,292	557	151	42	17	9	3
2019.01	강남구	대치2동	13,195	2,432	1,986	3,195	4,510	852	158	50	8	4	-
2019.01	강남구	개포2동	4,901	1,108	876	1,117	1,463	271	52	8	5	1	-
2019.01	송파구	소계	273,084	91,741	56,267	54,599	54,658	12,212	2,704	621	198	53	31
2019.01	송파구	풍납1동	6,783	2,561	1,623	1,253	1,067	211	54	8	5	1	-
2019.01	송파구	풍납2동	10,489	3,874	2,025	2,083	1,966	403	104	28	5	1	-
2019.01	송파구	거여1동	5,435	1,795	1,236	1,050	1,034	249	57	10	3	-	1
2019.01	송파구	거여2동	7,204	2,430	1,786	1,418	1,217	258	73	13	5	1	3
2019.01	송파구	마천1동	9,168	3,522	2,086	1,575	1,419	450	86	24	5	1	-
2019.01	송파구	마천2동	8,696	3,073	2,088	1,638	1,401	372	95	17	11	-	1
2019.01	송파구	방이1동	6,219	1,765	1,195	1,319	1,479	346	87	19	7	1	1
2019.01	송파구	방이2동	13,048	6,732	2,595	1,850	1,445	339	67	17	1	1	1
2019.01	송파구	오륜동	6,019	657	1,047	1,576	2,148	472	81	27	8	1	2
2019.01	송파구	오금동	15,569	4,205	3,411	3,509	3,379	836	175	47	6	1	-
2019.01	송파구	송파1동	12,312	5,621	2,606	1,958	1,589	399	94	32	8	1	4
2019.01	송파구	송파2동	7,293	1,441	1,492	1,771	1,976	476	101	23	10	3	-
2019.01	송파구	석촌동	16,712	8,081	3,481	2,549	1,982	459	122	22	10	6	-
2019.01	송파구	삼전동	16,356	8,088	3,260	2,444	2,001	448	81	25	3	3	3
2019.01	송파구	가락본동	11,779	4,317	2,442	2,250	2,153	492	96	22	5	-	2
2019.01	송파구	가락1동	2,490	468	556	624	690	113	28	7	4	-	-
2019.01	송파구	가락2동	12,313	2,798	2,401	2,973	3,256	664	170	41	8	1	1
2019.01	송파구	문정1동	8,577	2,717	1,840	1,757	1,736	402	91	18	11	5	-
2019.01	송파구	문정2동	15,341	8,242	2,770	1,969	1,836	377	103	22	16	3	3
2019.01	송파구	장지동	13,420	3,664	3,104	2,982	2,794	683	149	35	8	1	-
2019.01	송파구	위례동	9,083	1,061	1,706	2,370	2,927	815	166	26	8	4	-
2019.01	송파구	잠실본동	14,721	7,511	2,892	2,129	1,670	387	96	27	7	-	2
2019.01	송파구	잠실4동	10,302	1,776	2,140	2,840	2,841	547	123	17	13	5	-
2019.01	송파구	잠실6동	5,903	940	1,327	1,556	1,592	375	74	25	7	5	2
2019.01	송파구	잠실7동	3,483	499	792	885	1,024	217	47	11	6	2	-
2019.01	송파구	잠실2동	12,050	1,902	1,854	3,049	4,358	707	141	26	9	3	1
2019.01	송파구	잠실3동	12,319	2,001	2,512	3,222	3,678	715	143	32	9	3	4
2019.01	강동구	소계	177,245	61,754	38,018	34,445	32,865	7,900	1,670	426	110	32	25
2019.01	강동구	강일동	11,194	2,183	2,489	2,227	2,940	1,108	197	39	7	3	1
2019.01	강동구	상일동	4,198	1,145	896	940	922	215	54	18	6	-	2
2019.01	강동구	명일1동	8,162	1,954	1,664	1,902	2,047	449	109	22	11	2	2
2019.01	강동구	명일2동	5,887	991	1,025	1,314	1,993	449	83	23	8	1	-
2019.01	강동구	고덕1동	9,123	1,564	1,654	2,252	2,880	617	116	25	6	4	5
2019.01	강동구	고덕2동	3,440	1,490	781	574	443	117	23	7	3	-	2
2019.01	강동구	암사2동	5,887	1,783	1,328	1,279	1,199	223	58	11	3	2	1
2019.01	강동구	암사3동	6,372	1,051	1,320	1,623	1,817	412	95	32	14	3	5
2019.01	강동구	천호1동	12,869	5,072	2,937	2,437	1,851	451	87	23	8	2	1
2019.01	강동구	천호3동	13,638	6,396	2,917	2,197	1,624	384	88	26	3	2	1
2019.01	강동구	성내1동	8,216	2,373	1,831	1,831	1,686	404	65	23	2	-	1
2019.01	강동구	성내2동	12,456	5,990	2,760	1,949	1,342	318	71	19	6	1	-
2019.01	강동구	성내3동	10,189	3,716	2,213	1,971	1,791	399	70	22	4	2	1
2019.01	강동구	둔촌1동	179	126	22	13	14	2	2	-	-	-	-
2019.01	강동구	둔촌2동	11,147	3,419	2,395	2,334	2,343	526	97	28	3	1	1
2019.01	강동구	암사1동	16,315	6,140	3,654	3,104	2,670	566	138	31	10	1	1
2019.01	강동구	천호2동	17,667	8,500	3,828	2,717	2,033	439	117	26	7	-	-
2019.01	강동구	길동	20,306	7,861	4,304	3,781	3,270	821	200	51	9	8	1
2019.02	합계	합계	4,283,150	1,698,152	897,627	768,830	700,953	166,848	37,359	9,320	2,616	847	598
2019.02	종로구	소계	73,814	36,124	13,974	10,926	9,303	2,587	619	190	53	20	18
2019.02	종로구	사직동	4,577	2,207	887	692	560	164	32	23	7	2	3
2019.02	종로구	삼청동	1,405	747	249	180	144	59	19	6	1	-	-
2019.02	종로구	부암동	4,303	1,631	941	739	716	191	55	18	7	2	3
2019.02	종로구	평창동	7,530	2,392	1,673	1,478	1,430	426	89	25	8	6	3
2019.02	종로구	무악동	3,065	703	671	689	780	175	34	7	3	-	3
2019.02	종로구	교남동	4,583	1,589	1,128	901	752	158	35	13	6	1	-
2019.02	종로구	가회동	2,059	920	436	341	258	73	22	7	1	-	1
2019.02	종로구	종로1.2.3.4가동	5,251	4,146	511	303	216	54	13	6	2	-	-
2019.02	종로구	종로5·6가동	3,137	2,052	490	308	204	63	12	5	1	2	-
2019.02	종로구	이화동	4,522	2,699	783	518	377	112	20	11	1	1	-
2019.02	종로구	창신1동	2,977	1,744	563	345	221	80	19	5	-	-	-
2019.02	종로구	창신2동	4,182	1,950	864	664	501	154	38	8	2	1	-
2019.02	종로구	창신3동	2,887	875	670	637	484	183	33	2	3	-	-
2019.02	종로구	숭인1동	2,994	1,359	652	474	360	108	29	9	3	-	-
2019.02	종로구	숭인2동	5,734	3,715	910	557	416	99	28	7	2	-	-
2019.02	종로구	청운효자동	5,418	1,955	1,126	1,018	984	233	76	20	2	4	-
2019.02	종로구	혜화동	9,190	5,440	1,420	1,082	900	255	65	18	4	1	5
2019.02	중구	소계	61,770	30,068	12,808	9,231	7,251	1,777	453	118	30	15	19
2019.02	중구	소공동	1,090	618	192	152	101	19	6	-	-	-	2
2019.02	중구	회현동	3,276	2,226	443	294	227	65	12	7	2	-	-
2019.02	중구	명동	1,396	924	203	143	90	23	7	2	1	-	3
2019.02	중구	필동	2,317	1,437	410	233	168	52	10	5	1	-	1
2019.02	중구	장충동	2,677	1,639	473	246	225	71	17	2	1	1	2
2019.02	중구	광희동	2,919	1,853	513	277	199	49	21	5	1	-	1
2019.02	중구	을지로동	1,293	1,023	148	70	37	10	2	3	-	-	-
2019.02	중구	신당5동	4,525	2,132	931	714	557	133	40	14	3	1	-
2019.02	중구	황학동	6,637	3,540	1,384	887	627	153	38	7	-	1	-
2019.02	중구	중림동	5,835	2,451	1,271	1,052	830	163	49	13	5	1	-
2019.02	중구	신당동	4,430	2,695	812	466	340	84	24	5	2	2	-
2019.02	중구	다산동	6,939	3,089	1,613	1,080	890	201	46	12	4	1	3
2019.02	중구	약수동	7,783	2,790	1,986	1,552	1,088	283	63	14	3	1	3
2019.02	중구	청구동	6,447	2,464	1,518	1,185	972	238	50	9	3	6	2
2019.02	중구	동화동	4,206	1,187	911	880	900	233	68	20	4	1	2
2019.02	용산구	소계	109,348	51,123	22,464	16,951	13,944	3,643	883	211	79	27	23
2019.02	용산구	후암동	8,569	3,989	1,710	1,398	1,079	291	77	12	5	4	4
2019.02	용산구	용산2가동	5,509	2,783	1,228	786	531	142	30	8	1	-	-
2019.02	용산구	남영동	5,440	4,179	591	319	259	70	14	4	2	-	2
2019.02	용산구	원효로2동	6,034	2,018	1,295	1,207	1,122	284	71	22	9	2	4
2019.02	용산구	효창동	3,767	1,336	855	676	646	188	49	11	3	2	1
2019.02	용산구	용문동	5,385	1,899	1,288	1,029	876	231	46	11	2	2	1
2019.02	용산구	이촌1동	10,246	2,239	2,201	2,594	2,454	559	148	31	14	5	1
2019.02	용산구	이촌2동	3,864	1,315	1,030	767	565	139	31	7	10	-	-
2019.02	용산구	이태원1동	3,836	2,202	729	451	313	100	33	7	1	-	-
2019.02	용산구	이태원2동	4,944	2,644	1,000	668	455	130	37	7	3	-	-
2019.02	용산구	서빙고동	5,301	1,688	1,117	966	1,106	342	64	16	1	-	1
2019.02	용산구	보광동	7,746	4,005	1,683	1,049	758	198	38	9	5	1	-
2019.02	용산구	청파동	10,604	6,011	1,986	1,217	1,009	281	73	17	6	1	3
2019.02	용산구	원효로1동	7,487	3,435	1,636	1,185	943	222	47	9	5	4	1
2019.02	용산구	한강로동	9,574	5,335	1,836	1,231	889	200	58	17	5	2	1
2019.02	용산구	한남동	11,042	6,045	2,279	1,408	939	266	67	23	7	4	4
2019.02	성동구	소계	137,288	55,373	29,675	25,053	20,918	4,727	1,132	285	91	21	13
2019.02	성동구	왕십리2동	7,711	2,963	1,671	1,462	1,213	284	93	15	4	3	3
2019.02	성동구	마장동	10,758	4,639	2,281	1,761	1,563	388	81	27	11	5	2
2019.02	성동구	사근동	7,250	5,041	934	592	510	130	27	13	2	1	-
2019.02	성동구	행당1동	7,351	3,036	1,531	1,364	1,101	247	48	17	6	-	1
2019.02	성동구	행당2동	9,500	2,363	2,303	2,203	2,074	416	105	25	8	2	1
2019.02	성동구	응봉동	6,193	1,632	1,382	1,410	1,355	321	70	15	7	-	1
2019.02	성동구	금호1가동	6,630	2,045	1,677	1,418	1,151	255	68	14	2	-	-
2019.02	성동구	금호4가동	6,527	2,193	1,600	1,438	1,006	226	46	10	7	-	1
2019.02	성동구	성수1가1동	7,642	3,053	1,654	1,345	1,246	266	60	11	5	1	1
2019.02	성동구	성수1가2동	7,173	3,233	1,498	1,172	985	222	47	10	4	1	1
2019.02	성동구	성수2가1동	8,611	4,155	1,769	1,300	1,083	233	54	13	4	-	-
2019.02	성동구	성수2가3동	5,699	2,880	1,059	828	689	174	54	13	1	1	-
2019.02	성동구	송정동	5,590	2,746	1,149	831	654	167	32	9	1	1	-
2019.02	성동구	용답동	7,606	4,318	1,394	904	766	168	42	12	-	1	1
2019.02	성동구	왕십리도선동	11,753	4,361	2,460	2,339	2,023	428	104	28	10	-	-
2019.02	성동구	금호2.3가동	10,365	3,572	2,547	2,134	1,619	369	86	24	12	1	1
2019.02	성동구	옥수동	10,929	3,143	2,766	2,552	1,880	433	115	29	7	4	-
2019.02	광진구	소계	163,293	71,464	32,855	27,262	24,547	5,447	1,246	332	88	30	22
2019.02	광진구	화양동	15,672	12,142	1,972	789	613	112	34	8	1	-	1
2019.02	광진구	군자동	10,385	5,616	1,967	1,347	1,115	248	61	20	6	3	2
2019.02	광진구	중곡1동	7,985	3,760	1,817	1,291	868	185	43	15	5	1	-
2019.02	광진구	중곡2동	10,287	4,313	2,308	1,799	1,447	319	76	18	3	2	2
2019.02	광진구	중곡3동	8,482	3,853	1,931	1,370	1,011	256	46	12	2	1	-
2019.02	광진구	중곡4동	13,187	4,815	2,989	2,598	2,102	518	127	28	5	3	2
2019.02	광진구	능동	6,191	3,391	1,286	767	526	150	59	7	3	2	-
2019.02	광진구	구의1동	11,666	6,104	2,344	1,634	1,196	296	72	15	5	-	-
2019.02	광진구	구의2동	11,533	3,969	2,551	2,313	2,055	489	106	37	5	4	4
2019.02	광진구	구의3동	12,190	4,011	2,517	2,487	2,486	539	105	27	14	2	2
2019.02	광진구	광장동	12,009	2,160	1,867	2,980	4,068	713	166	39	13	3	-
2019.02	광진구	자양1동	11,423	5,472	2,443	1,673	1,414	323	76	16	2	2	2
2019.02	광진구	자양2동	11,271	3,903	2,484	2,274	1,985	473	101	39	7	2	3
2019.02	광진구	자양3동	11,066	2,809	2,315	2,535	2,662	565	122	38	12	4	4
2019.02	광진구	자양4동	9,946	5,146	2,064	1,405	999	261	52	13	5	1	-
2019.02	동대문구	소계	162,229	73,234	32,711	26,272	22,537	5,636	1,397	322	79	29	12
2019.02	동대문구	회기동	5,939	3,763	867	620	508	143	31	4	3	-	-
2019.02	동대문구	휘경1동	6,818	3,843	1,198	848	702	167	44	12	-	4	-
2019.02	동대문구	휘경2동	11,371	5,182	2,091	1,839	1,699	435	90	24	6	4	1
2019.02	동대문구	청량리동	10,543	4,906	2,322	1,613	1,242	346	97	15	1	-	1
2019.02	동대문구	용신동	16,653	9,638	2,988	1,949	1,541	409	97	25	5	1	-
2019.02	동대문구	제기동	12,945	6,832	2,536	1,725	1,337	375	114	19	4	3	-
2019.02	동대문구	전농1동	14,795	7,066	2,928	2,348	1,872	445	91	28	12	1	4
2019.02	동대문구	전농2동	7,728	2,131	1,846	1,695	1,520	388	113	29	4	-	2
2019.02	동대문구	답십리1동	12,411	4,591	2,593	2,423	2,125	515	123	33	6	1	1
2019.02	동대문구	답십리2동	12,368	4,178	2,958	2,428	2,149	499	116	31	7	2	-
2019.02	동대문구	장안1동	17,281	7,066	3,702	3,094	2,569	648	154	35	9	4	-
2019.02	동대문구	장안2동	12,922	4,399	2,728	2,648	2,411	556	143	27	6	3	1
2019.02	동대문구	이문1동	11,835	6,865	2,019	1,351	1,200	293	83	14	6	3	1
2019.02	동대문구	이문2동	8,620	2,774	1,935	1,691	1,662	417	101	26	10	3	1
2019.02	중랑구	소계	180,986	72,752	40,726	32,556	26,734	6,437	1,338	329	82	20	12
2019.02	중랑구	면목2동	12,218	5,343	2,711	2,016	1,641	401	87	11	7	1	-
2019.02	중랑구	면목4동	9,446	3,988	2,131	1,673	1,280	288	65	16	5	-	-
2019.02	중랑구	면목5동	4,575	1,866	1,088	816	625	145	27	6	2	-	-
2019.02	중랑구	면목7동	10,128	4,228	2,307	1,801	1,385	322	62	17	4	2	-
2019.02	중랑구	상봉1동	10,125	2,991	2,310	2,181	2,124	413	80	22	3	1	-
2019.02	중랑구	상봉2동	10,386	5,772	2,126	1,330	900	187	48	13	7	2	1
2019.02	중랑구	중화1동	8,938	3,127	2,160	1,783	1,424	360	58	17	7	1	1
2019.02	중랑구	중화2동	14,413	7,235	3,179	2,104	1,456	342	70	22	2	2	1
2019.02	중랑구	묵1동	14,546	4,580	3,242	3,063	2,787	658	163	35	15	1	2
2019.02	중랑구	묵2동	9,198	3,800	2,093	1,648	1,254	320	64	11	3	3	2
2019.02	중랑구	망우3동	8,513	3,658	2,002	1,469	1,063	255	52	10	2	2	-
2019.02	중랑구	신내1동	14,696	3,352	3,244	3,166	3,551	1,088	227	59	7	1	1
2019.02	중랑구	신내2동	9,022	2,663	2,202	2,029	1,687	340	77	16	7	-	1
2019.02	중랑구	면목본동	17,494	8,118	3,876	2,887	2,041	453	87	25	4	1	2
2019.02	중랑구	면목3.8동	12,562	5,516	2,841	2,133	1,588	371	84	25	3	1	-
2019.02	중랑구	망우본동	14,726	6,515	3,214	2,457	1,928	494	87	24	4	2	1
2019.02	성북구	소계	187,362	71,851	39,018	34,603	31,665	7,724	1,838	477	110	36	40
2019.02	성북구	돈암1동	6,370	1,777	1,535	1,395	1,272	294	75	18	1	1	2
2019.02	성북구	돈암2동	8,587	1,552	1,770	2,197	2,294	574	141	37	16	3	3
2019.02	성북구	안암동	8,955	5,737	1,385	883	742	159	35	8	1	4	1
2019.02	성북구	보문동	7,949	3,691	1,575	1,313	1,086	228	44	8	2	-	2
2019.02	성북구	정릉1동	7,202	2,116	1,553	1,579	1,466	365	87	28	4	2	2
2019.02	성북구	정릉2동	9,656	2,965	2,259	2,039	1,807	429	112	36	5	1	3
2019.02	성북구	정릉3동	7,708	3,905	1,482	1,098	893	261	53	11	1	1	3
2019.02	성북구	정릉4동	11,021	3,579	2,539	2,335	1,953	461	113	30	10	-	1
2019.02	성북구	길음1동	13,013	2,603	2,428	3,186	3,809	748	187	38	8	1	5
2019.02	성북구	길음2동	4,986	1,907	974	904	908	229	50	13	1	-	-
2019.02	성북구	월곡1동	10,794	3,133	2,374	2,308	2,272	538	133	24	8	2	2
2019.02	성북구	월곡2동	9,019	3,799	1,849	1,542	1,355	355	89	19	7	1	3
2019.02	성북구	장위1동	9,055	3,341	2,105	1,676	1,445	366	82	33	4	2	1
2019.02	성북구	장위2동	6,491	2,512	1,569	1,182	893	248	67	13	6	1	-
2019.02	성북구	장위3동	4,760	1,662	1,034	907	863	231	49	11	2	1	-
2019.02	성북구	성북동	8,031	3,655	1,715	1,205	1,004	325	87	27	6	1	6
2019.02	성북구	삼선동	12,710	6,128	2,479	1,835	1,714	418	104	21	7	4	-
2019.02	성북구	동선동	8,947	5,559	1,470	960	698	182	53	16	6	2	1
2019.02	성북구	종암동	17,120	6,259	3,484	3,280	3,076	797	154	55	6	5	4
2019.02	성북구	석관동	14,988	5,971	3,439	2,779	2,115	516	123	31	9	4	1
2019.02	강북구	소계	143,695	57,965	33,180	25,526	20,335	5,190	1,125	238	87	23	26
2019.02	강북구	번1동	10,240	5,382	2,135	1,435	991	230	57	6	4	-	-
2019.02	강북구	번2동	7,603	2,609	2,094	1,514	1,038	255	71	14	6	-	2
2019.02	강북구	번3동	7,621	2,149	2,128	1,594	1,281	362	77	25	4	1	-
2019.02	강북구	수유1동	10,350	4,591	2,309	1,715	1,295	342	75	10	8	1	4
2019.02	강북구	수유2동	9,498	3,299	2,421	1,844	1,417	393	93	20	8	1	2
2019.02	강북구	수유3동	12,619	6,614	2,566	1,853	1,208	293	62	14	3	4	2
2019.02	강북구	삼양동	11,732	4,618	2,699	2,173	1,666	466	78	17	10	3	2
2019.02	강북구	미아동	11,316	5,516	2,452	1,676	1,268	316	67	10	6	3	2
2019.02	강북구	송중동	13,010	5,508	2,808	2,230	1,834	488	100	31	6	2	3
2019.02	강북구	송천동	13,800	6,130	3,140	2,249	1,741	441	74	15	8	-	2
2019.02	강북구	삼각산동	11,858	2,527	2,469	2,735	3,252	697	135	32	8	2	1
2019.02	강북구	우이동	9,472	3,475	2,364	1,804	1,333	371	95	16	6	4	4
2019.02	강북구	인수동	14,576	5,547	3,595	2,704	2,011	536	141	28	10	2	2
2019.02	도봉구	소계	138,143	43,471	32,750	28,843	25,172	6,037	1,372	355	94	36	13
2019.02	도봉구	쌍문1동	9,187	3,007	2,216	1,887	1,534	403	107	22	8	2	1
2019.02	도봉구	쌍문2동	8,657	2,943	2,172	1,758	1,351	320	89	20	1	-	3
2019.02	도봉구	쌍문3동	7,790	3,068	1,857	1,411	1,097	279	57	16	4	-	1
2019.02	도봉구	쌍문4동	7,162	1,476	1,566	1,694	1,905	427	73	14	5	2	-
2019.02	도봉구	방학1동	12,789	4,544	2,962	2,398	2,132	581	124	37	6	5	-
2019.02	도봉구	방학2동	9,545	3,686	2,305	1,791	1,330	329	80	19	2	3	-
2019.02	도봉구	방학3동	10,120	1,784	2,297	2,560	2,639	631	154	37	13	3	2
2019.02	도봉구	창1동	10,918	3,505	2,516	2,308	2,056	416	89	24	2	2	-
2019.02	도봉구	창2동	12,384	3,638	2,978	2,743	2,265	552	143	43	16	6	-
2019.02	도봉구	창3동	6,702	2,540	1,662	1,237	960	235	49	16	2	1	-
2019.02	도봉구	창4동	10,595	2,722	2,235	2,366	2,559	563	104	33	12	1	-
2019.02	도봉구	창5동	9,878	2,550	2,246	2,338	2,137	470	95	28	9	5	-
2019.02	도봉구	도봉1동	10,284	4,046	2,646	1,835	1,265	378	73	24	7	5	5
2019.02	도봉구	도봉2동	12,132	3,962	3,092	2,517	1,942	453	135	22	7	1	1
2019.02	노원구	소계	217,370	67,669	47,915	44,770	44,825	9,686	1,896	414	130	44	21
2019.02	노원구	월계1동	10,511	4,333	2,166	1,783	1,678	442	88	17	4	-	-
2019.02	노원구	월계2동	11,243	3,779	2,888	2,180	1,831	444	95	18	4	3	1
2019.02	노원구	월계3동	12,981	3,585	3,480	2,899	2,354	504	121	24	11	2	1
2019.02	노원구	공릉2동	16,243	5,332	3,035	3,285	3,595	775	162	38	10	11	-
2019.02	노원구	하계1동	12,030	4,392	2,333	2,195	2,456	520	95	15	19	1	4
2019.02	노원구	하계2동	8,319	1,571	1,773	2,000	2,400	462	92	15	4	2	-
2019.02	노원구	중계본동	9,185	2,144	1,386	1,968	2,831	686	128	29	10	2	1
2019.02	노원구	중계1동	9,146	1,409	1,314	2,319	3,369	612	89	24	9	1	-
2019.02	노원구	중계4동	8,490	2,437	1,967	1,691	1,884	407	80	19	2	2	1
2019.02	노원구	상계1동	15,612	4,302	3,554	3,384	3,285	868	169	34	8	3	5
2019.02	노원구	상계2동	8,761	3,079	1,712	1,678	1,793	379	90	20	8	1	1
2019.02	노원구	상계5동	11,075	3,859	2,655	2,162	1,828	445	90	23	7	5	1
2019.02	노원구	상계8동	9,266	2,172	2,236	2,321	2,092	367	58	18	2	-	-
2019.02	노원구	상계9동	8,475	1,995	2,104	2,037	1,941	323	56	17	1	1	-
2019.02	노원구	상계10동	6,647	1,697	1,713	1,566	1,391	217	46	13	1	2	1
2019.02	노원구	상계3.4동	11,670	4,518	2,815	2,000	1,718	472	110	24	11	2	-
2019.02	노원구	상계6.7동	14,120	4,203	3,239	3,073	2,945	558	74	20	4	1	3
2019.02	노원구	중계2.3동	15,477	4,789	3,884	3,235	2,832	603	107	18	6	1	2
2019.02	노원구	공릉1동	18,119	8,073	3,661	2,994	2,602	602	146	28	9	4	-
2019.02	은평구	소계	206,087	74,330	47,223	39,416	33,787	8,613	2,036	480	134	33	35
2019.02	은평구	녹번동	16,479	6,450	3,900	3,030	2,378	561	119	33	6	1	1
2019.02	은평구	불광1동	17,749	6,373	4,205	3,560	2,760	635	159	45	9	3	-
2019.02	은평구	갈현1동	11,196	4,402	2,688	2,028	1,567	390	91	20	6	3	1
2019.02	은평구	갈현2동	12,634	4,174	2,994	2,638	2,171	502	116	27	10	-	2
2019.02	은평구	구산동	12,972	3,815	3,100	2,757	2,437	650	154	34	15	2	8
2019.02	은평구	대조동	15,704	7,367	3,479	2,454	1,818	431	121	26	6	1	1
2019.02	은평구	응암1동	11,320	4,561	2,470	2,021	1,709	418	103	20	8	3	7
2019.02	은평구	응암2동	8,229	2,401	1,862	1,828	1,624	395	85	19	8	4	3
2019.02	은평구	신사1동	11,679	3,617	2,804	2,482	2,131	481	115	35	7	5	2
2019.02	은평구	신사2동	9,169	3,086	2,125	1,823	1,587	412	104	26	4	1	1
2019.02	은평구	증산동	6,909	2,443	1,645	1,273	1,157	311	57	19	4	-	-
2019.02	은평구	수색동	4,609	1,690	1,110	854	711	182	48	12	1	1	-
2019.02	은평구	진관동	20,443	5,292	3,921	4,165	5,036	1,571	362	68	21	3	4
2019.02	은평구	불광2동	13,708	5,725	3,301	2,349	1,752	435	107	25	9	4	1
2019.02	은평구	응암3동	12,526	5,707	2,793	2,013	1,520	366	93	25	6	-	3
2019.02	은평구	역촌동	20,761	7,227	4,826	4,141	3,429	873	202	46	14	2	1
2019.02	서대문구	소계	139,589	57,877	29,090	24,507	21,213	5,235	1,202	347	81	23	14
2019.02	서대문구	천연동	8,240	3,316	1,689	1,532	1,325	294	59	20	2	1	2
2019.02	서대문구	홍제1동	9,940	3,327	2,330	2,012	1,683	447	94	31	9	5	2
2019.02	서대문구	홍제3동	7,092	2,622	1,651	1,331	1,125	276	69	10	8	-	-
2019.02	서대문구	홍제2동	5,843	1,683	1,411	1,289	1,132	250	50	18	5	1	4
2019.02	서대문구	홍은1동	9,712	3,235	2,181	1,965	1,732	458	108	27	4	-	2
2019.02	서대문구	홍은2동	12,213	4,672	2,740	2,240	1,884	490	123	46	15	3	-
2019.02	서대문구	남가좌1동	6,114	1,472	1,213	1,458	1,497	362	84	23	2	2	1
2019.02	서대문구	남가좌2동	11,153	4,536	2,403	1,952	1,737	411	83	23	5	3	-
2019.02	서대문구	북가좌1동	6,981	1,545	1,598	1,676	1,637	402	97	17	7	1	1
2019.02	서대문구	북가좌2동	14,742	5,417	3,470	2,812	2,323	554	123	40	3	-	-
2019.02	서대문구	충현동	8,829	4,436	1,695	1,238	1,080	285	70	22	3	-	-
2019.02	서대문구	북아현동	7,582	2,887	1,628	1,516	1,235	249	51	11	3	2	-
2019.02	서대문구	신촌동	12,197	8,978	1,507	845	642	151	49	18	4	1	2
2019.02	서대문구	연희동	18,951	9,751	3,574	2,641	2,181	606	142	41	11	4	-
2019.02	마포구	소계	173,351	76,355	35,565	28,624	25,106	5,931	1,273	342	96	34	25
2019.02	마포구	용강동	9,146	3,146	1,935	1,889	1,695	367	82	23	6	3	-
2019.02	마포구	대흥동	7,200	4,772	1,178	598	511	111	19	7	1	-	3
2019.02	마포구	염리동	5,699	2,458	1,173	982	834	188	45	13	5	-	1
2019.02	마포구	신수동	9,249	3,576	1,884	1,753	1,586	336	82	23	8	1	-
2019.02	마포구	서교동	14,040	8,552	2,459	1,507	1,133	292	66	21	7	3	-
2019.02	마포구	합정동	9,567	4,886	2,120	1,269	990	216	58	14	5	3	6
2019.02	마포구	망원1동	10,668	5,042	2,373	1,543	1,284	335	65	21	2	2	1
2019.02	마포구	망원2동	8,275	2,981	1,888	1,527	1,444	342	70	16	5	2	-
2019.02	마포구	연남동	8,668	4,751	1,769	1,059	793	229	46	12	5	1	3
2019.02	마포구	성산1동	9,325	4,089	2,041	1,519	1,221	346	73	24	6	3	3
2019.02	마포구	성산2동	18,613	7,714	3,820	3,235	2,962	699	141	30	9	2	1
2019.02	마포구	상암동	12,850	4,183	2,423	2,498	2,727	797	161	43	12	5	1
2019.02	마포구	도화동	9,649	3,613	2,049	1,818	1,649	393	92	27	3	3	2
2019.02	마포구	서강동	11,497	5,129	2,233	1,903	1,748	383	66	24	8	1	2
2019.02	마포구	공덕동	18,752	8,310	3,959	3,187	2,591	543	122	27	10	3	-
2019.02	마포구	아현동	10,153	3,153	2,261	2,337	1,938	354	85	17	4	2	2
2019.02	양천구	소계	176,620	48,946	36,813	38,342	40,761	9,176	1,911	464	135	40	32
2019.02	양천구	목1동	10,488	1,588	1,665	2,798	3,567	662	149	46	9	3	1
2019.02	양천구	목2동	12,943	4,339	2,871	2,585	2,408	579	124	25	6	1	5
2019.02	양천구	목3동	9,855	3,461	2,326	1,999	1,601	338	88	33	5	3	1
2019.02	양천구	목4동	10,154	2,847	1,880	2,110	2,588	571	117	31	6	2	2
2019.02	양천구	신월1동	10,132	4,241	2,332	1,793	1,333	336	73	19	3	2	-
2019.02	양천구	신월2동	8,696	2,378	2,029	1,913	1,714	487	121	39	8	4	3
2019.02	양천구	신월3동	8,246	3,923	1,804	1,258	906	278	63	10	1	1	2
2019.02	양천구	신월4동	6,880	1,466	1,545	1,661	1,625	442	110	24	5	2	-
2019.02	양천구	신월5동	6,397	2,111	1,453	1,306	1,148	289	69	17	2	2	-
2019.02	양천구	신월6동	2,541	666	564	555	567	145	32	10	1	1	-
2019.02	양천구	신월7동	9,269	2,888	2,490	1,963	1,499	324	81	17	6	-	1
2019.02	양천구	신정1동	7,235	1,381	1,213	1,666	2,349	503	95	17	8	-	3
2019.02	양천구	신정2동	7,183	1,533	1,298	1,494	2,230	526	78	16	3	3	2
2019.02	양천구	신정3동	17,569	4,113	3,898	3,902	4,212	1,164	210	43	19	4	4
2019.02	양천구	신정6동	8,164	1,009	1,398	2,258	2,840	531	99	13	13	1	2
2019.02	양천구	신정7동	11,279	2,782	2,459	2,551	2,824	518	107	25	13	-	-
2019.02	양천구	목5동	13,554	1,614	2,017	3,623	5,153	900	174	46	16	8	3
2019.02	양천구	신정4동	16,035	6,606	3,571	2,907	2,197	583	121	33	11	3	3
2019.02	강서구	소계	259,692	98,862	57,361	48,073	42,301	10,211	2,157	528	129	47	23
2019.02	강서구	염창동	14,596	3,189	2,767	3,632	4,027	804	138	33	3	2	1
2019.02	강서구	등촌1동	11,868	6,200	2,130	1,693	1,458	308	57	19	1	2	-
2019.02	강서구	등촌2동	8,607	2,459	1,999	1,880	1,714	411	99	31	10	4	-
2019.02	강서구	등촌3동	14,811	5,487	3,922	2,689	2,148	450	88	21	5	1	-
2019.02	강서구	화곡본동	16,318	6,707	3,670	2,950	2,261	555	121	35	14	4	1
2019.02	강서구	화곡2동	8,266	2,776	2,002	1,693	1,317	389	62	16	7	3	1
2019.02	강서구	화곡3동	9,352	3,172	2,072	1,903	1,643	418	118	17	6	1	2
2019.02	강서구	화곡4동	9,736	3,515	2,418	1,921	1,413	361	83	21	2	2	-
2019.02	강서구	화곡6동	11,224	4,722	2,383	1,951	1,637	406	94	19	6	2	4
2019.02	강서구	화곡8동	11,580	4,181	2,973	2,213	1,665	422	93	28	3	2	-
2019.02	강서구	가양1동	18,461	11,368	2,512	2,055	1,939	472	84	25	4	-	2
2019.02	강서구	가양2동	8,098	3,871	2,175	1,186	648	154	46	10	4	3	1
2019.02	강서구	가양3동	7,890	3,075	2,429	1,422	743	180	31	8	2	-	-
2019.02	강서구	발산1동	13,419	2,559	2,884	3,096	3,726	919	186	36	7	4	2
2019.02	강서구	공항동	12,731	5,466	2,653	2,198	1,819	484	89	18	3	-	1
2019.02	강서구	방화1동	17,454	4,858	3,751	3,618	3,861	1,068	224	57	12	4	1
2019.02	강서구	방화2동	11,598	5,376	2,535	1,812	1,367	380	93	26	5	-	4
2019.02	강서구	방화3동	11,231	4,411	2,847	2,039	1,442	362	100	20	7	3	-
2019.02	강서구	화곡1동	25,836	11,549	5,995	4,409	2,925	733	160	48	11	4	2
2019.02	강서구	우장산동	16,616	3,921	3,244	3,713	4,548	935	191	40	17	6	1
2019.02	구로구	소계	172,835	63,478	38,666	32,456	28,875	7,222	1,591	386	106	37	18
2019.02	구로구	신도림동	13,447	2,904	2,851	3,342	3,415	714	164	42	9	5	1
2019.02	구로구	구로1동	7,875	1,744	1,788	1,870	1,984	404	62	14	6	2	1
2019.02	구로구	구로3동	13,376	7,752	2,205	1,633	1,338	341	69	27	7	3	1
2019.02	구로구	구로4동	10,640	4,932	2,558	1,667	1,147	256	60	10	8	2	-
2019.02	구로구	구로5동	14,393	6,772	2,852	2,274	1,887	455	109	33	9	1	1
2019.02	구로구	고척1동	9,532	2,837	2,126	2,003	2,002	428	103	24	6	3	-
2019.02	구로구	고척2동	11,645	3,663	2,674	2,360	2,284	520	117	20	5	2	-
2019.02	구로구	개봉2동	12,641	3,113	3,168	2,935	2,538	666	167	40	10	3	1
2019.02	구로구	개봉3동	8,798	2,583	2,239	1,918	1,584	382	74	14	3	1	-
2019.02	구로구	오류1동	10,619	4,956	2,334	1,622	1,246	356	75	16	7	2	5
2019.02	구로구	오류2동	17,267	4,739	4,141	3,492	3,504	1,086	223	59	14	5	4
2019.02	구로구	수궁동	9,872	2,719	2,474	2,186	1,837	507	121	23	3	2	-
2019.02	구로구	가리봉동	5,886	3,863	1,021	543	329	104	18	4	3	-	1
2019.02	구로구	구로2동	12,843	6,148	2,883	1,896	1,416	372	84	30	9	4	1
2019.02	구로구	개봉1동	14,001	4,753	3,352	2,715	2,364	631	145	30	7	2	2
2019.02	금천구	소계	108,671	47,602	23,225	17,961	14,959	3,755	876	206	51	21	15
2019.02	금천구	가산동	13,337	9,444	1,708	1,141	789	186	58	7	2	2	-
2019.02	금천구	독산1동	18,781	8,652	3,664	2,971	2,629	666	147	38	7	2	5
2019.02	금천구	독산2동	9,305	3,923	2,160	1,636	1,227	280	60	14	2	1	2
2019.02	금천구	독산3동	12,310	5,587	2,792	1,960	1,503	358	83	17	5	5	-
2019.02	금천구	독산4동	7,628	3,278	1,738	1,292	983	260	58	13	3	2	1
2019.02	금천구	시흥1동	15,679	6,435	3,496	2,717	2,319	564	103	37	4	2	2
2019.02	금천구	시흥2동	8,456	2,023	2,011	1,845	1,893	495	146	30	9	1	3
2019.02	금천구	시흥3동	4,715	1,428	1,217	988	799	216	49	14	3	1	-
2019.02	금천구	시흥4동	9,119	3,058	2,193	1,821	1,530	389	93	18	11	5	1
2019.02	금천구	시흥5동	9,341	3,774	2,246	1,590	1,287	341	79	18	5	-	1
2019.02	영등포구	소계	172,358	78,080	34,327	28,198	24,389	5,651	1,272	297	88	23	33
2019.02	영등포구	여의동	13,099	3,662	2,858	2,988	2,796	582	148	38	16	5	6
2019.02	영등포구	당산1동	10,360	5,136	2,100	1,547	1,192	283	77	16	5	1	3
2019.02	영등포구	당산2동	17,131	8,427	2,876	2,657	2,456	536	131	34	12	1	1
2019.02	영등포구	양평1동	8,711	4,113	1,900	1,390	1,009	229	46	18	3	3	-
2019.02	영등포구	양평2동	10,070	4,109	2,035	1,799	1,659	364	82	13	5	1	3
2019.02	영등포구	신길1동	9,777	5,747	1,801	1,134	819	218	41	11	4	1	1
2019.02	영등포구	신길3동	7,090	2,831	1,488	1,284	1,135	293	42	12	3	1	1
2019.02	영등포구	신길4동	4,317	1,868	967	730	569	146	28	5	4	-	-
2019.02	영등포구	신길5동	4,372	1,847	988	745	583	153	44	9	-	1	2
2019.02	영등포구	신길6동	8,380	3,575	1,784	1,426	1,201	308	60	16	4	-	6
2019.02	영등포구	신길7동	6,575	1,930	1,296	1,356	1,543	353	71	19	4	2	1
2019.02	영등포구	대림1동	6,427	3,005	1,422	958	792	191	43	12	3	-	1
2019.02	영등포구	대림2동	6,806	3,547	1,537	879	612	173	48	6	4	-	-
2019.02	영등포구	대림3동	10,611	3,987	2,420	1,980	1,688	404	102	24	4	2	-
2019.02	영등포구	영등포본동	10,177	4,419	1,990	1,771	1,540	373	63	14	3	1	3
2019.02	영등포구	영등포동	16,645	11,863	2,154	1,299	1,039	218	56	9	4	-	3
2019.02	영등포구	도림동	9,297	4,376	2,061	1,448	1,066	263	62	15	5	1	-
2019.02	영등포구	문래동	12,513	3,638	2,650	2,807	2,690	564	128	26	5	3	2
2019.02	동작구	소계	179,203	74,893	36,954	31,089	27,645	6,606	1,479	387	98	32	20
2019.02	동작구	노량진2동	7,221	4,064	1,410	940	615	142	37	8	4	1	-
2019.02	동작구	상도1동	21,113	9,438	3,849	3,620	3,249	743	164	39	7	2	2
2019.02	동작구	상도2동	12,634	5,037	2,644	2,232	2,114	463	116	22	4	1	1
2019.02	동작구	상도3동	11,723	4,947	2,540	2,108	1,568	410	97	36	11	4	2
2019.02	동작구	상도4동	13,316	5,223	3,022	2,458	2,027	470	86	24	4	-	2
2019.02	동작구	사당1동	12,865	7,208	2,576	1,601	1,140	257	62	13	5	3	-
2019.02	동작구	사당3동	10,777	3,465	2,450	2,234	1,998	475	105	36	7	3	4
2019.02	동작구	사당4동	6,943	2,984	1,566	1,166	934	229	42	15	5	2	-
2019.02	동작구	사당5동	5,747	2,259	1,222	1,068	944	197	44	9	2	2	-
2019.02	동작구	대방동	16,988	6,737	3,162	2,887	3,223	740	164	57	10	4	4
2019.02	동작구	신대방1동	9,857	3,492	1,943	1,775	2,003	492	118	23	7	1	3
2019.02	동작구	신대방2동	9,217	3,995	1,717	1,491	1,479	404	91	33	7	-	-
2019.02	동작구	흑석동	14,025	5,441	2,912	2,644	2,320	573	101	22	8	4	-
2019.02	동작구	노량진1동	14,856	6,473	3,114	2,466	2,096	547	122	25	8	4	1
2019.02	동작구	사당2동	11,921	4,130	2,827	2,399	1,935	464	130	25	9	1	1
2019.02	관악구	소계	264,514	145,470	48,835	33,622	27,693	6,744	1,554	409	124	38	25
2019.02	관악구	보라매동	12,188	5,622	2,694	1,886	1,519	364	83	13	1	3	3
2019.02	관악구	청림동	6,587	1,988	1,569	1,458	1,220	265	60	15	7	3	2
2019.02	관악구	행운동	16,919	10,271	2,879	1,849	1,440	357	95	17	9	1	1
2019.02	관악구	낙성대동	10,660	7,372	1,481	871	686	173	57	13	5	-	2
2019.02	관악구	중앙동	9,102	5,800	1,537	868	675	169	42	7	1	2	1
2019.02	관악구	인헌동	13,953	7,447	2,662	1,855	1,508	370	77	28	6	-	-
2019.02	관악구	남현동	9,253	4,545	1,859	1,398	1,093	267	55	23	8	2	3
2019.02	관악구	서원동	13,523	8,268	2,527	1,430	960	257	61	12	6	2	-
2019.02	관악구	신원동	10,411	5,902	2,135	1,230	887	186	47	17	2	4	1
2019.02	관악구	서림동	14,238	9,095	2,265	1,413	1,086	282	66	23	6	-	2
2019.02	관악구	신사동	13,155	7,916	2,286	1,500	1,123	253	58	11	7	1	-
2019.02	관악구	신림동	16,342	13,135	1,966	688	424	97	26	4	1	1	-
2019.02	관악구	난향동	6,488	1,878	1,488	1,358	1,327	327	81	22	4	1	2
2019.02	관악구	조원동	10,073	6,158	1,779	1,044	860	164	39	18	8	3	-
2019.02	관악구	대학동	15,739	11,586	1,809	1,154	886	227	64	10	2	1	-
2019.02	관악구	은천동	15,691	6,384	3,445	2,686	2,451	541	140	27	12	2	3
2019.02	관악구	성현동	12,980	3,891	3,027	2,643	2,599	644	125	37	12	1	1
2019.02	관악구	청룡동	18,858	13,487	2,507	1,331	1,136	305	66	21	3	1	1
2019.02	관악구	난곡동	12,750	4,849	3,069	2,343	1,893	448	105	32	9	1	1
2019.02	관악구	삼성동	11,499	4,557	2,696	1,984	1,664	462	97	27	7	5	-
2019.02	관악구	미성동	14,105	5,319	3,155	2,633	2,256	586	110	32	8	4	2
2019.02	서초구	소계	173,142	57,587	34,118	34,061	35,727	8,719	2,095	555	181	54	45
2019.02	서초구	서초1동	9,239	3,762	1,756	1,614	1,534	401	124	32	14	2	-
2019.02	서초구	서초2동	8,203	3,580	1,469	1,384	1,363	301	78	16	8	2	2
2019.02	서초구	서초3동	13,270	5,411	2,564	2,308	2,147	596	170	41	19	7	7
2019.02	서초구	서초4동	10,977	2,341	1,896	2,556	3,340	653	130	47	8	4	2
2019.02	서초구	잠원동	13,972	4,691	2,600	2,949	2,997	577	114	23	14	5	2
2019.02	서초구	반포본동	4,193	750	812	981	1,301	267	60	16	4	1	1
2019.02	서초구	반포1동	14,371	6,339	2,273	2,285	2,633	645	144	35	12	5	-
2019.02	서초구	반포2동	5,211	761	854	1,284	1,690	487	97	25	9	2	2
2019.02	서초구	반포3동	6,981	1,288	1,349	1,802	2,043	396	71	24	6	-	2
2019.02	서초구	반포4동	7,420	1,915	1,505	1,759	1,670	423	102	28	8	8	2
2019.02	서초구	방배본동	7,908	2,084	1,547	1,691	1,924	496	118	32	10	2	4
2019.02	서초구	방배1동	7,591	2,848	1,682	1,418	1,241	294	79	19	5	1	4
2019.02	서초구	방배2동	9,046	3,194	2,078	1,699	1,565	386	81	28	5	4	6
2019.02	서초구	방배3동	8,475	2,244	1,859	1,891	1,901	431	105	30	11	-	3
2019.02	서초구	방배4동	9,809	3,389	1,984	1,810	1,998	456	132	30	7	1	2
2019.02	서초구	양재1동	18,298	5,947	3,913	3,438	3,485	1,136	281	74	19	4	1
2019.02	서초구	양재2동	10,967	5,002	2,222	1,671	1,515	411	104	23	13	3	3
2019.02	서초구	내곡동	7,211	2,041	1,755	1,521	1,380	363	105	32	9	3	2
2019.02	강남구	소계	229,371	89,138	42,601	40,916	43,566	9,972	2,272	613	176	79	38
2019.02	강남구	신사동	7,536	2,940	1,584	1,297	1,263	315	88	21	18	6	4
2019.02	강남구	논현1동	14,214	9,251	2,449	1,270	886	260	58	28	7	3	2
2019.02	강남구	논현2동	11,355	6,051	2,129	1,568	1,229	276	73	20	8	1	-
2019.02	강남구	삼성1동	5,902	1,932	1,207	1,170	1,182	289	87	25	7	2	1
2019.02	강남구	삼성2동	13,274	5,635	2,300	2,284	2,356	505	134	43	10	4	3
2019.02	강남구	대치1동	7,437	577	903	1,932	3,172	665	128	41	8	9	2
2019.02	강남구	대치4동	10,149	5,207	1,658	1,428	1,438	322	75	17	3	-	1
2019.02	강남구	역삼1동	23,166	16,255	3,476	1,762	1,184	347	99	28	11	4	-
2019.02	강남구	역삼2동	15,032	5,899	2,304	2,796	3,199	636	138	35	9	6	10
2019.02	강남구	도곡1동	8,526	2,442	1,555	1,812	2,117	450	107	28	10	4	1
2019.02	강남구	도곡2동	11,946	2,272	2,287	3,022	3,475	710	140	31	6	1	2
2019.02	강남구	개포1동	2,927	919	650	530	624	167	25	7	3	2	-
2019.02	강남구	개포4동	7,843	2,957	1,542	1,424	1,464	363	65	19	5	1	3
2019.02	강남구	일원본동	8,265	1,529	1,444	2,024	2,634	500	97	22	10	4	1
2019.02	강남구	일원1동	7,607	3,094	1,742	1,351	1,030	305	67	16	2	-	-
2019.02	강남구	일원2동	7,149	2,113	1,702	1,493	1,491	292	44	12	1	-	1
2019.02	강남구	수서동	7,834	3,208	2,276	1,321	768	189	54	11	3	3	1
2019.02	강남구	세곡동	17,693	5,686	3,709	3,244	3,471	1,178	316	67	14	7	1
2019.02	강남구	압구정동	10,779	3,000	2,358	2,431	2,275	534	126	35	10	8	2
2019.02	강남구	청담동	12,468	4,585	2,409	2,408	2,289	553	148	46	18	9	3
2019.02	강남구	대치2동	13,187	2,454	2,000	3,188	4,494	842	147	49	9	4	-
2019.02	강남구	개포2동	5,082	1,132	917	1,161	1,525	274	56	12	4	1	-
2019.02	송파구	소계	275,120	92,456	56,683	55,185	54,940	12,283	2,688	614	187	53	31
2019.02	송파구	풍납1동	6,754	2,548	1,623	1,246	1,055	215	53	8	5	1	-
2019.02	송파구	풍납2동	10,485	3,902	2,007	2,086	1,948	405	101	28	6	2	-
2019.02	송파구	거여1동	5,434	1,793	1,241	1,052	1,029	247	59	9	3	-	1
2019.02	송파구	거여2동	7,195	2,441	1,779	1,417	1,205	258	73	13	5	-	4
2019.02	송파구	마천1동	9,160	3,538	2,074	1,575	1,409	451	84	24	4	1	-
2019.02	송파구	마천2동	8,703	3,080	2,098	1,649	1,385	366	96	19	9	-	1
2019.02	송파구	방이1동	6,202	1,777	1,175	1,319	1,477	346	81	19	6	1	1
2019.02	송파구	방이2동	13,028	6,738	2,596	1,847	1,426	336	66	15	2	1	1
2019.02	송파구	오륜동	6,010	656	1,048	1,583	2,135	473	81	25	6	1	2
2019.02	송파구	오금동	15,555	4,195	3,430	3,516	3,349	841	172	45	6	1	-
2019.02	송파구	송파1동	12,322	5,675	2,614	1,944	1,556	394	98	31	7	1	2
2019.02	송파구	송파2동	7,270	1,452	1,489	1,760	1,966	470	101	21	8	3	-
2019.02	송파구	석촌동	16,732	8,145	3,493	2,518	1,962	453	123	20	11	7	-
2019.02	송파구	삼전동	16,324	8,081	3,280	2,442	1,966	440	82	25	3	2	3
2019.02	송파구	가락본동	11,773	4,336	2,467	2,234	2,134	481	90	23	5	-	3
2019.02	송파구	가락1동	4,855	761	925	1,353	1,492	249	57	11	5	1	1
2019.02	송파구	가락2동	12,302	2,821	2,415	2,952	3,238	665	162	40	7	1	1
2019.02	송파구	문정1동	8,550	2,715	1,840	1,752	1,714	412	87	15	10	5	-
2019.02	송파구	문정2동	15,384	8,314	2,763	1,959	1,832	369	102	26	13	4	2
2019.02	송파구	장지동	13,418	3,684	3,123	2,979	2,768	679	141	35	8	1	-
2019.02	송파구	위례동	9,035	1,047	1,718	2,371	2,896	798	165	28	8	4	-
2019.02	송파구	잠실본동	14,823	7,647	2,896	2,125	1,633	393	98	21	8	-	2
2019.02	송파구	잠실4동	10,074	1,760	2,092	2,769	2,773	528	119	19	10	4	-
2019.02	송파구	잠실6동	5,920	950	1,315	1,576	1,583	382	74	26	8	4	2
2019.02	송파구	잠실7동	3,476	502	786	890	1,019	215	44	12	6	2	-
2019.02	송파구	잠실2동	12,035	1,885	1,869	3,035	4,359	711	136	26	10	3	1
2019.02	송파구	잠실3동	12,301	2,013	2,527	3,236	3,631	706	143	30	8	3	4
2019.02	강동구	소계	177,299	61,984	38,090	34,387	32,760	7,839	1,654	421	107	32	25
2019.02	강동구	강일동	11,186	2,178	2,515	2,231	2,920	1,101	193	36	8	3	1
2019.02	강동구	상일동	4,191	1,148	877	942	928	220	50	18	6	-	2
2019.02	강동구	명일1동	8,149	1,946	1,671	1,901	2,045	445	107	21	9	2	2
2019.02	강동구	명일2동	5,942	1,046	1,035	1,304	1,991	452	81	24	8	1	-
2019.02	강동구	고덕1동	9,145	1,568	1,657	2,260	2,896	615	112	23	5	4	5
2019.02	강동구	고덕2동	3,428	1,483	775	578	440	114	26	7	3	-	2
2019.02	강동구	암사2동	5,871	1,779	1,318	1,279	1,202	217	58	12	3	2	1
2019.02	강동구	암사3동	6,366	1,054	1,312	1,630	1,815	404	99	30	14	3	5
2019.02	강동구	천호1동	12,868	5,067	2,959	2,419	1,854	449	87	22	8	2	1
2019.02	강동구	천호3동	13,671	6,450	2,915	2,194	1,609	383	86	29	3	1	1
2019.02	강동구	성내1동	8,240	2,390	1,853	1,825	1,673	410	63	23	2	-	1
2019.02	강동구	성내2동	12,483	6,026	2,757	1,957	1,327	317	74	18	5	2	-
2019.02	강동구	성내3동	10,171	3,717	2,212	1,960	1,793	395	68	19	4	2	1
2019.02	강동구	둔촌1동	176	123	22	13	14	2	2	-	-	-	-
2019.02	강동구	둔촌2동	11,159	3,462	2,396	2,321	2,337	510	101	28	2	1	1
2019.02	강동구	암사1동	16,298	6,134	3,671	3,103	2,644	567	135	32	10	1	1
2019.02	강동구	천호2동	17,659	8,509	3,849	2,696	2,025	433	114	26	7	-	-
2019.02	강동구	길동	20,296	7,904	4,296	3,774	3,247	805	198	53	10	8	1
2019.03	합계	합계	4,290,922	1,706,501	899,905	768,936	699,109	166,194	37,018	9,241	2,590	839	589
2019.03	종로구	소계	73,914	36,278	13,975	10,944	9,244	2,576	618	187	52	25	15
2019.03	종로구	사직동	4,552	2,197	894	689	543	162	29	26	7	2	3
2019.03	종로구	삼청동	1,400	745	249	179	144	58	18	6	1	-	-
2019.03	종로구	부암동	4,295	1,627	943	740	712	189	55	18	6	2	3
2019.03	종로구	평창동	7,552	2,426	1,673	1,487	1,417	419	89	24	8	8	1
2019.03	종로구	무악동	3,111	715	681	703	784	179	34	7	4	1	3
2019.03	종로구	교남동	4,584	1,590	1,128	904	751	157	33	13	6	2	-
2019.03	종로구	가회동	2,061	925	436	345	253	70	23	7	1	-	1
2019.03	종로구	종로1.2.3.4가동	5,269	4,164	512	303	216	54	12	6	2	-	-
2019.03	종로구	종로5·6가동	3,182	2,111	485	307	198	61	14	3	1	2	-
2019.03	종로구	이화동	4,487	2,679	782	509	377	108	20	10	1	1	-
2019.03	종로구	창신1동	2,970	1,737	565	339	224	81	19	5	-	-	-
2019.03	종로구	창신2동	4,163	1,935	866	661	496	157	37	8	2	1	-
2019.03	종로구	창신3동	2,891	871	672	645	480	184	33	2	4	-	-
2019.03	종로구	숭인1동	2,991	1,358	642	485	360	105	30	9	2	-	-
2019.03	종로구	숭인2동	5,744	3,730	910	556	409	102	28	7	2	-	-
2019.03	종로구	청운효자동	5,405	1,951	1,124	1,017	973	238	77	19	2	4	-
2019.03	종로구	혜화동	9,257	5,517	1,413	1,075	907	252	67	17	3	2	4
2019.03	중구	소계	61,800	30,100	12,839	9,248	7,196	1,784	449	118	33	14	19
2019.03	중구	소공동	1,107	631	192	155	103	18	6	-	-	-	2
2019.03	중구	회현동	3,263	2,213	440	295	224	70	10	9	2	-	-
2019.03	중구	명동	1,400	934	205	139	86	23	7	2	1	-	3
2019.03	중구	필동	2,318	1,434	410	235	170	52	10	5	1	-	1
2019.03	중구	장충동	2,678	1,644	468	248	225	70	17	2	1	1	2
2019.03	중구	광희동	2,919	1,844	522	280	194	51	22	4	1	-	1
2019.03	중구	을지로동	1,292	1,023	150	66	38	10	2	3	-	-	-
2019.03	중구	신당5동	4,526	2,142	926	716	554	132	39	12	4	1	-
2019.03	중구	황학동	6,649	3,549	1,384	900	617	151	38	7	1	1	1
2019.03	중구	중림동	5,853	2,456	1,266	1,069	834	163	45	14	6	-	-
2019.03	중구	신당동	4,423	2,703	806	461	340	78	26	5	2	2	-
2019.03	중구	다산동	6,947	3,101	1,616	1,076	884	202	48	12	4	1	3
2019.03	중구	약수동	7,794	2,806	1,995	1,557	1,071	284	60	14	3	1	3
2019.03	중구	청구동	6,433	2,463	1,521	1,175	967	238	49	9	3	6	2
2019.03	중구	동화동	4,198	1,157	938	876	889	242	70	20	4	1	1
2019.03	용산구	소계	109,413	51,249	22,449	16,974	13,889	3,617	892	215	76	28	24
2019.03	용산구	후암동	8,560	3,982	1,711	1,404	1,064	296	76	13	5	5	4
2019.03	용산구	용산2가동	5,506	2,786	1,234	781	527	138	30	9	1	-	-
2019.03	용산구	남영동	5,436	4,175	592	320	258	69	14	4	2	-	2
2019.03	용산구	원효로2동	6,029	2,026	1,296	1,202	1,112	284	73	21	9	2	4
2019.03	용산구	효창동	3,750	1,330	855	678	639	180	50	13	2	2	1
2019.03	용산구	용문동	5,376	1,891	1,285	1,037	870	228	48	10	4	2	1
2019.03	용산구	이촌1동	10,253	2,246	2,200	2,613	2,434	556	152	31	15	5	1
2019.03	용산구	이촌2동	3,857	1,297	1,043	765	563	142	30	7	10	-	-
2019.03	용산구	이태원1동	3,834	2,201	723	447	323	100	32	7	1	-	-
2019.03	용산구	이태원2동	4,946	2,635	1,007	671	460	125	38	7	3	-	-
2019.03	용산구	서빙고동	5,310	1,700	1,105	969	1,106	345	66	17	1	-	1
2019.03	용산구	보광동	7,742	4,022	1,679	1,045	751	192	38	11	3	1	-
2019.03	용산구	청파동	10,637	6,066	1,974	1,214	1,010	274	71	18	6	1	3
2019.03	용산구	원효로1동	7,530	3,460	1,648	1,194	942	221	47	9	3	4	2
2019.03	용산구	한강로동	9,593	5,356	1,820	1,238	897	201	58	16	4	2	1
2019.03	용산구	한남동	11,054	6,076	2,277	1,396	933	266	69	22	7	4	4
2019.03	성동구	소계	137,247	55,566	29,645	24,959	20,859	4,686	1,129	280	89	21	13
2019.03	성동구	왕십리2동	7,695	2,943	1,678	1,458	1,216	284	92	14	4	3	3
2019.03	성동구	마장동	10,805	4,695	2,288	1,761	1,555	379	83	27	10	5	2
2019.03	성동구	사근동	7,428	5,233	937	583	502	131	27	12	2	1	-
2019.03	성동구	행당1동	7,358	3,043	1,536	1,366	1,099	244	46	17	6	-	1
2019.03	성동구	행당2동	9,499	2,357	2,318	2,201	2,075	406	106	24	9	2	1
2019.03	성동구	응봉동	6,174	1,609	1,383	1,419	1,350	322	68	15	6	1	1
2019.03	성동구	금호1가동	6,632	2,069	1,649	1,423	1,158	251	66	14	2	-	-
2019.03	성동구	금호4가동	6,518	2,188	1,612	1,436	995	225	45	10	6	-	1
2019.03	성동구	성수1가1동	7,640	3,063	1,646	1,348	1,242	265	57	12	5	1	1
2019.03	성동구	성수1가2동	7,134	3,213	1,489	1,159	988	218	49	12	4	1	1
2019.03	성동구	성수2가1동	8,607	4,155	1,776	1,295	1,077	232	55	13	4	-	-
2019.03	성동구	성수2가3동	5,715	2,907	1,053	826	683	177	53	13	1	2	-
2019.03	성동구	송정동	5,586	2,756	1,148	826	649	164	34	7	1	1	-
2019.03	성동구	용답동	7,440	4,264	1,349	866	744	159	44	12	-	1	1
2019.03	성동구	왕십리도선동	11,754	4,379	2,467	2,321	2,019	429	103	26	10	-	-
2019.03	성동구	금호2.3가동	10,336	3,548	2,539	2,137	1,620	366	89	24	11	1	1
2019.03	성동구	옥수동	10,926	3,144	2,777	2,534	1,887	434	112	28	8	2	-
2019.03	광진구	소계	163,460	71,819	32,883	27,215	24,430	5,437	1,214	327	81	34	20
2019.03	광진구	화양동	15,772	12,252	1,988	770	610	109	33	9	-	-	1
2019.03	광진구	군자동	10,453	5,676	1,985	1,352	1,107	243	61	19	5	3	2
2019.03	광진구	중곡1동	7,988	3,783	1,807	1,275	870	191	41	15	5	1	-
2019.03	광진구	중곡2동	10,315	4,370	2,288	1,799	1,442	318	74	17	3	2	2
2019.03	광진구	중곡3동	8,502	3,880	1,929	1,370	1,004	258	47	11	2	1	-
2019.03	광진구	중곡4동	13,156	4,818	3,000	2,594	2,071	510	126	27	5	3	2
2019.03	광진구	능동	6,184	3,390	1,287	766	520	155	54	8	2	2	-
2019.03	광진구	구의1동	11,683	6,147	2,327	1,621	1,194	306	68	17	3	-	-
2019.03	광진구	구의2동	11,533	3,969	2,553	2,325	2,048	485	104	36	5	5	3
2019.03	광진구	구의3동	12,194	4,029	2,511	2,482	2,481	546	100	27	14	2	2
2019.03	광진구	광장동	12,002	2,145	1,883	2,981	4,066	714	163	34	12	4	-
2019.03	광진구	자양1동	11,427	5,490	2,442	1,682	1,397	317	73	20	2	2	2
2019.03	광진구	자양2동	11,272	3,906	2,488	2,263	2,004	461	102	36	6	3	3
2019.03	광진구	자양3동	11,066	2,818	2,349	2,531	2,635	557	118	37	13	5	3
2019.03	광진구	자양4동	9,913	5,146	2,046	1,404	981	267	50	14	4	1	-
2019.03	동대문구	소계	162,228	73,472	32,710	26,180	22,445	5,601	1,385	320	73	30	12
2019.03	동대문구	회기동	5,959	3,802	857	616	506	138	31	5	3	1	-
2019.03	동대문구	휘경1동	6,795	3,831	1,202	831	703	164	46	14	-	4	-
2019.03	동대문구	휘경2동	11,412	5,245	2,077	1,840	1,690	439	90	23	5	2	1
2019.03	동대문구	청량리동	10,533	4,918	2,310	1,615	1,238	345	90	14	2	-	1
2019.03	동대문구	용신동	16,743	9,737	3,006	1,930	1,545	395	100	25	5	-	-
2019.03	동대문구	제기동	12,984	6,882	2,528	1,727	1,332	374	114	21	3	3	-
2019.03	동대문구	전농1동	14,875	7,123	2,960	2,357	1,852	445	93	28	11	2	4
2019.03	동대문구	전농2동	7,752	2,152	1,855	1,698	1,510	394	110	27	4	-	2
2019.03	동대문구	답십리1동	12,418	4,589	2,620	2,405	2,129	513	122	32	6	1	1
2019.03	동대문구	답십리2동	12,624	4,279	3,026	2,478	2,185	502	118	28	6	2	-
2019.03	동대문구	장안1동	17,289	7,071	3,703	3,091	2,574	648	156	34	8	4	-
2019.03	동대문구	장안2동	12,906	4,392	2,738	2,648	2,394	555	140	29	6	3	1
2019.03	동대문구	이문1동	11,365	6,677	1,917	1,262	1,133	277	74	15	6	3	1
2019.03	동대문구	이문2동	8,573	2,774	1,911	1,682	1,654	412	101	25	8	5	1
2019.03	중랑구	소계	181,182	73,096	40,761	32,577	26,573	6,417	1,317	329	82	18	12
2019.03	중랑구	면목2동	12,214	5,328	2,714	2,025	1,642	399	84	14	7	1	-
2019.03	중랑구	면목4동	9,429	3,982	2,132	1,672	1,275	284	66	15	3	-	-
2019.03	중랑구	면목5동	4,584	1,877	1,087	824	622	141	25	6	2	-	-
2019.03	중랑구	면목7동	10,117	4,234	2,310	1,801	1,372	311	66	16	5	2	-
2019.03	중랑구	상봉1동	10,116	2,996	2,297	2,200	2,103	413	77	24	5	1	-
2019.03	중랑구	상봉2동	10,441	5,847	2,126	1,324	883	190	48	13	7	2	1
2019.03	중랑구	중화1동	8,957	3,140	2,173	1,789	1,414	359	56	17	7	1	1
2019.03	중랑구	중화2동	14,446	7,270	3,183	2,114	1,443	338	72	21	2	2	1
2019.03	중랑구	묵1동	14,565	4,617	3,243	3,057	2,765	670	162	34	14	1	2
2019.03	중랑구	묵2동	9,209	3,826	2,085	1,649	1,249	319	61	12	3	3	2
2019.03	중랑구	망우3동	8,513	3,672	1,990	1,478	1,053	257	50	10	1	2	-
2019.03	중랑구	신내1동	14,717	3,366	3,249	3,185	3,537	1,091	224	57	7	-	1
2019.03	중랑구	신내2동	9,029	2,688	2,209	2,023	1,673	336	76	16	7	-	1
2019.03	중랑구	면목본동	17,537	8,188	3,885	2,854	2,037	458	82	26	4	1	2
2019.03	중랑구	면목3.8동	12,562	5,515	2,871	2,120	1,586	361	81	24	4	-	-
2019.03	중랑구	망우본동	14,746	6,550	3,207	2,462	1,919	490	87	24	4	2	1
2019.03	성북구	소계	188,670	72,444	39,358	34,824	31,829	7,742	1,816	479	106	33	39
2019.03	성북구	돈암1동	6,350	1,781	1,535	1,386	1,261	294	71	18	1	1	2
2019.03	성북구	돈암2동	8,566	1,553	1,774	2,202	2,287	558	132	38	16	3	3
2019.03	성북구	안암동	8,982	5,753	1,399	878	743	160	36	7	2	3	1
2019.03	성북구	보문동	7,947	3,709	1,577	1,292	1,087	226	44	8	2	-	2
2019.03	성북구	정릉1동	7,315	2,157	1,561	1,599	1,506	372	88	26	3	1	2
2019.03	성북구	정릉2동	9,635	2,953	2,269	2,028	1,806	425	110	36	4	1	3
2019.03	성북구	정릉3동	7,732	3,932	1,500	1,078	889	264	54	10	1	1	3
2019.03	성북구	정릉4동	11,010	3,586	2,543	2,311	1,944	469	112	34	10	-	1
2019.03	성북구	길음1동	12,960	2,600	2,421	3,168	3,794	746	179	40	6	1	5
2019.03	성북구	길음2동	5,791	2,118	1,158	1,117	1,063	266	53	15	1	-	-
2019.03	성북구	월곡1동	10,775	3,126	2,389	2,282	2,268	541	133	25	8	2	1
2019.03	성북구	월곡2동	9,058	3,845	1,850	1,545	1,355	346	89	17	7	1	3
2019.03	성북구	장위1동	9,067	3,355	2,119	1,664	1,444	364	83	31	5	1	1
2019.03	성북구	장위2동	6,432	2,494	1,554	1,178	881	241	63	14	6	1	-
2019.03	성북구	장위3동	4,752	1,661	1,026	922	850	232	48	10	2	1	-
2019.03	성북구	성북동	8,028	3,659	1,720	1,203	993	324	86	30	6	1	6
2019.03	성북구	삼선동	12,715	6,173	2,461	1,834	1,696	418	102	21	6	4	-
2019.03	성북구	동선동	9,012	5,637	1,473	962	684	182	52	14	4	3	1
2019.03	성북구	종암동	17,109	6,262	3,482	3,278	3,081	783	157	51	6	5	4
2019.03	성북구	석관동	15,434	6,090	3,547	2,897	2,197	531	124	34	10	3	1
2019.03	강북구	소계	143,663	58,216	33,180	25,447	20,197	5,142	1,105	238	89	24	25
2019.03	강북구	번1동	10,269	5,420	2,137	1,433	989	225	55	5	5	-	-
2019.03	강북구	번2동	7,606	2,619	2,089	1,519	1,034	255	69	14	5	-	2
2019.03	강북구	번3동	7,616	2,171	2,128	1,583	1,270	360	74	26	3	1	-
2019.03	강북구	수유1동	10,347	4,622	2,293	1,718	1,276	340	73	12	8	1	4
2019.03	강북구	수유2동	9,519	3,339	2,416	1,828	1,425	390	88	23	7	1	2
2019.03	강북구	수유3동	12,658	6,669	2,570	1,850	1,197	286	61	15	4	4	2
2019.03	강북구	삼양동	11,665	4,580	2,703	2,153	1,660	456	81	17	10	3	2
2019.03	강북구	미아동	11,318	5,541	2,435	1,675	1,269	312	64	11	7	3	1
2019.03	강북구	송중동	12,998	5,524	2,818	2,215	1,813	487	99	31	6	2	3
2019.03	강북구	송천동	13,763	6,145	3,126	2,247	1,709	436	74	15	8	1	2
2019.03	강북구	삼각산동	11,827	2,532	2,457	2,742	3,220	701	133	29	9	3	1
2019.03	강북구	우이동	9,491	3,504	2,385	1,785	1,338	358	93	14	6	4	4
2019.03	강북구	인수동	14,586	5,550	3,623	2,699	1,997	536	141	26	11	1	2
2019.03	도봉구	소계	138,175	43,637	32,807	28,805	25,073	6,011	1,363	341	90	35	13
2019.03	도봉구	쌍문1동	9,199	3,017	2,224	1,886	1,518	414	106	23	8	2	1
2019.03	도봉구	쌍문2동	8,638	2,937	2,184	1,742	1,347	320	84	20	1	-	3
2019.03	도봉구	쌍문3동	7,786	3,066	1,859	1,420	1,092	273	55	16	4	-	1
2019.03	도봉구	쌍문4동	7,160	1,473	1,580	1,697	1,894	421	76	12	5	2	-
2019.03	도봉구	방학1동	12,823	4,588	2,952	2,420	2,118	578	123	34	4	6	-
2019.03	도봉구	방학2동	9,546	3,694	2,309	1,790	1,320	329	80	19	2	3	-
2019.03	도봉구	방학3동	10,095	1,778	2,304	2,545	2,643	623	147	38	12	3	2
2019.03	도봉구	창1동	10,928	3,519	2,531	2,293	2,051	415	92	23	2	2	-
2019.03	도봉구	창2동	12,409	3,680	2,979	2,746	2,257	543	143	40	15	6	-
2019.03	도봉구	창3동	6,680	2,532	1,652	1,233	959	240	47	15	2	-	-
2019.03	도봉구	창4동	10,607	2,750	2,238	2,377	2,530	563	107	26	14	1	1
2019.03	도봉구	창5동	9,863	2,540	2,264	2,322	2,136	464	97	26	9	5	-
2019.03	도봉구	도봉1동	10,280	4,054	2,653	1,828	1,260	372	73	26	6	4	4
2019.03	도봉구	도봉2동	12,161	4,009	3,078	2,506	1,948	456	133	23	6	1	1
2019.03	노원구	소계	217,748	68,326	47,973	44,698	44,633	9,655	1,869	399	128	46	21
2019.03	노원구	월계1동	10,532	4,335	2,189	1,796	1,653	451	84	19	5	-	-
2019.03	노원구	월계2동	11,246	3,797	2,885	2,178	1,833	429	100	16	4	3	1
2019.03	노원구	월계3동	12,985	3,611	3,489	2,881	2,343	501	119	27	11	2	1
2019.03	노원구	공릉2동	16,264	5,402	3,035	3,256	3,587	770	157	36	9	11	1
2019.03	노원구	하계1동	12,505	4,874	2,346	2,190	2,442	517	95	18	18	1	4
2019.03	노원구	하계2동	8,311	1,569	1,786	2,009	2,376	463	86	15	5	2	-
2019.03	노원구	중계본동	9,141	2,115	1,408	1,952	2,817	686	124	27	9	2	1
2019.03	노원구	중계1동	9,125	1,410	1,302	2,319	3,358	620	85	22	8	1	-
2019.03	노원구	중계4동	8,481	2,444	1,970	1,687	1,877	398	81	19	2	2	1
2019.03	노원구	상계1동	15,606	4,319	3,549	3,383	3,258	875	172	33	9	3	5
2019.03	노원구	상계2동	8,771	3,086	1,717	1,653	1,817	383	87	19	7	1	1
2019.03	노원구	상계5동	11,070	3,862	2,635	2,180	1,825	444	88	22	8	5	1
2019.03	노원구	상계8동	9,283	2,203	2,232	2,335	2,082	358	56	15	2	-	-
2019.03	노원구	상계9동	8,473	2,008	2,094	2,039	1,936	320	59	15	-	2	-
2019.03	노원구	상계10동	6,624	1,691	1,715	1,549	1,397	210	47	11	1	2	1
2019.03	노원구	상계3.4동	11,635	4,506	2,804	2,010	1,692	475	113	22	11	2	-
2019.03	노원구	상계6.7동	14,071	4,194	3,241	3,068	2,917	554	70	20	3	2	2
2019.03	노원구	중계2.3동	15,471	4,788	3,915	3,225	2,815	602	100	17	6	1	2
2019.03	노원구	공릉1동	18,154	8,112	3,661	2,988	2,608	599	146	26	10	4	-
2019.03	은평구	소계	206,527	74,688	47,413	39,441	33,671	8,633	1,998	484	132	33	34
2019.03	은평구	녹번동	16,649	6,500	3,961	3,065	2,392	578	112	34	5	1	1
2019.03	은평구	불광1동	17,761	6,379	4,235	3,561	2,741	636	155	43	8	3	-
2019.03	은평구	갈현1동	11,180	4,410	2,680	2,021	1,562	386	91	20	6	3	1
2019.03	은평구	갈현2동	12,618	4,194	2,983	2,624	2,154	507	115	29	10	-	2
2019.03	은평구	구산동	12,981	3,834	3,117	2,735	2,432	655	149	34	16	1	8
2019.03	은평구	대조동	15,656	7,359	3,467	2,450	1,797	426	124	27	4	1	1
2019.03	은평구	응암1동	11,342	4,627	2,460	1,993	1,711	416	98	19	8	3	7
2019.03	은평구	응암2동	8,434	2,457	1,908	1,889	1,664	398	82	19	9	6	2
2019.03	은평구	신사1동	11,695	3,623	2,820	2,506	2,098	484	116	34	7	5	2
2019.03	은평구	신사2동	9,185	3,103	2,119	1,833	1,593	402	100	28	5	1	1
2019.03	은평구	증산동	6,900	2,446	1,638	1,272	1,148	319	55	18	4	-	-
2019.03	은평구	수색동	4,429	1,613	1,066	828	679	177	51	12	2	1	-
2019.03	은평구	진관동	20,677	5,408	4,016	4,186	5,042	1,570	362	66	20	3	4
2019.03	은평구	불광2동	13,721	5,768	3,279	2,352	1,740	441	102	25	10	3	1
2019.03	은평구	응암3동	12,546	5,745	2,806	1,994	1,510	365	91	27	5	-	3
2019.03	은평구	역촌동	20,753	7,222	4,858	4,132	3,408	873	195	49	13	2	1
2019.03	서대문구	소계	139,811	58,084	29,183	24,505	21,157	5,230	1,184	344	83	26	15
2019.03	서대문구	천연동	8,231	3,315	1,702	1,513	1,324	295	55	20	3	2	2
2019.03	서대문구	홍제1동	10,090	3,359	2,386	2,048	1,708	449	94	31	8	5	2
2019.03	서대문구	홍제3동	7,074	2,606	1,659	1,325	1,115	283	68	10	7	1	-
2019.03	서대문구	홍제2동	5,837	1,703	1,400	1,289	1,121	252	46	16	5	1	4
2019.03	서대문구	홍은1동	9,653	3,222	2,176	1,945	1,719	449	107	28	4	-	3
2019.03	서대문구	홍은2동	12,188	4,693	2,730	2,222	1,880	480	118	47	15	3	-
2019.03	서대문구	남가좌1동	6,100	1,466	1,208	1,464	1,483	370	81	23	2	2	1
2019.03	서대문구	남가좌2동	11,208	4,564	2,411	1,964	1,748	405	84	25	4	3	-
2019.03	서대문구	북가좌1동	6,995	1,553	1,606	1,672	1,633	404	99	16	10	1	1
2019.03	서대문구	북가좌2동	14,766	5,455	3,472	2,810	2,310	550	126	39	4	-	-
2019.03	서대문구	충현동	8,824	4,431	1,685	1,254	1,073	285	73	19	3	1	-
2019.03	서대문구	북아현동	7,559	2,876	1,640	1,499	1,228	251	49	11	3	2	-
2019.03	서대문구	신촌동	12,269	9,047	1,508	849	638	155	48	17	4	1	2
2019.03	서대문구	연희동	19,017	9,794	3,600	2,651	2,177	602	136	42	11	4	-
2019.03	마포구	소계	173,517	76,622	35,589	28,611	25,069	5,872	1,259	340	98	32	25
2019.03	마포구	용강동	9,143	3,154	1,936	1,886	1,687	367	81	23	6	3	-
2019.03	마포구	대흥동	7,169	4,745	1,176	595	513	110	19	7	1	-	3
2019.03	마포구	염리동	5,723	2,465	1,187	978	842	189	44	12	5	-	1
2019.03	마포구	신수동	9,229	3,581	1,890	1,730	1,586	328	80	25	8	1	-
2019.03	마포구	서교동	14,041	8,579	2,454	1,494	1,127	290	66	22	6	3	-
2019.03	마포구	합정동	9,602	4,939	2,109	1,275	982	214	57	14	4	2	6
2019.03	마포구	망원1동	10,691	5,057	2,377	1,556	1,289	320	65	22	2	2	1
2019.03	마포구	망원2동	8,281	3,002	1,890	1,518	1,440	342	65	16	6	2	-
2019.03	마포구	연남동	8,661	4,752	1,768	1,057	797	220	47	11	5	1	3
2019.03	마포구	성산1동	9,332	4,108	2,047	1,512	1,215	340	74	24	6	3	3
2019.03	마포구	성산2동	18,627	7,734	3,830	3,229	2,955	700	138	28	10	2	1
2019.03	마포구	상암동	12,856	4,189	2,440	2,503	2,714	787	163	42	13	4	1
2019.03	마포구	도화동	9,631	3,609	2,037	1,829	1,638	391	92	25	5	3	2
2019.03	마포구	서강동	11,567	5,154	2,221	1,943	1,767	381	66	24	8	1	2
2019.03	마포구	공덕동	18,798	8,385	3,960	3,161	2,590	536	125	28	10	3	-
2019.03	마포구	아현동	10,166	3,169	2,267	2,345	1,927	357	77	17	3	2	2
2019.03	양천구	소계	176,680	49,104	36,876	38,351	40,685	9,109	1,893	457	134	40	31
2019.03	양천구	목1동	10,476	1,586	1,677	2,813	3,532	663	147	43	11	3	1
2019.03	양천구	목2동	12,946	4,360	2,867	2,584	2,393	584	121	24	7	1	5
2019.03	양천구	목3동	9,849	3,470	2,327	1,988	1,601	336	89	30	4	3	1
2019.03	양천구	목4동	10,148	2,857	1,864	2,116	2,584	570	116	30	7	2	2
2019.03	양천구	신월1동	10,121	4,261	2,311	1,797	1,328	321	79	19	3	2	-
2019.03	양천구	신월2동	8,700	2,388	2,028	1,906	1,726	478	121	40	7	3	3
2019.03	양천구	신월3동	8,235	3,911	1,810	1,259	898	277	64	12	1	1	2
2019.03	양천구	신월4동	6,859	1,451	1,541	1,670	1,616	439	113	22	5	2	-
2019.03	양천구	신월5동	6,377	2,098	1,459	1,301	1,142	289	66	19	1	2	-
2019.03	양천구	신월6동	2,540	666	573	548	564	147	32	8	1	1	-
2019.03	양천구	신월7동	9,266	2,893	2,498	1,942	1,512	319	78	17	6	-	1
2019.03	양천구	신정1동	7,226	1,384	1,216	1,655	2,341	508	95	15	9	-	3
2019.03	양천구	신정2동	7,170	1,537	1,294	1,497	2,219	525	75	15	3	3	2
2019.03	양천구	신정3동	17,733	4,247	3,942	3,908	4,209	1,146	211	45	17	4	4
2019.03	양천구	신정6동	8,156	1,016	1,409	2,265	2,819	525	93	14	12	2	1
2019.03	양천구	신정7동	11,386	2,814	2,491	2,577	2,843	517	102	28	14	-	-
2019.03	양천구	목5동	13,525	1,601	2,022	3,629	5,143	885	175	43	16	8	3
2019.03	양천구	신정4동	15,967	6,564	3,547	2,896	2,215	580	116	33	10	3	3
2019.03	강서구	소계	260,152	99,455	57,509	48,042	42,138	10,148	2,123	542	126	45	24
2019.03	강서구	염창동	14,649	3,206	2,784	3,658	4,026	801	133	35	3	2	1
2019.03	강서구	등촌1동	11,918	6,250	2,132	1,694	1,459	303	58	19	1	2	-
2019.03	강서구	등촌2동	8,611	2,482	1,984	1,885	1,701	416	98	31	10	4	-
2019.03	강서구	등촌3동	14,804	5,495	3,941	2,671	2,136	451	82	22	5	1	-
2019.03	강서구	화곡본동	16,338	6,740	3,666	2,954	2,253	550	120	36	14	4	1
2019.03	강서구	화곡2동	8,264	2,775	2,013	1,699	1,298	390	62	17	7	2	1
2019.03	강서구	화곡3동	9,373	3,182	2,099	1,905	1,621	425	114	20	4	1	2
2019.03	강서구	화곡4동	9,717	3,521	2,419	1,908	1,408	353	83	21	2	2	-
2019.03	강서구	화곡6동	11,289	4,804	2,402	1,928	1,629	402	92	20	5	2	5
2019.03	강서구	화곡8동	11,592	4,174	3,002	2,204	1,674	414	93	27	2	2	-
2019.03	강서구	가양1동	18,532	11,439	2,531	2,045	1,934	471	83	23	4	-	2
2019.03	강서구	가양2동	8,091	3,893	2,176	1,172	635	152	44	11	4	3	1
2019.03	강서구	가양3동	7,913	3,089	2,447	1,417	740	179	30	9	2	-	-
2019.03	강서구	발산1동	13,428	2,581	2,875	3,115	3,712	907	186	39	7	4	2
2019.03	강서구	공항동	12,797	5,531	2,669	2,184	1,823	481	88	17	3	-	1
2019.03	강서구	방화1동	17,446	4,862	3,759	3,633	3,842	1,056	219	57	13	4	1
2019.03	강서구	방화2동	11,595	5,366	2,553	1,803	1,368	382	88	26	5	-	4
2019.03	강서구	방화3동	11,247	4,436	2,849	2,034	1,439	361	99	19	7	3	-
2019.03	강서구	화곡1동	25,922	11,676	5,985	4,401	2,911	723	160	49	11	4	2
2019.03	강서구	우장산동	16,626	3,953	3,223	3,732	4,529	931	191	44	17	5	1
2019.03	구로구	소계	173,585	63,913	38,955	32,485	28,868	7,236	1,594	379	101	35	19
2019.03	구로구	신도림동	13,445	2,917	2,854	3,348	3,392	708	172	40	9	4	1
2019.03	구로구	구로1동	7,832	1,712	1,785	1,866	1,980	404	62	15	5	2	1
2019.03	구로구	구로3동	13,347	7,721	2,214	1,641	1,326	340	69	26	6	3	1
2019.03	구로구	구로4동	10,630	4,945	2,551	1,650	1,146	257	62	9	8	2	-
2019.03	구로구	구로5동	14,367	6,751	2,852	2,267	1,889	453	111	33	9	1	1
2019.03	구로구	고척1동	9,553	2,864	2,148	1,997	1,977	433	101	24	6	3	-
2019.03	구로구	고척2동	11,653	3,663	2,716	2,351	2,259	521	116	20	5	2	-
2019.03	구로구	개봉2동	12,625	3,093	3,180	2,935	2,531	672	165	39	6	3	1
2019.03	구로구	개봉3동	8,801	2,594	2,234	1,921	1,571	389	75	12	4	1	-
2019.03	구로구	오류1동	10,659	4,978	2,350	1,623	1,257	351	74	13	7	1	5
2019.03	구로구	오류2동	18,086	5,164	4,279	3,626	3,614	1,096	227	57	14	4	5
2019.03	구로구	수궁동	9,857	2,727	2,489	2,145	1,839	508	119	24	3	3	-
2019.03	구로구	가리봉동	5,896	3,874	1,039	524	335	97	19	4	3	-	1
2019.03	구로구	구로2동	12,834	6,153	2,888	1,897	1,396	371	84	31	9	4	1
2019.03	구로구	개봉1동	14,000	4,757	3,376	2,694	2,356	636	138	32	7	2	2
2019.03	금천구	소계	108,823	47,816	23,287	17,916	14,930	3,716	868	204	49	21	16
2019.03	금천구	가산동	13,446	9,541	1,742	1,122	791	184	55	7	2	2	-
2019.03	금천구	독산1동	18,878	8,723	3,665	2,996	2,637	657	149	37	7	2	5
2019.03	금천구	독산2동	9,327	3,958	2,173	1,622	1,227	268	60	14	2	1	2
2019.03	금천구	독산3동	12,253	5,565	2,778	1,946	1,510	348	80	17	4	5	-
2019.03	금천구	독산4동	7,615	3,275	1,740	1,285	979	255	61	13	3	2	2
2019.03	금천구	시흥1동	15,704	6,459	3,509	2,713	2,310	567	101	37	4	2	2
2019.03	금천구	시흥2동	8,432	2,021	2,005	1,840	1,896	488	141	29	8	1	3
2019.03	금천구	시흥3동	4,721	1,428	1,219	995	790	220	50	14	4	1	-
2019.03	금천구	시흥4동	9,095	3,062	2,197	1,807	1,515	387	91	20	10	5	1
2019.03	금천구	시흥5동	9,352	3,784	2,259	1,590	1,275	342	80	16	5	-	1
2019.03	영등포구	소계	172,828	78,519	34,372	28,230	24,390	5,618	1,248	305	91	23	32
2019.03	영등포구	여의동	13,217	3,774	2,866	2,975	2,812	580	144	39	17	5	5
2019.03	영등포구	당산1동	10,410	5,180	2,098	1,558	1,191	282	78	14	5	1	3
2019.03	영등포구	당산2동	17,156	8,468	2,882	2,655	2,435	537	130	34	13	1	1
2019.03	영등포구	양평1동	8,729	4,123	1,912	1,379	1,019	224	48	18	3	3	-
2019.03	영등포구	양평2동	10,058	4,111	2,035	1,798	1,655	358	77	16	4	1	3
2019.03	영등포구	신길1동	9,784	5,794	1,780	1,129	809	217	38	11	4	1	1
2019.03	영등포구	신길3동	7,281	2,874	1,527	1,336	1,174	309	44	12	3	1	1
2019.03	영등포구	신길4동	4,303	1,872	958	724	569	144	28	4	4	-	-
2019.03	영등포구	신길5동	4,351	1,839	995	733	580	150	42	9	-	1	2
2019.03	영등포구	신길6동	8,410	3,604	1,784	1,430	1,199	305	59	18	4	1	6
2019.03	영등포구	신길7동	6,570	1,946	1,296	1,355	1,533	349	66	19	4	1	1
2019.03	영등포구	대림1동	6,422	3,008	1,420	958	792	186	42	13	2	-	1
2019.03	영등포구	대림2동	6,838	3,582	1,541	878	610	170	45	8	4	-	-
2019.03	영등포구	대림3동	10,592	3,980	2,413	1,990	1,679	397	101	24	6	2	-
2019.03	영등포구	영등포본동	10,199	4,450	1,990	1,767	1,540	366	63	15	4	1	3
2019.03	영등포구	영등포동	16,709	11,895	2,160	1,316	1,042	223	57	9	4	-	3
2019.03	영등포구	도림동	9,296	4,386	2,062	1,442	1,061	263	60	16	5	1	-
2019.03	영등포구	문래동	12,503	3,633	2,653	2,807	2,690	558	126	26	5	3	2
2019.03	동작구	소계	179,709	75,444	36,978	31,136	27,572	6,588	1,458	384	98	32	19
2019.03	동작구	노량진2동	7,230	4,079	1,428	926	611	137	36	8	4	1	-
2019.03	동작구	상도1동	21,286	9,600	3,871	3,616	3,246	740	160	41	8	2	2
2019.03	동작구	상도2동	12,733	5,079	2,646	2,273	2,120	470	116	23	4	1	1
2019.03	동작구	상도3동	11,733	4,974	2,534	2,093	1,571	411	97	36	11	4	2
2019.03	동작구	상도4동	13,377	5,279	3,049	2,448	2,017	470	84	24	4	-	2
2019.03	동작구	사당1동	12,909	7,273	2,563	1,598	1,135	261	60	10	6	3	-
2019.03	동작구	사당3동	10,776	3,475	2,457	2,235	1,989	465	107	35	7	3	3
2019.03	동작구	사당4동	6,971	3,029	1,559	1,158	936	225	40	16	6	2	-
2019.03	동작구	사당5동	5,740	2,247	1,222	1,078	940	198	42	9	2	2	-
2019.03	동작구	대방동	16,999	6,791	3,156	2,877	3,208	731	164	55	9	4	4
2019.03	동작구	신대방1동	9,857	3,508	1,936	1,791	1,978	498	112	23	7	1	3
2019.03	동작구	신대방2동	9,195	4,007	1,712	1,483	1,466	397	91	32	6	1	-
2019.03	동작구	흑석동	14,106	5,464	2,915	2,691	2,330	574	100	21	8	3	-
2019.03	동작구	노량진1동	14,886	6,503	3,112	2,486	2,092	534	121	25	8	4	1
2019.03	동작구	사당2동	11,911	4,136	2,818	2,383	1,933	477	128	26	8	1	1
2019.03	관악구	소계	265,360	146,519	48,887	33,531	27,545	6,736	1,554	405	123	34	26
2019.03	관악구	보라매동	12,238	5,660	2,690	1,897	1,517	369	84	13	2	3	3
2019.03	관악구	청림동	6,576	1,981	1,553	1,473	1,215	268	60	15	7	2	2
2019.03	관악구	행운동	16,956	10,293	2,907	1,839	1,430	358	101	18	8	1	1
2019.03	관악구	낙성대동	10,739	7,471	1,460	880	681	177	52	11	5	-	2
2019.03	관악구	중앙동	9,113	5,814	1,542	861	673	171	43	5	1	2	1
2019.03	관악구	인헌동	13,970	7,495	2,655	1,843	1,498	370	77	27	5	-	-
2019.03	관악구	남현동	9,279	4,568	1,872	1,381	1,099	267	58	21	8	2	3
2019.03	관악구	서원동	13,576	8,328	2,525	1,437	948	256	61	13	7	1	-
2019.03	관악구	신원동	10,425	5,920	2,142	1,224	883	187	46	16	2	3	2
2019.03	관악구	서림동	14,273	9,145	2,257	1,409	1,086	281	65	23	6	-	1
2019.03	관악구	신사동	13,154	7,945	2,299	1,467	1,120	245	57	14	6	-	1
2019.03	관악구	신림동	16,495	13,320	1,946	685	418	92	29	4	-	1	-
2019.03	관악구	난향동	6,489	1,890	1,492	1,344	1,330	324	79	23	4	1	2
2019.03	관악구	조원동	10,088	6,185	1,778	1,045	852	161	39	17	8	3	-
2019.03	관악구	대학동	15,818	11,671	1,806	1,169	870	226	63	10	3	-	-
2019.03	관악구	은천동	15,745	6,454	3,461	2,686	2,415	543	140	29	12	2	3
2019.03	관악구	성현동	12,998	3,917	3,040	2,624	2,596	652	121	33	12	2	1
2019.03	관악구	청룡동	19,044	13,688	2,505	1,331	1,121	305	68	21	3	1	1
2019.03	관악구	난곡동	12,779	4,884	3,080	2,335	1,887	441	107	33	10	1	1
2019.03	관악구	삼성동	11,505	4,570	2,712	1,982	1,645	462	97	27	5	5	-
2019.03	관악구	미성동	14,100	5,320	3,165	2,619	2,261	581	107	32	9	4	2
2019.03	서초구	소계	172,929	57,537	34,094	34,115	35,597	8,671	2,098	534	184	56	43
2019.03	서초구	서초1동	9,233	3,773	1,748	1,607	1,536	399	122	32	14	2	-
2019.03	서초구	서초2동	8,191	3,580	1,461	1,393	1,358	291	81	15	8	2	2
2019.03	서초구	서초3동	13,300	5,464	2,563	2,307	2,132	590	171	39	21	8	5
2019.03	서초구	서초4동	10,987	2,356	1,895	2,582	3,316	650	131	45	7	3	2
2019.03	서초구	잠원동	13,946	4,689	2,614	2,919	2,990	577	115	22	13	5	2
2019.03	서초구	반포본동	4,185	755	814	976	1,295	264	60	15	4	1	1
2019.03	서초구	반포1동	14,368	6,300	2,276	2,296	2,652	644	151	31	11	7	-
2019.03	서초구	반포2동	5,191	760	831	1,295	1,701	473	95	23	9	2	2
2019.03	서초구	반포3동	6,971	1,282	1,338	1,815	2,040	394	70	23	6	-	3
2019.03	서초구	반포4동	7,412	1,914	1,505	1,769	1,660	416	102	26	10	8	2
2019.03	서초구	방배본동	7,907	2,091	1,537	1,700	1,921	495	114	33	10	2	4
2019.03	서초구	방배1동	7,592	2,855	1,681	1,426	1,231	293	77	18	7	1	3
2019.03	서초구	방배2동	8,980	3,149	2,058	1,705	1,559	390	79	26	4	4	6
2019.03	서초구	방배3동	8,470	2,241	1,850	1,901	1,894	437	103	30	11	-	3
2019.03	서초구	방배4동	9,802	3,394	2,004	1,796	1,969	469	130	29	8	1	2
2019.03	서초구	양재1동	18,259	5,903	3,936	3,433	3,481	1,124	285	73	19	4	1
2019.03	서초구	양재2동	10,905	4,973	2,223	1,664	1,493	400	108	26	13	2	3
2019.03	서초구	내곡동	7,230	2,058	1,760	1,531	1,369	365	104	28	9	4	2
2019.03	강남구	소계	229,546	89,384	42,759	40,917	43,407	9,937	2,256	605	170	75	36
2019.03	강남구	신사동	7,520	2,936	1,569	1,311	1,249	315	92	21	18	6	3
2019.03	강남구	논현1동	14,209	9,255	2,465	1,253	879	260	58	26	8	3	2
2019.03	강남구	논현2동	11,367	6,096	2,114	1,556	1,220	278	75	20	7	1	-
2019.03	강남구	삼성1동	5,923	1,961	1,208	1,166	1,173	292	89	25	6	2	1
2019.03	강남구	삼성2동	13,282	5,647	2,299	2,291	2,355	497	133	43	10	4	3
2019.03	강남구	대치1동	7,421	573	899	1,951	3,151	662	127	40	8	8	2
2019.03	강남구	대치4동	10,142	5,235	1,660	1,416	1,422	318	73	13	4	-	1
2019.03	강남구	역삼1동	23,182	16,262	3,509	1,744	1,180	344	97	31	11	4	-
2019.03	강남구	역삼2동	14,966	5,885	2,280	2,789	3,180	642	129	35	11	6	9
2019.03	강남구	도곡1동	8,538	2,474	1,543	1,836	2,093	446	104	28	10	3	1
2019.03	강남구	도곡2동	11,913	2,269	2,296	3,013	3,448	708	142	30	4	1	2
2019.03	강남구	개포1동	2,879	912	632	522	614	163	26	6	3	1	-
2019.03	강남구	개포4동	7,809	2,937	1,541	1,423	1,459	354	68	18	5	1	3
2019.03	강남구	일원본동	8,230	1,502	1,456	2,004	2,633	505	94	24	7	4	1
2019.03	강남구	일원1동	7,565	3,099	1,729	1,325	1,024	306	65	15	2	-	-
2019.03	강남구	일원2동	7,210	2,128	1,734	1,519	1,482	291	42	12	1	-	1
2019.03	강남구	수서동	7,833	3,223	2,281	1,299	764	193	56	10	3	3	1
2019.03	강남구	세곡동	17,693	5,710	3,715	3,238	3,455	1,173	313	67	14	7	1
2019.03	강남구	압구정동	10,739	2,996	2,351	2,408	2,284	519	127	33	10	9	2
2019.03	강남구	청담동	12,475	4,612	2,426	2,383	2,282	553	146	46	16	8	3
2019.03	강남구	대치2동	13,111	2,438	2,006	3,181	4,455	825	143	50	9	4	-
2019.03	강남구	개포2동	5,539	1,234	1,046	1,289	1,605	293	57	12	3	-	-
2019.03	송파구	소계	276,815	93,164	57,307	55,434	55,117	12,222	2,693	610	192	47	29
2019.03	송파구	풍납1동	6,714	2,520	1,634	1,227	1,056	210	53	8	5	1	-
2019.03	송파구	풍납2동	10,481	3,911	1,997	2,093	1,941	406	97	27	9	-	-
2019.03	송파구	거여1동	5,437	1,794	1,251	1,052	1,023	243	62	8	3	-	1
2019.03	송파구	거여2동	7,207	2,461	1,772	1,417	1,204	257	75	14	3	1	3
2019.03	송파구	마천1동	9,161	3,550	2,084	1,559	1,406	448	86	24	3	1	-
2019.03	송파구	마천2동	8,678	3,064	2,092	1,659	1,379	363	95	16	9	-	1
2019.03	송파구	방이1동	6,186	1,765	1,173	1,317	1,481	340	84	17	7	1	1
2019.03	송파구	방이2동	13,120	6,830	2,632	1,824	1,421	329	64	16	2	1	1
2019.03	송파구	오륜동	5,987	658	1,035	1,588	2,126	464	82	24	6	2	2
2019.03	송파구	오금동	15,590	4,210	3,437	3,526	3,357	834	176	41	8	1	-
2019.03	송파구	송파1동	12,358	5,721	2,635	1,924	1,544	397	95	33	6	2	1
2019.03	송파구	송파2동	7,275	1,477	1,492	1,746	1,969	456	101	23	8	3	-
2019.03	송파구	석촌동	16,672	8,158	3,475	2,493	1,946	447	120	19	9	5	-
2019.03	송파구	삼전동	16,293	8,107	3,262	2,432	1,941	437	84	21	4	2	3
2019.03	송파구	가락본동	11,796	4,404	2,450	2,251	2,081	490	89	24	5	-	2
2019.03	송파구	가락1동	7,140	1,293	1,612	1,863	1,945	330	76	14	4	1	2
2019.03	송파구	가락2동	12,253	2,781	2,448	2,947	3,223	653	154	38	8	-	1
2019.03	송파구	문정1동	8,535	2,731	1,837	1,752	1,693	403	86	19	10	4	-
2019.03	송파구	문정2동	15,387	8,345	2,738	1,964	1,827	365	104	25	14	2	3
2019.03	송파구	장지동	13,409	3,681	3,134	2,978	2,761	670	139	36	9	1	-
2019.03	송파구	위례동	9,012	1,041	1,720	2,343	2,902	800	164	28	10	4	-
2019.03	송파구	잠실본동	14,844	7,709	2,898	2,106	1,622	382	97	21	8	-	1
2019.03	송파구	잠실4동	9,604	1,652	1,986	2,630	2,686	502	117	17	10	4	-
2019.03	송파구	잠실6동	5,922	947	1,310	1,586	1,584	381	73	27	7	5	2
2019.03	송파구	잠실7동	3,477	505	790	884	1,023	214	39	14	7	1	-
2019.03	송파구	잠실2동	11,999	1,869	1,857	3,037	4,360	701	141	24	7	2	1
2019.03	송파구	잠실3동	12,278	1,980	2,556	3,236	3,616	700	140	32	11	3	4
2019.03	강동구	소계	177,140	62,049	38,116	34,351	32,595	7,810	1,635	415	110	32	27
2019.03	강동구	강일동	11,196	2,192	2,545	2,229	2,898	1,095	190	36	8	2	1
2019.03	강동구	상일동	4,185	1,154	872	938	925	222	49	16	7	-	2
2019.03	강동구	명일1동	8,148	1,950	1,668	1,916	2,019	456	103	22	10	2	2
2019.03	강동구	명일2동	5,963	1,073	1,032	1,307	1,985	447	85	24	9	1	-
2019.03	강동구	고덕1동	9,106	1,551	1,654	2,251	2,892	612	108	24	5	3	6
2019.03	강동구	고덕2동	3,401	1,466	776	566	436	119	26	7	3	-	2
2019.03	강동구	암사2동	5,880	1,803	1,318	1,271	1,199	217	56	10	3	2	1
2019.03	강동구	암사3동	6,369	1,040	1,328	1,635	1,816	401	97	30	14	3	5
2019.03	강동구	천호1동	12,828	5,049	2,957	2,396	1,860	444	88	23	8	2	1
2019.03	강동구	천호3동	13,661	6,463	2,921	2,182	1,602	379	82	27	3	1	1
2019.03	강동구	성내1동	8,204	2,380	1,844	1,823	1,656	406	69	22	2	1	1
2019.03	강동구	성내2동	12,450	6,011	2,751	1,958	1,312	318	74	18	5	3	-
2019.03	강동구	성내3동	10,147	3,714	2,209	1,964	1,777	391	67	19	3	2	1
2019.03	강동구	둔촌1동	175	122	22	13	14	2	2	-	-	-	-
2019.03	강동구	둔촌2동	11,165	3,476	2,405	2,329	2,330	499	95	27	2	1	1
2019.03	강동구	암사1동	16,294	6,147	3,681	3,085	2,630	570	134	34	11	1	1
2019.03	강동구	천호2동	17,654	8,520	3,832	2,717	2,007	432	111	27	7	1	-
2019.03	강동구	길동	20,314	7,938	4,301	3,771	3,237	800	199	49	10	7	2