기간	자치구	행정동	전체세대수	1인세대	2인세대	3인세대	4인세대	5인세대	6인세대	7인세대	8인세대	9인세대	10인세대 이상
2019.04	합계	합계	4,296,066	1,712,532	902,137	768,939	696,941	165,464	36,880	9,188	2,560	823	602
2019.04	종로구	소계	73,861	36,306	13,985	10,907	9,188	2,586	611	184	53	26	15
2019.04	종로구	사직동	4,546	2,205	884	687	539	163	29	27	7	2	3
2019.04	종로구	삼청동	1,398	743	246	182	148	55	17	6	1	-	-
2019.04	종로구	부암동	4,295	1,628	946	748	698	192	56	16	6	2	3
2019.04	종로구	평창동	7,523	2,418	1,663	1,493	1,404	420	84	24	8	8	1
2019.04	종로구	무악동	3,134	720	681	713	789	181	35	7	4	1	3
2019.04	종로구	교남동	4,570	1,588	1,130	894	750	156	30	14	6	2	-
2019.04	종로구	가회동	2,048	913	435	347	250	71	23	7	1	-	1
2019.04	종로구	종로1.2.3.4가동	5,280	4,180	518	297	209	56	12	6	2	-	-
2019.04	종로구	종로5·6가동	3,194	2,122	491	300	200	61	14	3	1	2	-
2019.04	종로구	이화동	4,494	2,693	781	512	369	106	23	8	1	1	-
2019.04	종로구	창신1동	2,963	1,727	570	340	217	86	18	5	-	-	-
2019.04	종로구	창신2동	4,148	1,923	874	650	496	158	36	8	2	1	-
2019.04	종로구	창신3동	2,896	879	674	637	484	182	34	1	4	1	-
2019.04	종로구	숭인1동	2,988	1,353	645	480	366	103	31	8	2	-	-
2019.04	종로구	숭인2동	5,758	3,741	920	557	404	102	25	7	2	-	-
2019.04	종로구	청운효자동	5,383	1,954	1,117	1,003	967	241	76	19	2	4	-
2019.04	종로구	혜화동	9,243	5,519	1,410	1,067	898	253	68	18	4	2	4
2019.04	중구	소계	61,879	30,210	12,847	9,235	7,185	1,762	456	118	32	15	19
2019.04	중구	소공동	1,110	631	194	156	103	18	6	-	-	-	2
2019.04	중구	회현동	3,252	2,203	444	293	221	68	12	9	2	-	-
2019.04	중구	명동	1,404	937	205	138	88	23	7	2	1	-	3
2019.04	중구	필동	2,318	1,430	414	232	173	52	10	5	1	-	1
2019.04	중구	장충동	2,683	1,652	465	246	226	70	18	2	1	1	2
2019.04	중구	광희동	2,925	1,849	520	280	197	50	23	4	1	-	1
2019.04	중구	을지로동	1,307	1,039	147	68	38	10	3	2	-	-	-
2019.04	중구	신당5동	4,532	2,149	923	717	554	132	40	12	4	1	-
2019.04	중구	황학동	6,674	3,573	1,399	893	608	153	38	7	1	1	1
2019.04	중구	중림동	5,848	2,456	1,257	1,075	829	164	48	14	5	-	-
2019.04	중구	신당동	4,446	2,736	809	456	340	73	23	5	2	2	-
2019.04	중구	다산동	6,952	3,110	1,607	1,080	888	200	46	12	4	2	3
2019.04	중구	약수동	7,789	2,802	2,005	1,553	1,066	277	62	17	3	1	3
2019.04	중구	청구동	6,444	2,479	1,525	1,173	963	235	50	8	3	6	2
2019.04	중구	동화동	4,195	1,164	933	875	891	237	70	19	4	1	1
2019.04	용산구	소계	109,378	51,264	22,500	16,904	13,861	3,610	901	217	67	30	24
2019.04	용산구	후암동	8,563	3,992	1,715	1,396	1,060	299	73	14	4	6	4
2019.04	용산구	용산2가동	5,499	2,788	1,228	778	528	137	30	9	1	-	-
2019.04	용산구	남영동	5,426	4,175	580	320	261	67	15	4	1	1	2
2019.04	용산구	원효로2동	6,033	2,034	1,309	1,194	1,102	284	74	21	9	2	4
2019.04	용산구	효창동	3,751	1,326	863	678	636	181	48	14	2	2	1
2019.04	용산구	용문동	5,374	1,900	1,285	1,031	867	225	48	11	4	2	1
2019.04	용산구	이촌1동	10,264	2,240	2,227	2,589	2,440	568	151	32	12	5	-
2019.04	용산구	이촌2동	3,864	1,294	1,046	772	564	142	29	9	8	-	-
2019.04	용산구	이태원1동	3,810	2,178	730	444	326	93	32	7	-	-	-
2019.04	용산구	이태원2동	4,923	2,616	1,008	669	452	125	42	7	3	1	-
2019.04	용산구	서빙고동	5,313	1,708	1,110	950	1,109	346	71	18	-	-	1
2019.04	용산구	보광동	7,728	4,026	1,675	1,036	750	189	38	10	4	-	-
2019.04	용산구	청파동	10,651	6,093	1,968	1,227	997	269	69	18	6	1	3
2019.04	용산구	원효로1동	7,564	3,490	1,643	1,200	944	221	50	6	4	4	2
2019.04	용산구	한강로동	9,567	5,329	1,830	1,226	901	200	59	16	3	2	1
2019.04	용산구	한남동	11,048	6,075	2,283	1,394	924	264	72	21	6	4	5
2019.04	성동구	소계	137,053	55,522	29,628	24,921	20,809	4,652	1,115	284	87	19	16
2019.04	성동구	왕십리2동	7,668	2,920	1,669	1,471	1,209	280	95	14	4	3	3
2019.04	성동구	마장동	10,806	4,696	2,300	1,759	1,550	371	86	28	9	4	3
2019.04	성동구	사근동	7,419	5,230	938	576	502	132	26	12	2	1	-
2019.04	성동구	행당1동	7,364	3,061	1,539	1,359	1,091	244	46	16	7	-	1
2019.04	성동구	행당2동	9,503	2,361	2,336	2,189	2,073	403	103	26	9	1	2
2019.04	성동구	응봉동	6,161	1,601	1,379	1,419	1,356	317	66	16	5	1	1
2019.04	성동구	금호1가동	6,630	2,074	1,644	1,424	1,161	251	59	15	2	-	-
2019.04	성동구	금호4가동	6,500	2,158	1,613	1,453	993	222	46	8	6	-	1
2019.04	성동구	성수1가1동	7,645	3,076	1,650	1,335	1,243	266	56	12	5	1	1
2019.04	성동구	성수1가2동	7,097	3,201	1,476	1,153	983	222	44	12	4	1	1
2019.04	성동구	성수2가1동	8,595	4,156	1,765	1,309	1,063	231	55	12	4	-	-
2019.04	성동구	성수2가3동	5,708	2,915	1,041	823	689	172	52	13	1	2	-
2019.04	성동구	송정동	5,579	2,758	1,156	814	642	165	35	7	1	1	-
2019.04	성동구	용답동	7,326	4,231	1,315	840	729	154	43	12	-	1	1
2019.04	성동구	왕십리도선동	11,760	4,382	2,468	2,321	2,027	420	107	27	8	-	-
2019.04	성동구	금호2.3가동	10,338	3,550	2,544	2,130	1,619	369	88	24	12	1	1
2019.04	성동구	옥수동	10,954	3,152	2,795	2,546	1,879	433	108	30	8	2	1
2019.04	광진구	소계	163,578	72,102	32,975	27,123	24,314	5,400	1,205	323	81	34	21
2019.04	광진구	화양동	15,810	12,295	2,003	757	606	107	32	8	1	-	1
2019.04	광진구	군자동	10,512	5,727	2,008	1,349	1,099	241	59	19	5	3	2
2019.04	광진구	중곡1동	7,994	3,794	1,820	1,262	867	189	42	14	5	1	-
2019.04	광진구	중곡2동	10,319	4,387	2,303	1,778	1,429	324	74	17	3	2	2
2019.04	광진구	중곡3동	8,492	3,905	1,932	1,346	992	256	48	10	2	1	-
2019.04	광진구	중곡4동	13,186	4,846	3,023	2,591	2,061	505	123	27	5	3	2
2019.04	광진구	능동	6,194	3,414	1,286	754	524	151	53	8	2	2	-
2019.04	광진구	구의1동	11,660	6,146	2,334	1,607	1,185	301	67	18	2	-	-
2019.04	광진구	구의2동	11,550	3,985	2,570	2,321	2,040	482	106	33	6	4	3
2019.04	광진구	구의3동	12,197	4,040	2,514	2,493	2,470	536	97	29	13	3	2
2019.04	광진구	광장동	12,021	2,169	1,886	2,997	4,041	717	158	37	12	4	-
2019.04	광진구	자양1동	11,458	5,522	2,445	1,696	1,382	315	72	20	3	1	2
2019.04	광진구	자양2동	11,254	3,919	2,473	2,251	2,008	452	103	36	6	3	3
2019.04	광진구	자양3동	11,053	2,843	2,328	2,521	2,625	563	118	33	12	6	4
2019.04	광진구	자양4동	9,878	5,110	2,050	1,400	985	261	53	14	4	1	-
2019.04	동대문구	소계	162,324	73,722	32,746	26,143	22,327	5,573	1,382	313	76	27	15
2019.04	동대문구	회기동	5,992	3,828	869	609	510	139	28	5	3	1	-
2019.04	동대문구	휘경1동	6,802	3,842	1,201	825	708	160	48	14	-	4	-
2019.04	동대문구	휘경2동	11,430	5,275	2,092	1,820	1,694	429	90	22	5	2	1
2019.04	동대문구	청량리동	10,512	4,919	2,309	1,609	1,216	349	95	13	1	-	1
2019.04	동대문구	용신동	16,864	9,857	3,016	1,937	1,538	392	96	23	5	-	-
2019.04	동대문구	제기동	13,012	6,898	2,543	1,728	1,332	366	117	22	2	3	1
2019.04	동대문구	전농1동	14,894	7,155	2,969	2,353	1,833	447	91	29	11	2	4
2019.04	동대문구	전농2동	7,748	2,165	1,854	1,698	1,495	396	108	26	4	-	2
2019.04	동대문구	답십리1동	12,486	4,641	2,630	2,399	2,135	524	117	31	7	1	1
2019.04	동대문구	답십리2동	12,681	4,302	3,034	2,505	2,193	493	118	28	6	2	-
2019.04	동대문구	장안1동	17,354	7,136	3,705	3,099	2,565	643	161	32	8	4	1
2019.04	동대문구	장안2동	12,937	4,424	2,751	2,657	2,372	550	143	29	7	2	2
2019.04	동대문구	이문1동	11,111	6,542	1,870	1,229	1,095	276	74	15	6	3	1
2019.04	동대문구	이문2동	8,501	2,738	1,903	1,675	1,641	409	96	24	11	3	1
2019.04	중랑구	소계	181,212	73,307	40,847	32,490	26,440	6,376	1,317	325	80	18	12
2019.04	중랑구	면목2동	12,199	5,345	2,699	2,026	1,621	403	86	12	6	1	-
2019.04	중랑구	면목4동	9,386	3,962	2,131	1,666	1,256	287	66	15	3	-	-
2019.04	중랑구	면목5동	4,580	1,884	1,077	822	622	142	25	6	2	-	-
2019.04	중랑구	면목7동	10,093	4,238	2,306	1,783	1,368	304	72	15	5	2	-
2019.04	중랑구	상봉1동	10,098	2,996	2,293	2,192	2,100	415	72	24	5	1	-
2019.04	중랑구	상봉2동	10,468	5,868	2,142	1,316	881	191	47	13	7	2	1
2019.04	중랑구	중화1동	8,966	3,141	2,189	1,786	1,416	352	55	16	8	2	1
2019.04	중랑구	중화2동	14,436	7,266	3,216	2,093	1,425	337	73	21	2	2	1
2019.04	중랑구	묵1동	14,556	4,613	3,262	3,049	2,759	658	162	37	13	1	2
2019.04	중랑구	묵2동	9,213	3,848	2,083	1,651	1,240	313	59	12	3	2	2
2019.04	중랑구	망우3동	8,514	3,690	1,984	1,476	1,048	253	52	8	1	2	-
2019.04	중랑구	신내1동	14,716	3,388	3,255	3,173	3,531	1,082	223	56	7	-	1
2019.04	중랑구	신내2동	9,038	2,713	2,204	2,024	1,660	338	75	16	7	-	1
2019.04	중랑구	면목본동	17,593	8,260	3,897	2,826	2,042	453	83	26	3	1	2
2019.04	중랑구	면목3.8동	12,553	5,509	2,864	2,141	1,569	363	81	22	4	-	-
2019.04	중랑구	망우본동	14,803	6,586	3,245	2,466	1,902	485	86	26	4	2	1
2019.04	성북구	소계	189,542	72,825	39,628	35,040	31,863	7,731	1,817	467	103	31	37
2019.04	성북구	돈암1동	6,316	1,773	1,537	1,374	1,244	294	72	18	1	1	2
2019.04	성북구	돈암2동	8,556	1,559	1,759	2,208	2,272	563	134	39	16	3	3
2019.04	성북구	안암동	9,016	5,777	1,401	894	737	159	35	7	2	3	1
2019.04	성북구	보문동	7,949	3,732	1,573	1,284	1,073	229	46	8	2	-	2
2019.04	성북구	정릉1동	7,370	2,174	1,572	1,629	1,505	370	87	28	2	1	2
2019.04	성북구	정릉2동	9,616	2,955	2,283	2,006	1,799	422	108	35	4	1	3
2019.04	성북구	정릉3동	7,744	3,938	1,504	1,090	884	257	55	11	1	1	3
2019.04	성북구	정릉4동	11,005	3,589	2,546	2,299	1,948	470	108	34	10	-	1
2019.04	성북구	길음1동	12,927	2,587	2,424	3,160	3,776	749	183	36	6	1	5
2019.04	성북구	길음2동	6,380	2,274	1,308	1,277	1,168	278	57	17	1	-	-
2019.04	성북구	월곡1동	10,775	3,127	2,414	2,266	2,257	544	130	24	9	3	1
2019.04	성북구	월곡2동	9,061	3,868	1,844	1,537	1,348	347	90	17	7	1	2
2019.04	성북구	장위1동	9,036	3,340	2,115	1,653	1,440	365	87	29	5	1	1
2019.04	성북구	장위2동	6,383	2,477	1,554	1,167	861	240	63	14	6	1	-
2019.04	성북구	장위3동	4,745	1,662	1,016	929	852	223	50	10	2	1	-
2019.04	성북구	성북동	8,019	3,656	1,717	1,209	991	321	83	30	5	1	6
2019.04	성북구	삼선동	12,719	6,187	2,473	1,832	1,682	417	99	20	5	4	-
2019.04	성북구	동선동	9,004	5,641	1,463	964	690	177	50	12	4	2	1
2019.04	성북구	종암동	17,127	6,287	3,492	3,277	3,085	773	158	43	5	4	3
2019.04	성북구	석관동	15,794	6,222	3,633	2,985	2,251	533	122	35	10	2	1
2019.04	강북구	소계	143,586	58,378	33,170	25,394	20,071	5,090	1,112	235	88	21	27
2019.04	강북구	번1동	10,250	5,419	2,123	1,436	986	220	57	5	4	-	-
2019.04	강북구	번2동	7,606	2,633	2,081	1,518	1,037	250	67	13	4	-	3
2019.04	강북구	번3동	7,611	2,179	2,123	1,591	1,258	354	76	26	3	1	-
2019.04	강북구	수유1동	10,350	4,636	2,294	1,716	1,265	339	74	13	8	1	4
2019.04	강북구	수유2동	9,538	3,359	2,427	1,825	1,419	390	85	22	8	1	2
2019.04	강북구	수유3동	12,655	6,681	2,584	1,839	1,184	280	63	14	4	4	2
2019.04	강북구	삼양동	11,649	4,578	2,706	2,150	1,650	449	83	18	10	3	2
2019.04	강북구	미아동	11,338	5,588	2,431	1,667	1,253	313	64	12	7	2	1
2019.04	강북구	송중동	12,990	5,537	2,831	2,198	1,801	481	102	29	6	2	3
2019.04	강북구	송천동	13,744	6,158	3,136	2,239	1,690	422	74	13	9	-	3
2019.04	강북구	삼각산동	11,809	2,537	2,448	2,735	3,221	693	133	28	11	2	1
2019.04	강북구	우이동	9,467	3,517	2,385	1,769	1,317	359	92	15	5	4	4
2019.04	강북구	인수동	14,579	5,556	3,601	2,711	1,990	540	142	27	9	1	2
2019.04	도봉구	소계	138,232	43,787	32,882	28,828	24,931	5,993	1,336	332	94	35	14
2019.04	도봉구	쌍문1동	9,216	3,028	2,238	1,891	1,506	412	107	22	8	2	2
2019.04	도봉구	쌍문2동	8,627	2,938	2,202	1,729	1,329	319	87	19	1	-	3
2019.04	도봉구	쌍문3동	7,793	3,079	1,859	1,419	1,093	271	53	14	4	-	1
2019.04	도봉구	쌍문4동	7,155	1,473	1,583	1,701	1,889	414	76	12	5	2	-
2019.04	도봉구	방학1동	12,837	4,613	2,959	2,414	2,113	571	123	34	5	5	-
2019.04	도봉구	방학2동	9,543	3,693	2,314	1,806	1,300	329	75	20	3	3	-
2019.04	도봉구	방학3동	10,106	1,791	2,308	2,567	2,621	620	143	38	12	4	2
2019.04	도봉구	창1동	10,936	3,540	2,538	2,279	2,048	415	88	24	2	2	-
2019.04	도봉구	창2동	12,407	3,700	2,979	2,749	2,234	547	141	36	15	6	-
2019.04	도봉구	창3동	6,685	2,539	1,661	1,219	963	239	47	15	2	-	-
2019.04	도봉구	창4동	10,625	2,770	2,249	2,388	2,515	566	99	22	14	1	1
2019.04	도봉구	창5동	9,878	2,563	2,263	2,330	2,122	463	96	27	9	5	-
2019.04	도봉구	도봉1동	10,235	4,028	2,643	1,825	1,259	372	68	25	7	4	4
2019.04	도봉구	도봉2동	12,189	4,032	3,086	2,511	1,939	455	133	24	7	1	1
2019.04	노원구	소계	217,502	68,393	48,007	44,649	44,404	9,604	1,857	397	123	46	22
2019.04	노원구	월계1동	10,515	4,340	2,194	1,791	1,636	448	82	19	4	-	1
2019.04	노원구	월계2동	11,249	3,816	2,883	2,175	1,824	424	102	15	6	3	1
2019.04	노원구	월계3동	12,994	3,629	3,499	2,876	2,330	500	123	24	10	2	1
2019.04	노원구	공릉2동	16,260	5,398	3,062	3,255	3,558	774	154	37	10	11	1
2019.04	노원구	하계1동	12,464	4,855	2,343	2,172	2,446	510	99	16	18	1	4
2019.04	노원구	하계2동	8,294	1,570	1,780	2,010	2,360	470	85	13	3	3	-
2019.04	노원구	중계본동	9,115	2,097	1,420	1,958	2,792	682	129	25	9	2	1
2019.04	노원구	중계1동	9,108	1,412	1,306	2,311	3,344	622	82	22	8	1	-
2019.04	노원구	중계4동	8,476	2,458	1,964	1,692	1,865	392	82	18	2	2	1
2019.04	노원구	상계1동	15,597	4,325	3,547	3,387	3,252	864	171	34	9	3	5
2019.04	노원구	상계2동	8,755	3,083	1,713	1,658	1,809	378	87	19	6	1	1
2019.04	노원구	상계5동	11,046	3,842	2,632	2,198	1,813	438	87	22	8	5	1
2019.04	노원구	상계8동	9,256	2,208	2,230	2,321	2,069	359	51	16	2	-	-
2019.04	노원구	상계9동	8,471	2,021	2,105	2,040	1,913	318	56	16	-	2	-
2019.04	노원구	상계10동	6,619	1,693	1,727	1,526	1,401	209	47	12	2	1	1
2019.04	노원구	상계3.4동	11,624	4,520	2,803	2,001	1,677	480	109	22	10	2	-
2019.04	노원구	상계6.7동	14,077	4,218	3,231	3,079	2,904	548	69	21	3	2	2
2019.04	노원구	중계2.3동	15,450	4,784	3,910	3,225	2,818	589	97	18	6	1	2
2019.04	노원구	공릉1동	18,132	8,124	3,658	2,974	2,593	599	145	28	7	4	-
2019.04	은평구	소계	206,845	74,960	47,587	39,451	33,583	8,599	1,995	476	124	38	32
2019.04	은평구	녹번동	16,766	6,523	4,013	3,094	2,409	575	112	33	5	1	1
2019.04	은평구	불광1동	17,757	6,374	4,273	3,541	2,745	623	149	41	8	3	-
2019.04	은평구	갈현1동	11,182	4,438	2,664	2,022	1,553	387	89	20	5	4	-
2019.04	은평구	갈현2동	12,606	4,208	2,994	2,601	2,141	506	116	29	8	1	2
2019.04	은평구	구산동	12,999	3,865	3,122	2,735	2,420	647	152	33	16	1	8
2019.04	은평구	대조동	15,633	7,360	3,462	2,436	1,791	428	124	26	4	1	1
2019.04	은평구	응암1동	11,342	4,646	2,450	1,985	1,704	422	101	17	7	3	7
2019.04	은평구	응암2동	8,632	2,529	1,955	1,935	1,688	407	81	20	9	6	2
2019.04	은평구	신사1동	11,694	3,630	2,829	2,509	2,072	491	118	31	7	6	1
2019.04	은평구	신사2동	9,204	3,124	2,122	1,847	1,587	390	100	27	4	2	1
2019.04	은평구	증산동	6,929	2,459	1,643	1,287	1,149	314	54	19	4	-	-
2019.04	은평구	수색동	4,241	1,550	1,021	788	647	168	52	13	1	1	-
2019.04	은평구	진관동	20,828	5,476	4,061	4,220	5,050	1,558	367	69	19	4	4
2019.04	은평구	불광2동	13,736	5,792	3,278	2,350	1,735	444	98	26	9	3	1
2019.04	은평구	응암3동	12,561	5,758	2,821	1,991	1,498	368	90	27	5	-	3
2019.04	은평구	역촌동	20,735	7,228	4,879	4,110	3,394	871	192	45	13	2	1
2019.04	서대문구	소계	139,874	58,163	29,283	24,450	21,121	5,215	1,184	336	83	24	15
2019.04	서대문구	천연동	8,232	3,318	1,710	1,512	1,315	296	55	19	2	3	2
2019.04	서대문구	홍제1동	10,179	3,380	2,420	2,067	1,726	448	93	31	8	4	2
2019.04	서대문구	홍제3동	7,066	2,595	1,664	1,316	1,126	280	68	9	7	1	-
2019.04	서대문구	홍제2동	5,829	1,719	1,393	1,287	1,107	252	46	15	5	1	4
2019.04	서대문구	홍은1동	9,570	3,195	2,177	1,906	1,710	443	107	26	4	-	2
2019.04	서대문구	홍은2동	12,173	4,683	2,744	2,217	1,869	477	119	46	15	3	-
2019.04	서대문구	남가좌1동	6,109	1,458	1,223	1,456	1,495	370	81	22	2	1	1
2019.04	서대문구	남가좌2동	11,210	4,569	2,407	1,974	1,740	402	86	26	4	2	-
2019.04	서대문구	북가좌1동	7,005	1,548	1,614	1,685	1,626	408	94	17	10	1	2
2019.04	서대문구	북가좌2동	14,752	5,454	3,476	2,805	2,299	544	131	39	4	-	-
2019.04	서대문구	충현동	8,840	4,447	1,696	1,247	1,069	285	73	18	4	1	-
2019.04	서대문구	북아현동	7,562	2,880	1,657	1,482	1,224	254	50	10	3	2	-
2019.04	서대문구	신촌동	12,295	9,088	1,498	846	638	156	45	17	4	1	2
2019.04	서대문구	연희동	19,052	9,829	3,604	2,650	2,177	600	136	41	11	4	-
2019.04	마포구	소계	173,571	76,761	35,611	28,579	25,047	5,826	1,258	335	99	30	25
2019.04	마포구	용강동	9,149	3,150	1,944	1,889	1,689	365	81	22	6	3	-
2019.04	마포구	대흥동	7,142	4,732	1,169	592	508	110	21	6	1	-	3
2019.04	마포구	염리동	5,731	2,465	1,186	988	848	185	41	12	5	-	1
2019.04	마포구	신수동	9,190	3,566	1,881	1,720	1,582	327	78	27	8	1	-
2019.04	마포구	서교동	14,032	8,581	2,464	1,491	1,111	287	70	18	7	3	-
2019.04	마포구	합정동	9,610	4,958	2,111	1,275	968	216	57	13	4	2	6
2019.04	마포구	망원1동	10,687	5,058	2,383	1,553	1,288	318	63	19	2	2	1
2019.04	마포구	망원2동	8,295	3,019	1,896	1,516	1,438	338	65	16	5	2	-
2019.04	마포구	연남동	8,653	4,775	1,746	1,049	797	222	43	12	5	1	3
2019.04	마포구	성산1동	9,334	4,116	2,055	1,508	1,208	340	70	24	8	2	3
2019.04	마포구	성산2동	18,653	7,777	3,835	3,223	2,948	691	142	25	10	1	1
2019.04	마포구	상암동	12,852	4,213	2,436	2,493	2,710	777	160	45	13	4	1
2019.04	마포구	도화동	9,607	3,600	2,036	1,819	1,647	378	93	24	5	3	2
2019.04	마포구	서강동	11,628	5,149	2,233	1,967	1,790	387	67	25	7	1	2
2019.04	마포구	공덕동	18,837	8,429	3,963	3,155	2,586	533	130	28	10	3	-
2019.04	마포구	아현동	10,171	3,173	2,273	2,341	1,929	352	77	19	3	2	2
2019.04	양천구	소계	176,793	49,300	36,953	38,449	40,503	9,046	1,881	454	133	43	31
2019.04	양천구	목1동	10,464	1,576	1,694	2,806	3,527	659	143	44	11	3	1
2019.04	양천구	목2동	12,943	4,387	2,839	2,591	2,393	576	120	24	7	1	5
2019.04	양천구	목3동	9,831	3,462	2,329	1,977	1,602	330	92	29	5	4	1
2019.04	양천구	목4동	10,132	2,847	1,870	2,117	2,574	564	119	29	8	2	2
2019.04	양천구	신월1동	10,108	4,263	2,302	1,801	1,315	326	78	18	3	2	-
2019.04	양천구	신월2동	8,723	2,410	2,028	1,918	1,729	464	119	40	8	4	3
2019.04	양천구	신월3동	8,233	3,921	1,803	1,264	892	273	64	12	1	1	2
2019.04	양천구	신월4동	6,858	1,451	1,545	1,679	1,602	441	112	22	4	2	-
2019.04	양천구	신월5동	6,381	2,107	1,456	1,308	1,136	282	71	18	1	2	-
2019.04	양천구	신월6동	2,530	661	569	551	567	140	32	8	1	1	-
2019.04	양천구	신월7동	9,244	2,894	2,501	1,924	1,504	321	76	18	5	-	1
2019.04	양천구	신정1동	7,216	1,388	1,222	1,642	2,340	505	94	14	8	-	3
2019.04	양천구	신정2동	7,153	1,539	1,286	1,508	2,206	515	76	14	5	2	2
2019.04	양천구	신정3동	17,860	4,320	4,030	3,922	4,175	1,138	206	45	17	3	4
2019.04	양천구	신정6동	8,152	1,017	1,408	2,280	2,799	521	96	16	11	3	1
2019.04	양천구	신정7동	11,466	2,844	2,513	2,609	2,839	520	99	27	15	-	-
2019.04	양천구	목5동	13,535	1,623	2,031	3,647	5,112	881	170	45	15	8	3
2019.04	양천구	신정4동	15,964	6,590	3,527	2,905	2,191	590	114	31	8	5	3
2019.04	강서구	소계	260,660	100,079	57,570	48,068	41,971	10,121	2,114	540	129	43	25
2019.04	강서구	염창동	14,820	3,259	2,822	3,704	4,050	807	132	39	5	2	-
2019.04	강서구	등촌1동	11,938	6,289	2,129	1,700	1,443	296	59	19	1	2	-
2019.04	강서구	등촌2동	8,600	2,484	1,979	1,874	1,700	420	96	33	10	4	-
2019.04	강서구	등촌3동	14,823	5,538	3,944	2,653	2,122	450	88	22	5	-	1
2019.04	강서구	화곡본동	16,353	6,764	3,669	2,959	2,237	550	120	35	15	3	1
2019.04	강서구	화곡2동	8,255	2,794	2,003	1,696	1,281	392	64	15	7	2	1
2019.04	강서구	화곡3동	9,379	3,210	2,106	1,904	1,597	423	112	20	4	1	2
2019.04	강서구	화곡4동	9,702	3,529	2,410	1,918	1,386	353	80	22	2	2	-
2019.04	강서구	화곡6동	11,349	4,870	2,401	1,928	1,623	406	91	19	4	2	5
2019.04	강서구	화곡8동	11,630	4,201	3,014	2,213	1,676	409	86	26	3	2	-
2019.04	강서구	가양1동	18,667	11,549	2,555	2,057	1,925	468	83	24	4	-	2
2019.04	강서구	가양2동	8,077	3,912	2,158	1,163	635	145	45	11	5	2	1
2019.04	강서구	가양3동	7,934	3,112	2,440	1,425	729	185	31	10	2	-	-
2019.04	강서구	발산1동	13,430	2,609	2,870	3,111	3,706	901	180	40	7	4	2
2019.04	강서구	공항동	12,769	5,529	2,666	2,168	1,824	473	87	18	3	-	1
2019.04	강서구	방화1동	17,416	4,844	3,753	3,648	3,841	1,045	211	55	12	5	2
2019.04	강서구	방화2동	11,628	5,398	2,575	1,796	1,347	386	93	25	5	-	3
2019.04	강서구	방화3동	11,262	4,456	2,852	2,027	1,441	360	99	17	7	3	-
2019.04	강서구	화곡1동	25,992	11,766	5,998	4,384	2,894	724	160	48	11	4	3
2019.04	강서구	우장산동	16,636	3,966	3,226	3,740	4,514	928	197	42	17	5	1
2019.04	구로구	소계	174,159	64,233	39,150	32,576	28,891	7,185	1,594	378	99	33	20
2019.04	구로구	신도림동	13,451	2,937	2,852	3,341	3,395	703	170	39	9	4	1
2019.04	구로구	구로1동	7,846	1,721	1,805	1,849	1,976	410	60	17	5	2	1
2019.04	구로구	구로3동	13,329	7,719	2,222	1,616	1,327	340	70	25	6	3	1
2019.04	구로구	구로4동	10,624	4,971	2,533	1,646	1,143	253	59	9	8	2	-
2019.04	구로구	구로5동	14,374	6,774	2,839	2,268	1,886	450	117	31	7	1	1
2019.04	구로구	고척1동	9,548	2,880	2,143	1,991	1,963	435	103	23	7	3	-
2019.04	구로구	고척2동	11,663	3,677	2,729	2,364	2,234	514	117	21	5	2	-
2019.04	구로구	개봉2동	12,619	3,084	3,189	2,928	2,550	652	170	37	7	1	1
2019.04	구로구	개봉3동	8,800	2,589	2,254	1,908	1,568	388	76	12	4	1	-
2019.04	구로구	오류1동	10,686	4,996	2,352	1,657	1,243	341	70	14	7	1	5
2019.04	구로구	오류2동	18,634	5,341	4,432	3,745	3,702	1,103	231	57	14	4	5
2019.04	구로구	수궁동	9,860	2,749	2,490	2,138	1,827	506	121	22	3	3	1
2019.04	구로구	가리봉동	5,882	3,872	1,028	528	332	96	18	4	3	-	1
2019.04	구로구	구로2동	12,837	6,164	2,896	1,890	1,395	365	80	34	8	4	1
2019.04	구로구	개봉1동	14,006	4,759	3,386	2,707	2,350	629	132	33	6	2	2
2019.04	금천구	소계	109,264	48,298	23,353	17,911	14,827	3,708	878	206	47	20	16
2019.04	금천구	가산동	13,464	9,564	1,743	1,119	788	182	57	7	2	2	-
2019.04	금천구	독산1동	19,324	9,127	3,705	3,004	2,629	659	151	36	6	2	5
2019.04	금천구	독산2동	9,308	3,967	2,163	1,613	1,215	269	62	14	2	1	2
2019.04	금천구	독산3동	12,279	5,605	2,785	1,934	1,499	350	79	18	4	5	-
2019.04	금천구	독산4동	7,601	3,273	1,745	1,273	971	258	61	13	3	2	2
2019.04	금천구	시흥1동	15,712	6,473	3,517	2,723	2,292	559	101	39	4	2	2
2019.04	금천구	시흥2동	8,431	2,025	2,004	1,849	1,880	488	145	29	7	1	3
2019.04	금천구	시흥3동	4,717	1,422	1,219	1,008	783	217	52	11	5	-	-
2019.04	금천구	시흥4동	9,074	3,058	2,200	1,800	1,509	383	89	19	10	5	1
2019.04	금천구	시흥5동	9,354	3,784	2,272	1,588	1,261	343	81	20	4	-	1
2019.04	영등포구	소계	173,116	78,838	34,382	28,284	24,323	5,607	1,236	309	86	20	31
2019.04	영등포구	여의동	13,270	3,829	2,865	2,979	2,798	593	142	39	17	3	5
2019.04	영등포구	당산1동	10,415	5,189	2,088	1,558	1,201	279	76	15	5	1	3
2019.04	영등포구	당산2동	17,162	8,491	2,885	2,643	2,438	529	127	34	13	1	1
2019.04	영등포구	양평1동	8,750	4,159	1,901	1,383	1,011	226	46	18	3	3	-
2019.04	영등포구	양평2동	10,060	4,103	2,048	1,789	1,670	352	73	18	4	1	2
2019.04	영등포구	신길1동	9,799	5,820	1,777	1,135	795	216	41	10	3	1	1
2019.04	영등포구	신길3동	7,475	2,925	1,578	1,386	1,212	313	43	13	3	1	1
2019.04	영등포구	신길4동	4,294	1,877	950	725	562	144	28	4	4	-	-
2019.04	영등포구	신길5동	4,295	1,830	972	720	568	150	43	9	-	1	2
2019.04	영등포구	신길6동	8,414	3,613	1,786	1,423	1,205	295	64	17	4	1	6
2019.04	영등포구	신길7동	6,573	1,947	1,310	1,358	1,521	348	65	18	4	1	1
2019.04	영등포구	대림1동	6,377	2,985	1,416	953	778	191	38	13	2	-	1
2019.04	영등포구	대림2동	6,837	3,602	1,533	877	600	169	43	9	4	-	-
2019.04	영등포구	대림3동	10,584	3,987	2,410	1,993	1,665	402	95	26	5	1	-
2019.04	영등포구	영등포본동	10,207	4,476	1,985	1,767	1,530	361	66	14	4	1	3
2019.04	영등포구	영등포동	16,806	11,976	2,178	1,321	1,038	221	56	11	2	-	3
2019.04	영등포구	도림동	9,285	4,390	2,045	1,442	1,057	270	59	16	5	1	-
2019.04	영등포구	문래동	12,513	3,639	2,655	2,832	2,674	548	131	25	4	3	2
2019.04	동작구	소계	180,058	75,738	37,115	31,097	27,563	6,566	1,446	382	101	32	18
2019.04	동작구	노량진2동	7,218	4,073	1,433	920	609	135	35	9	3	1	-
2019.04	동작구	상도1동	21,321	9,642	3,874	3,620	3,242	732	157	42	8	2	2
2019.04	동작구	상도2동	12,763	5,089	2,665	2,286	2,111	467	116	23	4	1	1
2019.04	동작구	상도3동	11,775	4,999	2,548	2,089	1,583	401	104	34	11	4	2
2019.04	동작구	상도4동	13,408	5,310	3,055	2,464	1,995	469	84	23	6	-	2
2019.04	동작구	사당1동	12,973	7,339	2,575	1,591	1,129	261	59	10	6	3	-
2019.04	동작구	사당3동	10,754	3,459	2,454	2,236	1,985	470	100	38	7	3	2
2019.04	동작구	사당4동	6,996	3,049	1,569	1,153	940	220	44	14	5	2	-
2019.04	동작구	사당5동	5,733	2,248	1,225	1,069	939	197	41	10	2	2	-
2019.04	동작구	대방동	17,053	6,832	3,181	2,863	3,216	730	161	51	11	4	4
2019.04	동작구	신대방1동	9,846	3,512	1,934	1,789	1,968	497	112	22	8	1	3
2019.04	동작구	신대방2동	9,250	4,064	1,714	1,489	1,457	402	88	29	6	1	-
2019.04	동작구	흑석동	14,188	5,489	2,950	2,689	2,355	575	95	24	8	3	-
2019.04	동작구	노량진1동	14,884	6,519	3,107	2,457	2,101	540	120	28	7	4	1
2019.04	동작구	사당2동	11,896	4,114	2,831	2,382	1,933	470	130	25	9	1	1
2019.04	관악구	소계	265,724	147,076	48,974	33,442	27,390	6,723	1,532	408	120	32	27
2019.04	관악구	보라매동	12,239	5,683	2,688	1,883	1,507	372	83	15	2	3	3
2019.04	관악구	청림동	6,570	1,975	1,552	1,485	1,207	264	62	15	7	1	2
2019.04	관악구	행운동	17,052	10,384	2,927	1,829	1,422	363	99	18	8	1	1
2019.04	관악구	낙성대동	10,726	7,460	1,463	876	688	172	49	11	5	-	2
2019.04	관악구	중앙동	9,162	5,872	1,548	851	677	164	41	5	1	2	1
2019.04	관악구	인헌동	14,024	7,560	2,644	1,830	1,507	376	74	28	5	-	-
2019.04	관악구	남현동	9,296	4,601	1,847	1,396	1,093	270	58	20	7	1	3
2019.04	관악구	서원동	13,662	8,440	2,516	1,431	943	253	58	14	6	1	-
2019.04	관악구	신원동	10,402	5,906	2,142	1,225	875	186	47	15	1	3	2
2019.04	관악구	서림동	14,232	9,121	2,258	1,404	1,070	282	67	22	7	-	1
2019.04	관악구	신사동	13,195	7,975	2,322	1,467	1,113	243	54	15	5	-	1
2019.04	관악구	신림동	16,561	13,372	1,966	685	415	90	28	4	-	1	-
2019.04	관악구	난향동	6,484	1,890	1,499	1,336	1,322	325	80	24	5	1	2
2019.04	관악구	조원동	10,066	6,199	1,775	1,012	849	167	34	19	8	3	-
2019.04	관악구	대학동	15,748	11,593	1,819	1,167	867	228	60	10	4	-	-
2019.04	관악구	은천동	15,744	6,477	3,461	2,674	2,405	546	136	29	11	2	3
2019.04	관악구	성현동	13,003	3,935	3,027	2,643	2,581	651	120	31	12	2	1
2019.04	관악구	청룡동	19,152	13,801	2,512	1,329	1,116	297	69	22	3	1	2
2019.04	관악구	난곡동	12,802	4,914	3,117	2,320	1,861	438	108	33	9	1	1
2019.04	관악구	삼성동	11,516	4,590	2,718	1,985	1,631	459	96	27	5	5	-
2019.04	관악구	미성동	14,088	5,328	3,173	2,614	2,241	577	109	31	9	4	2
2019.04	서초구	소계	172,962	57,720	34,098	34,125	35,455	8,641	2,097	533	195	55	43
2019.04	서초구	서초1동	9,244	3,810	1,721	1,616	1,524	404	122	30	15	2	-
2019.04	서초구	서초2동	8,211	3,610	1,466	1,392	1,347	285	85	14	8	2	2
2019.04	서초구	서초3동	13,334	5,518	2,562	2,297	2,125	585	172	41	21	7	6
2019.04	서초구	서초4동	11,003	2,359	1,899	2,596	3,308	652	130	46	8	3	2
2019.04	서초구	잠원동	13,952	4,700	2,620	2,931	2,965	581	111	23	14	5	2
2019.04	서초구	반포본동	4,184	755	816	977	1,296	260	59	15	4	1	1
2019.04	서초구	반포1동	14,380	6,322	2,255	2,304	2,663	633	153	31	13	6	-
2019.04	서초구	반포2동	5,183	750	825	1,310	1,696	471	95	23	9	2	2
2019.04	서초구	반포3동	6,983	1,269	1,359	1,836	2,028	392	68	22	6	1	2
2019.04	서초구	반포4동	7,402	1,904	1,511	1,766	1,654	417	105	25	10	8	2
2019.04	서초구	방배본동	7,909	2,095	1,528	1,714	1,916	497	109	34	10	2	4
2019.04	서초구	방배1동	7,577	2,864	1,690	1,398	1,225	296	75	18	7	1	3
2019.04	서초구	방배2동	8,952	3,143	2,062	1,706	1,540	380	78	29	4	4	6
2019.04	서초구	방배3동	8,489	2,243	1,874	1,891	1,888	441	107	30	12	-	3
2019.04	서초구	방배4동	9,785	3,406	2,003	1,779	1,954	472	133	27	9	-	2
2019.04	서초구	양재1동	18,254	5,924	3,933	3,413	3,485	1,118	281	73	21	5	1
2019.04	서초구	양재2동	10,881	4,977	2,208	1,670	1,482	395	109	22	13	2	3
2019.04	서초구	내곡동	7,239	2,071	1,766	1,529	1,359	362	105	30	11	4	2
2019.04	강남구	소계	229,930	89,616	42,998	40,962	43,313	9,916	2,239	607	171	72	36
2019.04	강남구	신사동	7,523	2,937	1,576	1,313	1,241	322	87	24	14	6	3
2019.04	강남구	논현1동	14,178	9,247	2,464	1,242	871	259	54	28	8	3	2
2019.04	강남구	논현2동	11,353	6,104	2,105	1,544	1,220	281	72	18	8	1	-
2019.04	강남구	삼성1동	5,901	1,940	1,220	1,167	1,163	289	89	24	7	1	1
2019.04	강남구	삼성2동	13,244	5,622	2,294	2,302	2,334	501	128	47	10	3	3
2019.04	강남구	대치1동	7,401	578	896	1,942	3,145	661	123	38	9	7	2
2019.04	강남구	대치4동	10,128	5,251	1,655	1,403	1,409	315	74	16	4	-	1
2019.04	강남구	역삼1동	23,237	16,314	3,530	1,725	1,183	344	96	31	10	4	-
2019.04	강남구	역삼2동	14,982	5,911	2,296	2,771	3,176	637	128	36	12	6	9
2019.04	강남구	도곡1동	8,538	2,481	1,552	1,830	2,088	440	106	26	11	3	1
2019.04	강남구	도곡2동	11,876	2,251	2,288	3,011	3,447	704	141	28	2	2	2
2019.04	강남구	개포1동	2,841	899	625	514	608	159	24	8	3	1	-
2019.04	강남구	개포4동	7,792	2,945	1,532	1,425	1,443	353	68	17	6	1	2
2019.04	강남구	일원본동	8,218	1,487	1,475	2,001	2,617	509	95	22	6	4	2
2019.04	강남구	일원1동	7,555	3,112	1,739	1,315	1,011	293	68	15	2	-	-
2019.04	강남구	일원2동	7,258	2,145	1,739	1,542	1,488	289	40	13	1	-	1
2019.04	강남구	수서동	7,839	3,245	2,282	1,288	760	192	55	9	5	2	1
2019.04	강남구	세곡동	17,677	5,720	3,737	3,228	3,422	1,170	310	68	14	7	1
2019.04	강남구	압구정동	10,732	3,007	2,359	2,397	2,273	510	133	31	11	9	2
2019.04	강남구	청담동	12,462	4,613	2,408	2,395	2,273	554	146	46	16	8	3
2019.04	강남구	대치2동	13,105	2,453	2,020	3,178	4,423	824	143	51	9	4	-
2019.04	강남구	개포2동	6,090	1,354	1,206	1,429	1,718	310	59	11	3	-	-
2019.04	송파구	소계	277,807	93,727	57,713	55,543	55,083	12,178	2,684	614	185	49	31
2019.04	송파구	풍납1동	6,694	2,529	1,621	1,213	1,058	204	55	8	5	1	-
2019.04	송파구	풍납2동	10,468	3,904	1,988	2,103	1,936	410	93	27	7	-	-
2019.04	송파구	거여1동	5,439	1,794	1,263	1,039	1,029	242	60	8	3	-	1
2019.04	송파구	거여2동	7,224	2,468	1,782	1,405	1,215	260	72	15	3	1	3
2019.04	송파구	마천1동	9,148	3,558	2,075	1,560	1,402	440	85	24	2	2	-
2019.04	송파구	마천2동	8,677	3,069	2,097	1,661	1,367	361	96	16	9	-	1
2019.04	송파구	방이1동	6,195	1,785	1,177	1,314	1,474	334	86	16	7	1	1
2019.04	송파구	방이2동	13,274	6,946	2,668	1,838	1,408	327	69	14	2	1	1
2019.04	송파구	오륜동	5,993	657	1,045	1,600	2,112	463	82	23	7	2	2
2019.04	송파구	오금동	15,653	4,219	3,486	3,536	3,366	817	181	39	8	1	-
2019.04	송파구	송파1동	12,378	5,729	2,646	1,932	1,539	399	88	36	4	4	1
2019.04	송파구	송파2동	7,279	1,498	1,478	1,750	1,959	457	104	22	8	3	-
2019.04	송파구	석촌동	16,677	8,207	3,462	2,484	1,935	438	118	19	8	6	-
2019.04	송파구	삼전동	16,270	8,107	3,255	2,417	1,937	440	82	23	4	2	3
2019.04	송파구	가락본동	11,812	4,422	2,456	2,247	2,070	492	95	24	4	-	2
2019.04	송파구	가락1동	8,424	1,547	2,047	2,154	2,192	376	84	17	4	1	2
2019.04	송파구	가락2동	12,270	2,805	2,474	2,938	3,214	642	148	39	9	-	1
2019.04	송파구	문정1동	8,513	2,738	1,829	1,746	1,687	396	83	19	11	4	-
2019.04	송파구	문정2동	15,403	8,346	2,773	1,965	1,809	364	101	27	12	2	4
2019.04	송파구	장지동	13,404	3,707	3,137	2,964	2,748	668	135	34	10	1	-
2019.04	송파구	위례동	9,010	1,038	1,716	2,349	2,904	801	162	27	10	3	-
2019.04	송파구	잠실본동	14,901	7,789	2,887	2,105	1,606	383	104	18	8	-	1
2019.04	송파구	잠실4동	9,027	1,567	1,807	2,481	2,561	476	105	17	9	4	-
2019.04	송파구	잠실6동	5,932	945	1,328	1,591	1,568	383	77	27	7	4	2
2019.04	송파구	잠실7동	3,476	514	784	894	1,012	209	41	14	7	1	-
2019.04	송파구	잠실2동	11,996	1,856	1,868	3,039	4,367	690	139	27	7	2	1
2019.04	송파구	잠실3동	12,270	1,983	2,564	3,218	3,608	706	139	34	10	3	5
2019.04	강동구	소계	177,156	62,207	38,135	34,368	32,478	7,756	1,633	415	104	30	30
2019.04	강동구	강일동	11,197	2,199	2,569	2,221	2,891	1,082	188	35	8	2	2
2019.04	강동구	상일동	4,178	1,148	880	932	924	220	50	15	7	-	2
2019.04	강동구	명일1동	8,138	1,955	1,657	1,912	2,022	453	106	20	9	2	2
2019.04	강동구	명일2동	5,995	1,099	1,042	1,322	1,975	439	84	25	8	1	-
2019.04	강동구	고덕1동	9,104	1,557	1,632	2,267	2,899	607	104	25	4	1	8
2019.04	강동구	고덕2동	3,376	1,463	767	564	431	115	24	7	3	-	2
2019.04	강동구	암사2동	5,888	1,810	1,315	1,285	1,193	213	56	9	3	3	1
2019.04	강동구	암사3동	6,360	1,038	1,327	1,628	1,816	400	98	30	15	3	5
2019.04	강동구	천호1동	12,829	5,065	2,953	2,405	1,842	440	88	24	9	2	1
2019.04	강동구	천호3동	13,651	6,443	2,938	2,196	1,592	372	80	27	2	-	1
2019.04	강동구	성내1동	8,178	2,377	1,835	1,821	1,640	409	71	21	2	1	1
2019.04	강동구	성내2동	12,495	6,078	2,732	1,964	1,302	320	74	18	4	3	-
2019.04	강동구	성내3동	10,172	3,728	2,216	1,977	1,771	388	67	19	3	2	1
2019.04	강동구	둔촌1동	173	121	21	13	14	2	2	-	-	-	-
2019.04	강동구	둔촌2동	11,153	3,491	2,408	2,311	2,315	499	97	29	1	1	1
2019.04	강동구	암사1동	16,257	6,134	3,680	3,081	2,617	568	132	35	9	-	1
2019.04	강동구	천호2동	17,661	8,508	3,855	2,715	2,003	430	115	26	7	2	-
2019.04	강동구	길동	20,351	7,993	4,308	3,754	3,231	799	197	50	10	7	2
2019.05	합계	합계	4,301,522	1,719,143	904,919	768,556	694,549	164,634	36,638	9,126	2,549	796	612
2019.05	종로구	소계	73,836	36,351	13,986	10,914	9,132	2,568	610	183	53	24	15
2019.05	종로구	사직동	4,547	2,210	887	686	530	167	31	25	6	2	3
2019.05	종로구	삼청동	1,398	742	245	187	147	53	17	6	1	-	-
2019.05	종로구	부암동	4,290	1,630	943	750	698	188	54	17	5	2	3
2019.05	종로구	평창동	7,506	2,420	1,658	1,490	1,391	423	83	23	10	7	1
2019.05	종로구	무악동	3,149	725	680	726	787	180	38	6	4	-	3
2019.05	종로구	교남동	4,570	1,597	1,112	906	752	152	30	13	6	2	-
2019.05	종로구	가회동	2,046	914	435	342	250	71	25	7	1	-	1
2019.05	종로구	종로1.2.3.4가동	5,285	4,187	520	292	210	55	13	7	1	-	-
2019.05	종로구	종로5·6가동	3,183	2,111	494	298	201	58	15	3	1	2	-
2019.05	종로구	이화동	4,498	2,703	778	509	368	106	24	8	1	1	-
2019.05	종로구	창신1동	2,963	1,729	570	339	216	87	16	6	-	-	-
2019.05	종로구	창신2동	4,136	1,920	871	652	491	154	35	9	3	1	-
2019.05	종로구	창신3동	2,896	884	676	638	482	177	33	1	4	1	-
2019.05	종로구	숭인1동	2,981	1,359	641	483	355	102	32	7	2	-	-
2019.05	종로구	숭인2동	5,766	3,753	909	566	408	100	22	6	2	-	-
2019.05	종로구	청운효자동	5,375	1,949	1,131	995	952	246	74	22	2	4	-
2019.05	종로구	혜화동	9,247	5,518	1,436	1,055	894	249	68	17	4	2	4
2019.05	중구	소계	61,873	30,206	12,887	9,245	7,126	1,777	447	122	29	13	21
2019.05	중구	소공동	1,106	628	196	157	99	18	6	-	-	-	2
2019.05	중구	회현동	3,228	2,183	439	294	220	68	13	10	1	-	-
2019.05	중구	명동	1,406	937	209	141	82	24	6	3	1	-	3
2019.05	중구	필동	2,316	1,427	417	233	170	52	10	5	1	-	1
2019.05	중구	장충동	2,678	1,656	456	246	226	71	17	2	1	1	2
2019.05	중구	광희동	2,941	1,857	532	280	193	51	22	4	1	-	1
2019.05	중구	을지로동	1,323	1,050	150	69	38	11	3	2	-	-	-
2019.05	중구	신당5동	4,537	2,158	922	722	545	133	40	13	3	1	-
2019.05	중구	황학동	6,709	3,591	1,413	903	602	154	36	7	1	1	1
2019.05	중구	중림동	5,849	2,465	1,247	1,074	830	165	49	14	5	-	-
2019.05	중구	신당동	4,450	2,739	810	454	340	74	25	4	2	2	-
2019.05	중구	다산동	6,947	3,092	1,626	1,081	879	202	44	14	4	2	3
2019.05	중구	약수동	7,767	2,803	2,006	1,540	1,058	275	62	16	3	1	3
2019.05	중구	청구동	6,431	2,467	1,526	1,175	959	239	48	7	2	4	4
2019.05	중구	동화동	4,185	1,153	938	876	885	240	66	21	4	1	1
2019.05	용산구	소계	109,507	51,398	22,571	16,874	13,828	3,595	905	220	62	30	24
2019.05	용산구	후암동	8,565	3,992	1,733	1,390	1,048	302	73	14	4	5	4
2019.05	용산구	용산2가동	5,483	2,783	1,221	783	521	135	30	9	1	-	-
2019.05	용산구	남영동	5,419	4,176	580	315	259	65	15	5	1	1	2
2019.05	용산구	원효로2동	6,022	2,037	1,313	1,188	1,088	285	77	20	8	2	4
2019.05	용산구	효창동	3,856	1,357	879	716	653	181	51	14	2	2	1
2019.05	용산구	용문동	5,370	1,903	1,288	1,015	872	225	49	11	4	2	1
2019.05	용산구	이촌1동	10,271	2,248	2,229	2,601	2,436	562	148	30	12	5	-
2019.05	용산구	이촌2동	3,865	1,304	1,057	752	564	139	31	10	8	-	-
2019.05	용산구	이태원1동	3,805	2,175	733	440	326	90	34	7	-	-	-
2019.05	용산구	이태원2동	4,914	2,610	1,012	662	451	126	41	8	3	1	-
2019.05	용산구	서빙고동	5,312	1,714	1,110	937	1,123	341	70	16	-	-	1
2019.05	용산구	보광동	7,726	4,032	1,681	1,034	737	191	37	10	3	1	-
2019.05	용산구	청파동	10,656	6,096	1,978	1,220	996	269	68	20	5	1	3
2019.05	용산구	원효로1동	7,579	3,499	1,649	1,201	941	223	50	6	4	4	2
2019.05	용산구	한강로동	9,608	5,371	1,829	1,230	899	198	57	18	3	2	1
2019.05	용산구	한남동	11,056	6,101	2,279	1,390	914	263	74	22	4	4	5
2019.05	성동구	소계	137,024	55,576	29,642	24,927	20,736	4,627	1,111	286	84	18	17
2019.05	성동구	왕십리2동	7,667	2,924	1,674	1,473	1,204	275	94	15	2	3	3
2019.05	성동구	마장동	10,859	4,750	2,294	1,775	1,536	370	88	30	10	3	3
2019.05	성동구	사근동	7,448	5,249	950	571	507	131	25	12	2	1	-
2019.05	성동구	행당1동	7,345	3,052	1,540	1,334	1,106	240	48	17	7	-	1
2019.05	성동구	행당2동	9,515	2,355	2,343	2,186	2,083	408	104	24	9	1	2
2019.05	성동구	응봉동	6,158	1,592	1,383	1,421	1,354	322	64	15	5	1	1
2019.05	성동구	금호1가동	6,619	2,077	1,647	1,412	1,161	249	56	15	2	-	-
2019.05	성동구	금호4가동	6,498	2,162	1,597	1,473	987	219	44	9	6	-	1
2019.05	성동구	성수1가1동	7,652	3,075	1,671	1,333	1,240	263	54	10	4	1	1
2019.05	성동구	성수1가2동	7,068	3,189	1,467	1,154	975	220	43	14	4	1	1
2019.05	성동구	성수2가1동	8,606	4,169	1,767	1,317	1,057	226	55	11	3	1	-
2019.05	성동구	성수2가3동	5,701	2,909	1,060	809	682	171	54	14	1	1	-
2019.05	성동구	송정동	5,568	2,746	1,153	825	636	165	34	7	1	1	-
2019.05	성동구	용답동	7,190	4,183	1,278	825	701	148	40	13	-	1	1
2019.05	성동구	왕십리도선동	11,800	4,422	2,473	2,323	2,010	426	112	26	8	-	-
2019.05	성동구	금호2.3가동	10,351	3,556	2,546	2,142	1,622	360	87	23	12	1	2
2019.05	성동구	옥수동	10,979	3,166	2,799	2,554	1,875	434	109	31	8	2	1
2019.05	광진구	소계	163,862	72,467	33,101	27,058	24,206	5,379	1,190	319	88	33	21
2019.05	광진구	화양동	15,908	12,407	1,996	754	601	107	33	8	1	-	1
2019.05	광진구	군자동	10,538	5,758	2,017	1,346	1,095	237	57	19	5	2	2
2019.05	광진구	중곡1동	8,026	3,835	1,819	1,250	873	187	42	14	5	1	-
2019.05	광진구	중곡2동	10,338	4,404	2,318	1,782	1,414	321	76	16	3	2	2
2019.05	광진구	중곡3동	8,498	3,920	1,949	1,321	992	253	51	9	2	1	-
2019.05	광진구	중곡4동	13,209	4,883	3,034	2,593	2,040	499	120	27	8	3	2
2019.05	광진구	능동	6,211	3,434	1,282	755	518	156	54	8	2	2	-
2019.05	광진구	구의1동	11,680	6,155	2,360	1,606	1,173	302	65	17	2	-	-
2019.05	광진구	구의2동	11,599	4,031	2,581	2,311	2,044	486	101	32	6	4	3
2019.05	광진구	구의3동	12,216	4,055	2,529	2,500	2,442	547	96	30	12	3	2
2019.05	광진구	광장동	12,036	2,181	1,902	3,006	4,033	701	157	36	16	4	-
2019.05	광진구	자양1동	11,447	5,522	2,438	1,693	1,380	317	70	20	3	1	3
2019.05	광진구	자양2동	11,242	3,911	2,497	2,231	1,998	456	101	36	6	3	3
2019.05	광진구	자양3동	11,070	2,872	2,345	2,509	2,622	551	116	33	13	6	3
2019.05	광진구	자양4동	9,844	5,099	2,034	1,401	981	259	51	14	4	1	-
2019.05	동대문구	소계	162,581	74,033	32,817	26,084	22,298	5,527	1,384	323	73	27	15
2019.05	동대문구	회기동	5,990	3,839	865	605	501	142	28	5	4	1	-
2019.05	동대문구	휘경1동	6,797	3,834	1,197	834	703	162	50	14	-	3	-
2019.05	동대문구	휘경2동	11,474	5,308	2,118	1,801	1,699	426	91	24	4	2	1
2019.05	동대문구	청량리동	10,524	4,939	2,319	1,598	1,215	344	93	13	2	-	1
2019.05	동대문구	용신동	16,947	9,955	3,017	1,935	1,527	390	96	22	5	-	-
2019.05	동대문구	제기동	13,030	6,901	2,565	1,725	1,329	370	112	23	1	3	1
2019.05	동대문구	전농1동	14,924	7,191	2,964	2,352	1,835	444	91	30	11	2	4
2019.05	동대문구	전농2동	7,747	2,181	1,847	1,688	1,504	389	106	25	5	-	2
2019.05	동대문구	답십리1동	12,607	4,743	2,632	2,423	2,130	514	124	31	7	2	1
2019.05	동대문구	답십리2동	12,695	4,293	3,052	2,496	2,206	501	113	27	5	2	-
2019.05	동대문구	장안1동	17,402	7,185	3,723	3,094	2,552	639	162	34	8	4	1
2019.05	동대문구	장안2동	12,967	4,430	2,765	2,672	2,377	539	141	32	7	2	2
2019.05	동대문구	이문1동	10,990	6,495	1,852	1,193	1,080	269	76	17	4	3	1
2019.05	동대문구	이문2동	8,487	2,739	1,901	1,668	1,640	398	101	26	10	3	1
2019.05	중랑구	소계	181,237	73,467	40,938	32,463	26,305	6,331	1,302	318	83	17	13
2019.05	중랑구	면목2동	12,218	5,372	2,718	2,007	1,613	403	84	13	7	1	-
2019.05	중랑구	면목4동	9,344	3,937	2,143	1,646	1,252	285	63	15	3	-	-
2019.05	중랑구	면목5동	4,580	1,892	1,078	817	622	139	24	6	2	-	-
2019.05	중랑구	면목7동	10,083	4,239	2,300	1,797	1,347	305	73	16	5	1	-
2019.05	중랑구	상봉1동	10,111	3,018	2,289	2,199	2,086	419	73	22	4	1	-
2019.05	중랑구	상봉2동	10,523	5,922	2,151	1,318	873	188	48	13	7	2	1
2019.05	중랑구	중화1동	8,977	3,163	2,188	1,798	1,398	346	56	16	9	2	1
2019.05	중랑구	중화2동	14,424	7,276	3,207	2,092	1,416	341	69	17	3	2	1
2019.05	중랑구	묵1동	14,559	4,611	3,283	3,052	2,745	650	165	36	14	1	2
2019.05	중랑구	묵2동	9,208	3,853	2,078	1,670	1,218	312	58	12	3	2	2
2019.05	중랑구	망우3동	8,499	3,691	1,986	1,471	1,042	245	53	8	1	2	-
2019.05	중랑구	신내1동	14,720	3,386	3,271	3,166	3,538	1,078	216	57	7	-	1
2019.05	중랑구	신내2동	9,057	2,722	2,222	2,024	1,656	339	70	15	7	-	2
2019.05	중랑구	면목본동	17,610	8,257	3,929	2,823	2,037	448	83	27	3	1	2
2019.05	중랑구	면목3.8동	12,557	5,527	2,866	2,141	1,561	356	80	22	4	-	-
2019.05	중랑구	망우본동	14,767	6,601	3,229	2,442	1,901	477	87	23	4	2	1
2019.05	성북구	소계	189,947	73,080	39,840	35,067	31,819	7,715	1,788	467	104	30	37
2019.05	성북구	돈암1동	6,316	1,775	1,541	1,375	1,238	294	71	18	1	1	2
2019.05	성북구	돈암2동	8,566	1,562	1,759	2,217	2,278	559	131	38	17	2	3
2019.05	성북구	안암동	9,057	5,825	1,398	900	729	155	36	8	2	3	1
2019.05	성북구	보문동	7,962	3,752	1,567	1,286	1,068	233	44	8	2	-	2
2019.05	성북구	정릉1동	7,407	2,173	1,598	1,637	1,504	371	91	28	2	1	2
2019.05	성북구	정릉2동	9,634	2,981	2,284	2,006	1,800	413	107	34	4	2	3
2019.05	성북구	정릉3동	7,760	3,969	1,500	1,090	880	252	53	11	1	1	3
2019.05	성북구	정릉4동	11,004	3,598	2,563	2,290	1,929	478	103	32	10	-	1
2019.05	성북구	길음1동	12,876	2,546	2,442	3,145	3,760	757	176	36	7	2	5
2019.05	성북구	길음2동	6,593	2,294	1,380	1,331	1,222	289	57	19	1	-	-
2019.05	성북구	월곡1동	10,755	3,125	2,406	2,267	2,249	542	129	25	9	2	1
2019.05	성북구	월곡2동	9,095	3,908	1,852	1,530	1,346	343	89	17	7	1	2
2019.05	성북구	장위1동	9,048	3,361	2,125	1,651	1,433	356	86	29	5	1	1
2019.05	성북구	장위2동	6,353	2,465	1,566	1,152	850	237	62	15	5	1	-
2019.05	성북구	장위3동	4,730	1,647	1,018	926	859	218	48	11	2	1	-
2019.05	성북구	성북동	8,024	3,677	1,721	1,204	979	319	83	29	5	1	6
2019.05	성북구	삼선동	12,699	6,196	2,474	1,818	1,671	416	96	20	5	3	-
2019.05	성북구	동선동	9,039	5,681	1,471	964	680	177	49	10	5	1	1
2019.05	성북구	종암동	17,127	6,285	3,515	3,267	3,080	768	157	43	4	5	3
2019.05	성북구	석관동	15,902	6,260	3,660	3,011	2,264	538	120	36	10	2	1
2019.05	강북구	소계	143,630	58,593	33,218	25,314	19,987	5,045	1,105	237	86	18	27
2019.05	강북구	번1동	10,253	5,438	2,119	1,429	985	216	57	5	4	-	-
2019.05	강북구	번2동	7,607	2,642	2,080	1,512	1,034	247	72	14	3	-	3
2019.05	강북구	번3동	7,613	2,189	2,128	1,589	1,252	349	77	25	3	1	-
2019.05	강북구	수유1동	10,352	4,644	2,308	1,698	1,265	339	70	15	8	1	4
2019.05	강북구	수유2동	9,551	3,385	2,437	1,805	1,421	385	85	23	7	1	2
2019.05	강북구	수유3동	12,690	6,737	2,574	1,836	1,180	281	59	14	4	3	2
2019.05	강북구	삼양동	11,622	4,591	2,694	2,138	1,640	443	83	17	10	3	3
2019.05	강북구	미아동	11,357	5,626	2,422	1,663	1,249	308	67	12	7	2	1
2019.05	강북구	송중동	13,002	5,561	2,831	2,203	1,799	470	98	29	6	2	3
2019.05	강북구	송천동	13,740	6,158	3,155	2,242	1,672	414	74	15	8	-	2
2019.05	강북구	삼각산동	11,803	2,521	2,476	2,725	3,208	699	133	27	13	-	1
2019.05	강북구	우이동	9,475	3,542	2,393	1,758	1,304	363	88	14	5	4	4
2019.05	강북구	인수동	14,565	5,559	3,601	2,716	1,978	531	142	27	8	1	2
2019.05	도봉구	소계	138,426	44,055	32,988	28,784	24,841	5,966	1,323	327	95	35	12
2019.05	도봉구	쌍문1동	9,238	3,046	2,263	1,876	1,507	411	104	20	8	2	1
2019.05	도봉구	쌍문2동	8,631	2,949	2,202	1,715	1,334	320	88	19	1	-	3
2019.05	도봉구	쌍문3동	7,805	3,094	1,865	1,422	1,082	271	54	13	3	-	1
2019.05	도봉구	쌍문4동	7,160	1,490	1,590	1,700	1,877	412	73	11	5	2	-
2019.05	도봉구	방학1동	12,855	4,648	2,951	2,421	2,104	566	119	35	5	5	1
2019.05	도봉구	방학2동	9,544	3,710	2,296	1,800	1,306	334	74	19	3	2	-
2019.05	도봉구	방학3동	10,111	1,792	2,312	2,569	2,618	620	146	36	13	4	1
2019.05	도봉구	창1동	10,958	3,574	2,545	2,272	2,040	412	88	23	2	2	-
2019.05	도봉구	창2동	12,404	3,700	2,998	2,746	2,233	527	142	36	16	6	-
2019.05	도봉구	창3동	6,687	2,552	1,672	1,203	957	237	47	17	2	-	-
2019.05	도봉구	창4동	10,625	2,759	2,275	2,393	2,505	559	97	21	14	2	-
2019.05	도봉구	창5동	9,963	2,645	2,272	2,344	2,103	465	93	28	8	5	-
2019.05	도봉구	도봉1동	10,248	4,047	2,661	1,813	1,247	374	67	23	8	4	4
2019.05	도봉구	도봉2동	12,197	4,049	3,086	2,510	1,928	458	131	26	7	1	1
2019.05	노원구	소계	217,622	68,690	48,137	44,609	44,238	9,510	1,863	384	119	49	23
2019.05	노원구	월계1동	10,525	4,346	2,193	1,804	1,625	450	83	19	4	-	1
2019.05	노원구	월계2동	11,261	3,850	2,889	2,163	1,816	415	105	13	6	3	1
2019.05	노원구	월계3동	13,009	3,665	3,509	2,871	2,304	499	123	26	9	2	1
2019.05	노원구	공릉2동	16,300	5,433	3,082	3,260	3,551	762	158	34	9	10	1
2019.05	노원구	하계1동	12,452	4,844	2,346	2,182	2,438	508	96	16	16	1	5
2019.05	노원구	하계2동	8,291	1,583	1,765	2,016	2,360	463	85	13	3	3	-
2019.05	노원구	중계본동	9,114	2,108	1,425	1,953	2,789	676	127	24	8	2	2
2019.05	노원구	중계1동	9,109	1,414	1,325	2,310	3,334	615	80	22	8	1	-
2019.05	노원구	중계4동	8,486	2,481	1,965	1,692	1,857	391	79	15	3	2	1
2019.05	노원구	상계1동	15,592	4,334	3,558	3,386	3,241	854	168	34	9	4	4
2019.05	노원구	상계2동	8,769	3,113	1,720	1,640	1,806	372	92	19	5	1	1
2019.05	노원구	상계5동	11,042	3,861	2,636	2,190	1,805	423	89	22	8	7	1
2019.05	노원구	상계8동	9,280	2,229	2,222	2,322	2,077	363	50	15	2	-	-
2019.05	노원구	상계9동	8,466	2,031	2,091	2,043	1,908	321	57	13	-	2	-
2019.05	노원구	상계10동	6,606	1,688	1,744	1,506	1,393	208	48	13	3	2	1
2019.05	노원구	상계3.4동	11,639	4,541	2,821	1,989	1,669	474	109	23	11	2	-
2019.05	노원구	상계6.7동	14,064	4,194	3,256	3,082	2,888	550	70	18	2	2	2
2019.05	노원구	중계2.3동	15,463	4,822	3,925	3,215	2,791	582	102	17	6	1	2
2019.05	노원구	공릉1동	18,154	8,153	3,665	2,985	2,586	584	142	28	7	4	-
2019.05	은평구	소계	207,003	75,178	47,705	39,449	33,434	8,584	1,984	473	127	35	34
2019.05	은평구	녹번동	16,847	6,547	4,035	3,098	2,432	585	110	34	4	1	1
2019.05	은평구	불광1동	17,788	6,412	4,274	3,534	2,739	623	156	39	8	3	-
2019.05	은평구	갈현1동	11,187	4,472	2,659	2,013	1,550	375	86	21	8	3	-
2019.05	은평구	갈현2동	12,591	4,199	3,012	2,595	2,119	509	119	27	8	1	2
2019.05	은평구	구산동	13,029	3,902	3,129	2,739	2,408	647	146	34	15	1	8
2019.05	은평구	대조동	15,611	7,366	3,458	2,435	1,775	424	120	26	5	1	1
2019.05	은평구	응암1동	11,336	4,655	2,453	1,995	1,680	422	97	17	6	4	7
2019.05	은평구	응암2동	8,714	2,534	1,994	1,959	1,702	405	83	20	8	4	5
2019.05	은평구	신사1동	11,712	3,643	2,851	2,512	2,066	480	115	31	8	5	1
2019.05	은평구	신사2동	9,206	3,125	2,141	1,836	1,585	393	93	25	5	2	1
2019.05	은평구	증산동	6,937	2,461	1,653	1,294	1,139	314	53	19	4	-	-
2019.05	은평구	수색동	4,028	1,454	969	762	621	161	47	12	1	1	-
2019.05	은평구	진관동	20,895	5,509	4,091	4,233	5,028	1,563	376	68	19	4	4
2019.05	은평구	불광2동	13,762	5,832	3,273	2,353	1,719	449	96	28	9	2	1
2019.05	은평구	응암3동	12,585	5,775	2,841	1,982	1,492	366	94	27	5	-	3
2019.05	은평구	역촌동	20,775	7,292	4,872	4,109	3,379	868	193	45	14	3	-
2019.05	서대문구	소계	139,963	58,313	29,348	24,420	21,080	5,179	1,168	335	82	23	15
2019.05	서대문구	천연동	8,226	3,319	1,703	1,519	1,315	292	54	17	2	3	2
2019.05	서대문구	홍제1동	10,224	3,403	2,438	2,067	1,719	453	97	31	9	4	3
2019.05	서대문구	홍제3동	7,066	2,616	1,645	1,312	1,134	279	61	10	8	1	-
2019.05	서대문구	홍제2동	5,856	1,731	1,403	1,298	1,102	252	45	15	5	1	4
2019.05	서대문구	홍은1동	9,424	3,122	2,158	1,879	1,679	448	108	25	4	-	1
2019.05	서대문구	홍은2동	12,172	4,678	2,751	2,220	1,877	462	121	47	14	2	-
2019.05	서대문구	남가좌1동	6,119	1,459	1,234	1,469	1,494	361	78	20	2	1	1
2019.05	서대문구	남가좌2동	11,244	4,591	2,421	1,969	1,750	396	82	29	4	2	-
2019.05	서대문구	북가좌1동	7,011	1,556	1,622	1,678	1,621	409	93	20	9	1	2
2019.05	서대문구	북가좌2동	14,782	5,489	3,484	2,805	2,288	547	127	38	4	-	-
2019.05	서대문구	충현동	8,837	4,448	1,701	1,241	1,072	281	72	17	4	1	-
2019.05	서대문구	북아현동	7,558	2,878	1,655	1,487	1,224	253	46	11	2	2	-
2019.05	서대문구	신촌동	12,341	9,148	1,501	835	635	154	45	15	5	1	2
2019.05	서대문구	연희동	19,103	9,875	3,632	2,641	2,170	592	139	40	10	4	-
2019.05	마포구	소계	173,816	77,125	35,618	28,519	25,009	5,809	1,248	333	100	27	28
2019.05	마포구	용강동	9,164	3,178	1,939	1,878	1,696	362	82	21	6	2	-
2019.05	마포구	대흥동	7,163	4,776	1,148	594	504	108	22	7	1	-	3
2019.05	마포구	염리동	5,735	2,474	1,182	991	847	184	39	11	5	-	2
2019.05	마포구	신수동	9,206	3,592	1,887	1,718	1,571	326	79	24	8	1	-
2019.05	마포구	서교동	14,060	8,619	2,472	1,482	1,106	286	66	17	7	4	1
2019.05	마포구	합정동	9,594	4,954	2,104	1,274	963	216	56	15	5	1	6
2019.05	마포구	망원1동	10,688	5,054	2,399	1,532	1,305	315	60	18	2	1	2
2019.05	마포구	망원2동	8,282	3,020	1,888	1,506	1,437	343	67	14	5	2	-
2019.05	마포구	연남동	8,672	4,802	1,746	1,057	781	221	44	12	5	1	3
2019.05	마포구	성산1동	9,338	4,139	2,055	1,487	1,209	342	68	24	9	2	3
2019.05	마포구	성산2동	18,688	7,825	3,845	3,228	2,928	683	141	25	11	1	1
2019.05	마포구	상암동	12,843	4,223	2,428	2,486	2,710	771	161	48	11	4	1
2019.05	마포구	도화동	9,626	3,621	2,035	1,822	1,637	385	91	26	5	2	2
2019.05	마포구	서강동	11,683	5,180	2,252	1,968	1,797	384	68	24	7	1	2
2019.05	마포구	공덕동	18,899	8,493	3,973	3,140	2,593	535	124	28	10	3	-
2019.05	마포구	아현동	10,175	3,175	2,265	2,356	1,925	348	80	19	3	2	2
2019.05	양천구	소계	176,990	49,573	37,170	38,417	40,352	8,969	1,857	450	132	38	32
2019.05	양천구	목1동	10,464	1,589	1,698	2,813	3,512	653	142	43	10	3	1
2019.05	양천구	목2동	12,972	4,415	2,847	2,592	2,399	564	116	26	7	1	5
2019.05	양천구	목3동	9,839	3,475	2,333	1,984	1,585	327	96	29	5	4	1
2019.05	양천구	목4동	10,126	2,856	1,881	2,113	2,555	564	117	29	8	1	2
2019.05	양천구	신월1동	10,119	4,286	2,319	1,784	1,309	325	73	18	3	2	-
2019.05	양천구	신월2동	8,720	2,409	2,047	1,909	1,727	466	109	40	7	3	3
2019.05	양천구	신월3동	8,227	3,926	1,818	1,249	888	266	64	12	1	1	2
2019.05	양천구	신월4동	6,860	1,455	1,556	1,672	1,595	442	112	22	4	2	-
2019.05	양천구	신월5동	6,395	2,114	1,464	1,319	1,125	281	72	17	1	2	-
2019.05	양천구	신월6동	2,525	656	570	554	567	136	32	8	1	1	-
2019.05	양천구	신월7동	9,246	2,909	2,516	1,909	1,493	318	77	18	5	-	1
2019.05	양천구	신정1동	7,213	1,386	1,230	1,639	2,345	497	92	13	8	-	3
2019.05	양천구	신정2동	7,148	1,542	1,287	1,513	2,197	509	77	14	5	2	2
2019.05	양천구	신정3동	17,936	4,376	4,074	3,924	4,154	1,135	206	45	15	3	4
2019.05	양천구	신정6동	8,154	1,014	1,415	2,281	2,790	526	96	17	12	2	1
2019.05	양천구	신정7동	11,512	2,870	2,558	2,603	2,830	511	99	25	16	-	-
2019.05	양천구	목5동	13,533	1,635	2,045	3,652	5,094	874	163	45	15	7	3
2019.05	양천구	신정4동	16,001	6,660	3,512	2,907	2,187	575	114	29	9	4	4
2019.05	강서구	소계	261,153	100,679	57,685	48,042	41,837	10,079	2,100	534	133	39	25
2019.05	강서구	염창동	15,018	3,365	2,860	3,738	4,075	805	128	40	5	2	-
2019.05	강서구	등촌1동	11,973	6,314	2,171	1,676	1,438	294	57	19	2	2	-
2019.05	강서구	등촌2동	8,614	2,508	1,971	1,889	1,682	421	97	32	11	3	-
2019.05	강서구	등촌3동	14,814	5,545	3,921	2,661	2,121	449	89	22	5	-	1
2019.05	강서구	화곡본동	16,379	6,827	3,677	2,931	2,232	541	115	36	15	3	2
2019.05	강서구	화곡2동	8,239	2,790	2,013	1,682	1,274	394	61	15	7	2	1
2019.05	강서구	화곡3동	9,384	3,200	2,125	1,913	1,586	422	112	19	4	1	2
2019.05	강서구	화곡4동	9,681	3,527	2,406	1,919	1,377	347	78	22	3	2	-
2019.05	강서구	화곡6동	11,385	4,916	2,397	1,919	1,628	405	93	16	4	2	5
2019.05	강서구	화곡8동	11,622	4,206	3,021	2,188	1,686	404	86	26	3	2	-
2019.05	강서구	가양1동	18,810	11,707	2,549	2,067	1,908	467	84	22	4	-	2
2019.05	강서구	가양2동	8,111	3,954	2,173	1,152	628	138	46	12	6	1	1
2019.05	강서구	가양3동	7,907	3,109	2,424	1,435	716	181	31	10	1	-	-
2019.05	강서구	발산1동	13,440	2,632	2,871	3,112	3,680	913	177	42	7	4	2
2019.05	강서구	공항동	12,785	5,549	2,667	2,169	1,824	466	90	17	3	-	-
2019.05	강서구	방화1동	17,426	4,845	3,767	3,657	3,834	1,041	211	53	12	5	1
2019.05	강서구	방화2동	11,632	5,417	2,576	1,789	1,333	387	96	27	4	-	3
2019.05	강서구	방화3동	11,254	4,464	2,845	2,027	1,427	363	103	15	8	2	-
2019.05	강서구	화곡1동	26,083	11,847	6,029	4,378	2,892	717	155	47	11	4	3
2019.05	강서구	우장산동	16,596	3,957	3,222	3,740	4,496	924	191	42	18	4	2
2019.05	구로구	소계	174,302	64,349	39,271	32,645	28,780	7,155	1,584	365	98	35	20
2019.05	구로구	신도림동	13,457	2,940	2,850	3,363	3,385	702	167	35	10	5	-
2019.05	구로구	구로1동	7,842	1,723	1,795	1,855	1,970	414	60	16	5	3	1
2019.05	구로구	구로3동	13,287	7,705	2,205	1,617	1,316	337	75	23	6	2	1
2019.05	구로구	구로4동	10,611	4,962	2,534	1,657	1,128	250	61	9	7	2	1
2019.05	구로구	구로5동	14,375	6,782	2,851	2,261	1,879	447	114	31	8	1	1
2019.05	구로구	고척1동	9,560	2,891	2,159	1,990	1,953	434	100	22	7	4	-
2019.05	구로구	고척2동	11,658	3,685	2,727	2,365	2,227	510	116	21	5	2	-
2019.05	구로구	개봉2동	12,638	3,102	3,210	2,921	2,537	655	169	35	7	1	1
2019.05	구로구	개봉3동	8,833	2,592	2,270	1,918	1,570	392	73	13	4	1	-
2019.05	구로구	오류1동	10,712	5,023	2,351	1,671	1,237	335	70	12	7	1	5
2019.05	구로구	오류2동	18,779	5,377	4,485	3,792	3,716	1,109	220	58	13	4	5
2019.05	구로구	수궁동	9,861	2,773	2,490	2,137	1,805	503	124	22	3	3	1
2019.05	구로구	가리봉동	5,859	3,864	1,028	513	335	93	18	5	2	-	1
2019.05	구로구	구로2동	12,832	6,167	2,912	1,876	1,391	359	83	31	8	4	1
2019.05	구로구	개봉1동	13,998	4,763	3,404	2,709	2,331	615	134	32	6	2	2
2019.05	금천구	소계	109,589	48,670	23,461	17,853	14,765	3,693	863	202	47	20	15
2019.05	금천구	가산동	13,503	9,618	1,748	1,105	783	182	56	7	2	2	-
2019.05	금천구	독산1동	19,523	9,301	3,742	3,004	2,621	661	145	35	7	2	5
2019.05	금천구	독산2동	9,289	3,962	2,166	1,601	1,214	267	60	14	2	1	2
2019.05	금천구	독산3동	12,283	5,611	2,789	1,934	1,498	348	77	17	4	5	-
2019.05	금천구	독산4동	7,622	3,290	1,762	1,265	967	260	60	12	3	2	1
2019.05	금천구	시흥1동	15,802	6,569	3,534	2,714	2,279	557	102	39	4	2	2
2019.05	금천구	시흥2동	8,426	2,019	2,007	1,860	1,870	482	145	31	8	1	3
2019.05	금천구	시흥3동	4,720	1,425	1,230	1,000	781	219	51	10	4	-	-
2019.05	금천구	시흥4동	9,067	3,063	2,208	1,788	1,503	384	86	19	10	5	1
2019.05	금천구	시흥5동	9,354	3,812	2,275	1,582	1,249	333	81	18	3	-	1
2019.05	영등포구	소계	173,503	79,183	34,534	28,263	24,264	5,585	1,226	314	81	22	31
2019.05	영등포구	여의동	13,323	3,882	2,872	2,972	2,790	596	145	42	16	3	5
2019.05	영등포구	당산1동	10,470	5,244	2,092	1,552	1,202	278	78	15	5	1	3
2019.05	영등포구	당산2동	17,199	8,527	2,889	2,639	2,438	532	125	34	13	1	1
2019.05	영등포구	양평1동	8,829	4,225	1,909	1,385	1,012	227	47	18	3	3	-
2019.05	영등포구	양평2동	10,100	4,155	2,039	1,791	1,665	350	76	17	4	1	2
2019.05	영등포구	신길1동	9,855	5,869	1,788	1,137	792	214	40	9	3	2	1
2019.05	영등포구	신길3동	7,523	2,928	1,597	1,401	1,229	308	42	12	4	1	1
2019.05	영등포구	신길4동	4,286	1,880	953	728	547	143	29	4	2	-	-
2019.05	영등포구	신길5동	4,259	1,815	956	718	573	144	41	9	-	1	2
2019.05	영등포구	신길6동	8,427	3,629	1,809	1,405	1,203	292	61	18	3	1	6
2019.05	영등포구	신길7동	6,561	1,943	1,300	1,367	1,519	341	67	18	4	1	1
2019.05	영등포구	대림1동	6,392	3,000	1,424	947	778	189	38	13	2	-	1
2019.05	영등포구	대림2동	6,836	3,602	1,536	872	605	167	41	9	4	-	-
2019.05	영등포구	대림3동	10,560	3,965	2,427	1,996	1,644	402	95	25	5	1	-
2019.05	영등포구	영등포본동	10,215	4,483	2,004	1,756	1,526	357	64	18	3	2	2
2019.05	영등포구	영등포동	16,911	12,041	2,204	1,340	1,031	225	54	11	2	-	3
2019.05	영등포구	도림동	9,274	4,373	2,064	1,434	1,056	269	55	17	5	1	-
2019.05	영등포구	문래동	12,483	3,622	2,671	2,823	2,654	551	128	25	3	3	3
2019.05	동작구	소계	180,383	76,036	37,276	31,120	27,479	6,512	1,432	377	101	31	19
2019.05	동작구	노량진2동	7,219	4,087	1,427	920	604	134	34	9	3	1	-
2019.05	동작구	상도1동	21,378	9,709	3,866	3,626	3,239	728	159	39	8	2	2
2019.05	동작구	상도2동	12,804	5,120	2,672	2,299	2,103	468	114	22	4	1	1
2019.05	동작구	상도3동	11,781	5,010	2,561	2,082	1,585	390	101	36	10	4	2
2019.05	동작구	상도4동	13,426	5,331	3,070	2,460	1,986	470	80	22	5	-	2
2019.05	동작구	사당1동	13,002	7,362	2,603	1,581	1,115	262	60	10	6	3	-
2019.05	동작구	사당3동	10,756	3,477	2,455	2,238	1,966	468	102	38	8	2	2
2019.05	동작구	사당4동	6,968	3,043	1,564	1,150	931	215	41	17	5	2	-
2019.05	동작구	사당5동	5,731	2,247	1,230	1,070	931	197	42	10	2	2	-
2019.05	동작구	대방동	17,074	6,852	3,209	2,867	3,193	728	157	48	12	3	5
2019.05	동작구	신대방1동	9,863	3,528	1,939	1,787	1,981	484	109	23	8	1	3
2019.05	동작구	신대방2동	9,262	4,085	1,720	1,481	1,455	394	90	31	5	1	-
2019.05	동작구	흑석동	14,258	5,493	2,982	2,718	2,362	575	95	22	8	3	-
2019.05	동작구	노량진1동	14,946	6,575	3,120	2,466	2,093	533	120	27	7	4	1
2019.05	동작구	사당2동	11,915	4,117	2,858	2,375	1,935	466	128	23	10	2	1
2019.05	관악구	소계	266,389	147,841	49,066	33,446	27,256	6,680	1,527	394	122	30	27
2019.05	관악구	보라매동	12,238	5,720	2,653	1,901	1,486	375	83	13	1	3	3
2019.05	관악구	청림동	6,573	1,977	1,562	1,480	1,204	263	63	14	7	1	2
2019.05	관악구	행운동	17,112	10,454	2,928	1,837	1,412	357	96	18	8	1	1
2019.05	관악구	낙성대동	10,752	7,497	1,469	875	673	171	48	12	5	-	2
2019.05	관악구	중앙동	9,203	5,906	1,551	856	678	162	41	5	1	2	1
2019.05	관악구	인헌동	14,057	7,572	2,680	1,828	1,501	372	73	26	5	-	-
2019.05	관악구	남현동	9,318	4,632	1,853	1,381	1,092	269	61	19	7	1	3
2019.05	관악구	서원동	13,741	8,512	2,541	1,420	936	251	61	13	6	1	-
2019.05	관악구	신원동	10,441	5,938	2,154	1,230	864	188	46	15	1	3	2
2019.05	관악구	서림동	14,217	9,108	2,266	1,402	1,063	279	69	22	6	-	2
2019.05	관악구	신사동	13,192	7,994	2,316	1,461	1,110	238	54	13	5	-	1
2019.05	관악구	신림동	16,636	13,441	1,964	690	419	87	30	4	-	1	-
2019.05	관악구	난향동	6,477	1,898	1,500	1,331	1,315	321	81	23	5	1	2
2019.05	관악구	조원동	10,120	6,241	1,788	1,021	837	168	35	19	8	3	-
2019.05	관악구	대학동	15,784	11,647	1,811	1,170	854	230	58	10	4	-	-
2019.05	관악구	은천동	15,832	6,555	3,473	2,670	2,415	543	131	29	13	2	1
2019.05	관악구	성현동	13,005	3,921	3,042	2,639	2,597	638	122	30	13	2	1
2019.05	관악구	청룡동	19,267	13,931	2,500	1,340	1,108	296	67	19	3	1	2
2019.05	관악구	난곡동	12,827	4,923	3,137	2,334	1,849	438	104	30	10	1	1
2019.05	관악구	삼성동	11,495	4,603	2,714	1,972	1,620	451	95	30	5	5	-
2019.05	관악구	미성동	14,102	5,371	3,164	2,608	2,223	583	109	30	9	2	3
2019.05	서초구	소계	172,988	57,828	34,228	34,108	35,329	8,609	2,070	530	191	52	43
2019.05	서초구	서초1동	9,249	3,812	1,732	1,620	1,510	405	122	31	15	2	-
2019.05	서초구	서초2동	8,251	3,647	1,467	1,406	1,343	283	80	14	7	2	2
2019.05	서초구	서초3동	13,391	5,574	2,581	2,292	2,113	586	169	42	21	6	7
2019.05	서초구	서초4동	11,021	2,385	1,906	2,590	3,301	650	129	45	9	4	2
2019.05	서초구	잠원동	13,927	4,707	2,608	2,920	2,950	590	109	24	13	4	2
2019.05	서초구	반포본동	4,180	745	833	976	1,292	254	59	15	4	1	1
2019.05	서초구	반포1동	14,385	6,311	2,266	2,312	2,669	631	146	31	13	6	-
2019.05	서초구	반포2동	5,180	746	834	1,314	1,698	467	88	22	7	2	2
2019.05	서초구	반포3동	6,998	1,283	1,369	1,838	2,020	391	64	23	6	2	2
2019.05	서초구	반포4동	7,398	1,912	1,506	1,762	1,652	417	105	24	10	8	2
2019.05	서초구	방배본동	7,889	2,080	1,541	1,730	1,895	486	108	34	9	2	4
2019.05	서초구	방배1동	7,578	2,883	1,677	1,406	1,224	287	72	19	6	1	3
2019.05	서초구	방배2동	8,915	3,139	2,060	1,696	1,524	384	72	25	5	4	6
2019.05	서초구	방배3동	8,514	2,261	1,885	1,886	1,882	445	111	30	12	-	2
2019.05	서초구	방배4동	9,756	3,393	1,997	1,785	1,932	471	141	26	9	-	2
2019.05	서초구	양재1동	18,248	5,907	3,966	3,403	3,487	1,108	278	73	21	4	1
2019.05	서초구	양재2동	10,865	4,976	2,206	1,658	1,478	396	113	21	13	1	3
2019.05	서초구	내곡동	7,243	2,067	1,794	1,514	1,359	358	104	31	11	3	2
2019.05	강남구	소계	230,375	89,958	43,233	40,995	43,169	9,898	2,226	616	170	73	37
2019.05	강남구	신사동	7,524	2,957	1,575	1,302	1,232	329	83	23	14	6	3
2019.05	강남구	논현1동	14,167	9,256	2,464	1,228	864	259	56	27	8	3	2
2019.05	강남구	논현2동	11,340	6,113	2,095	1,537	1,216	275	77	18	8	1	-
2019.05	강남구	삼성1동	5,919	1,961	1,219	1,179	1,156	283	88	24	7	1	1
2019.05	강남구	삼성2동	13,241	5,616	2,306	2,294	2,338	495	127	49	9	4	3
2019.05	강남구	대치1동	7,400	575	900	1,940	3,145	664	119	39	9	6	3
2019.05	강남구	대치4동	10,133	5,268	1,663	1,402	1,390	314	74	17	4	-	1
2019.05	강남구	역삼1동	23,297	16,347	3,564	1,733	1,178	338	92	31	10	4	-
2019.05	강남구	역삼2동	15,109	6,044	2,296	2,779	3,165	635	131	33	12	5	9
2019.05	강남구	도곡1동	8,556	2,490	1,559	1,835	2,091	438	100	28	11	3	1
2019.05	강남구	도곡2동	11,850	2,234	2,300	3,000	3,429	703	145	31	3	3	2
2019.05	강남구	개포1동	2,813	888	627	507	602	153	24	8	3	1	-
2019.05	강남구	개포4동	7,774	2,930	1,549	1,415	1,441	348	64	19	5	1	2
2019.05	강남구	일원본동	8,207	1,499	1,467	2,014	2,592	506	96	23	5	4	1
2019.05	강남구	일원1동	7,553	3,127	1,749	1,305	996	292	68	14	2	-	-
2019.05	강남구	일원2동	7,277	2,153	1,752	1,543	1,483	292	39	13	1	-	1
2019.05	강남구	수서동	7,845	3,251	2,297	1,282	759	188	50	10	5	2	1
2019.05	강남구	세곡동	17,703	5,724	3,773	3,216	3,415	1,164	318	70	15	7	1
2019.05	강남구	압구정동	10,731	3,016	2,366	2,389	2,258	519	130	32	10	9	2
2019.05	강남구	청담동	12,479	4,632	2,420	2,397	2,265	548	140	49	17	8	3
2019.05	강남구	대치2동	13,060	2,448	2,019	3,186	4,382	822	143	46	8	5	1
2019.05	강남구	개포2동	6,397	1,429	1,273	1,512	1,772	333	62	12	4	-	-
2019.05	송파구	소계	278,273	94,131	57,986	55,583	54,882	12,120	2,699	605	187	49	31
2019.05	송파구	풍납1동	6,661	2,524	1,605	1,211	1,047	207	53	8	5	1	-
2019.05	송파구	풍납2동	10,465	3,903	2,006	2,111	1,905	413	94	27	6	-	-
2019.05	송파구	거여1동	5,437	1,802	1,265	1,044	1,017	241	56	8	3	-	1
2019.05	송파구	거여2동	7,229	2,480	1,786	1,406	1,209	257	68	16	3	1	3
2019.05	송파구	마천1동	9,122	3,544	2,073	1,562	1,395	434	88	22	2	2	-
2019.05	송파구	마천2동	8,667	3,074	2,103	1,652	1,353	359	99	17	9	-	1
2019.05	송파구	방이1동	6,235	1,813	1,202	1,319	1,463	331	82	17	6	1	1
2019.05	송파구	방이2동	13,356	7,017	2,691	1,828	1,410	328	64	14	2	1	1
2019.05	송파구	오륜동	5,978	659	1,048	1,607	2,102	448	81	22	7	2	2
2019.05	송파구	오금동	15,712	4,224	3,522	3,550	3,384	802	182	39	8	1	-
2019.05	송파구	송파1동	12,414	5,769	2,652	1,929	1,533	396	89	38	5	2	1
2019.05	송파구	송파2동	7,290	1,514	1,485	1,750	1,956	450	99	24	8	3	1
2019.05	송파구	석촌동	16,717	8,272	3,456	2,487	1,916	433	121	18	8	6	-
2019.05	송파구	삼전동	16,275	8,153	3,233	2,404	1,932	439	84	22	4	1	3
2019.05	송파구	가락본동	11,799	4,398	2,459	2,269	2,053	495	96	24	3	-	2
2019.05	송파구	가락1동	9,103	1,663	2,277	2,323	2,312	417	88	15	4	2	2
2019.05	송파구	가락2동	12,264	2,820	2,475	2,936	3,197	634	152	39	9	1	1
2019.05	송파구	문정1동	8,526	2,743	1,831	1,758	1,684	395	81	19	12	3	-
2019.05	송파구	문정2동	15,439	8,390	2,767	1,974	1,800	362	104	23	13	3	3
2019.05	송파구	장지동	13,396	3,702	3,140	2,976	2,738	658	137	34	10	1	-
2019.05	송파구	위례동	9,018	1,046	1,733	2,339	2,902	792	168	24	11	3	-
2019.05	송파구	잠실본동	14,970	7,861	2,913	2,070	1,610	385	106	15	9	-	1
2019.05	송파구	잠실4동	8,517	1,471	1,675	2,343	2,436	454	107	16	10	5	-
2019.05	송파구	잠실6동	5,936	946	1,347	1,582	1,554	384	84	25	8	4	2
2019.05	송파구	잠실7동	3,474	510	798	894	1,001	209	41	14	6	1	-
2019.05	송파구	잠실2동	11,999	1,857	1,879	3,047	4,351	690	137	29	6	2	1
2019.05	송파구	잠실3동	12,274	1,976	2,565	3,212	3,622	707	138	36	10	3	5
2019.05	강동구	소계	177,250	62,363	38,213	34,357	32,397	7,722	1,626	412	102	28	30
2019.05	강동구	강일동	11,203	2,208	2,565	2,237	2,883	1,072	192	34	8	2	2
2019.05	강동구	상일동	4,187	1,160	880	934	920	220	51	14	6	-	2
2019.05	강동구	명일1동	8,133	1,946	1,662	1,922	2,014	454	104	18	9	2	2
2019.05	강동구	명일2동	6,006	1,113	1,053	1,336	1,961	430	80	24	8	1	-
2019.05	강동구	고덕1동	9,124	1,571	1,628	2,272	2,908	605	102	24	5	1	8
2019.05	강동구	고덕2동	3,381	1,475	770	561	423	116	24	7	3	-	2
2019.05	강동구	암사2동	5,898	1,814	1,323	1,283	1,195	218	49	9	3	3	1
2019.05	강동구	암사3동	6,363	1,036	1,328	1,626	1,816	405	99	31	14	3	5
2019.05	강동구	천호1동	12,827	5,068	2,959	2,403	1,835	441	85	25	8	2	1
2019.05	강동구	천호3동	13,660	6,468	2,934	2,187	1,591	372	78	27	2	-	1
2019.05	강동구	성내1동	8,148	2,362	1,852	1,789	1,647	398	76	21	2	-	1
2019.05	강동구	성내2동	12,515	6,091	2,756	1,961	1,291	320	72	17	4	3	-
2019.05	강동구	성내3동	10,201	3,754	2,205	1,983	1,768	395	72	17	4	2	1
2019.05	강동구	둔촌1동	170	118	21	13	14	2	2	-	-	-	-
2019.05	강동구	둔촌2동	11,157	3,501	2,407	2,299	2,323	495	101	28	1	1	1
2019.05	강동구	암사1동	16,213	6,108	3,700	3,085	2,584	557	133	35	10	-	1
2019.05	강동구	천호2동	17,656	8,524	3,840	2,715	2,001	430	111	28	6	1	-
2019.05	강동구	길동	20,408	8,046	4,330	3,751	3,223	792	195	53	9	7	2
2019.06	합계	합계	4,304,243	1,723,235	906,297	768,310	692,795	164,119	36,417	9,112	2,556	794	608
2019.06	종로구	소계	73,828	36,390	13,987	10,916	9,116	2,546	595	184	54	26	14
2019.06	종로구	사직동	4,552	2,224	885	680	531	168	29	24	6	2	3
2019.06	종로구	삼청동	1,401	743	250	182	149	52	18	6	1	-	-
2019.06	종로구	부암동	4,287	1,630	936	753	696	189	56	17	5	2	3
2019.06	종로구	평창동	7,495	2,410	1,665	1,490	1,385	422	80	25	10	8	-
2019.06	종로구	무악동	3,155	727	681	732	783	183	36	5	4	1	3
2019.06	종로구	교남동	4,574	1,610	1,107	917	745	145	32	10	5	3	-
2019.06	종로구	가회동	2,042	913	438	341	247	69	24	8	1	-	1
2019.06	종로구	종로1.2.3.4가동	5,290	4,189	518	297	211	54	14	6	1	-	-
2019.06	종로구	종로5·6가동	3,174	2,105	496	295	200	58	14	3	1	2	-
2019.06	종로구	이화동	4,509	2,712	790	504	368	102	22	9	1	1	-
2019.06	종로구	창신1동	2,952	1,724	567	340	214	85	16	6	-	-	-
2019.06	종로구	창신2동	4,134	1,918	870	653	493	154	33	9	4	-	-
2019.06	종로구	창신3동	2,892	891	668	635	490	169	33	1	4	1	-
2019.06	종로구	숭인1동	2,987	1,357	649	486	353	103	31	7	1	-	-
2019.06	종로구	숭인2동	5,766	3,758	909	566	404	101	20	6	2	-	-
2019.06	종로구	청운효자동	5,382	1,956	1,129	999	953	245	71	21	4	4	-
2019.06	종로구	혜화동	9,236	5,523	1,429	1,046	894	247	66	21	4	2	4
2019.06	중구	소계	62,156	30,425	12,963	9,226	7,133	1,778	452	117	28	13	21
2019.06	중구	소공동	1,107	633	199	152	98	17	6	-	-	-	2
2019.06	중구	회현동	3,213	2,172	439	289	222	67	13	10	1	-	-
2019.06	중구	명동	1,415	945	212	137	83	25	6	3	1	-	3
2019.06	중구	필동	2,303	1,421	407	236	167	55	10	5	1	-	1
2019.06	중구	장충동	2,694	1,680	451	242	226	71	19	1	1	1	2
2019.06	중구	광희동	2,936	1,854	529	284	190	50	23	4	1	-	1
2019.06	중구	을지로동	1,331	1,057	152	68	38	12	3	1	-	-	-
2019.06	중구	신당5동	4,805	2,320	989	744	562	133	39	14	2	2	-
2019.06	중구	황학동	6,739	3,624	1,415	906	594	156	33	8	1	1	1
2019.06	중구	중림동	5,851	2,471	1,253	1,068	827	163	52	12	5	-	-
2019.06	중구	신당동	4,425	2,716	809	456	337	75	25	4	2	1	-
2019.06	중구	다산동	6,931	3,089	1,616	1,076	890	197	40	14	4	2	3
2019.06	중구	약수동	7,777	2,815	2,014	1,524	1,064	274	64	15	3	1	3
2019.06	중구	청구동	6,441	2,470	1,533	1,176	951	243	53	6	2	4	3
2019.06	중구	동화동	4,188	1,158	945	868	884	240	66	20	4	1	2
2019.06	용산구	소계	109,692	51,507	22,654	16,920	13,783	3,585	900	227	64	30	22
2019.06	용산구	후암동	8,557	3,989	1,738	1,391	1,037	300	73	16	4	5	4
2019.06	용산구	용산2가동	5,482	2,784	1,229	771	523	137	28	9	1	-	-
2019.06	용산구	남영동	5,434	4,185	587	314	258	66	14	6	1	1	2
2019.06	용산구	원효로2동	6,019	2,047	1,316	1,174	1,088	286	75	20	8	2	3
2019.06	용산구	효창동	4,041	1,402	928	759	689	189	55	14	2	2	1
2019.06	용산구	용문동	5,376	1,896	1,297	1,025	868	226	47	11	2	3	1
2019.06	용산구	이촌1동	10,267	2,239	2,239	2,619	2,421	555	146	30	13	5	-
2019.06	용산구	이촌2동	3,867	1,315	1,049	755	558	139	31	12	8	-	-
2019.06	용산구	이태원1동	3,785	2,162	728	439	324	89	34	8	1	-	-
2019.06	용산구	이태원2동	4,903	2,598	1,015	660	449	126	43	8	3	1	-
2019.06	용산구	서빙고동	5,316	1,733	1,107	949	1,101	341	68	16	-	-	1
2019.06	용산구	보광동	7,722	4,043	1,688	1,030	722	189	37	10	2	1	-
2019.06	용산구	청파동	10,678	6,132	1,974	1,220	986	266	71	20	5	1	3
2019.06	용산구	원효로1동	7,588	3,520	1,641	1,201	943	220	47	6	5	3	2
2019.06	용산구	한강로동	9,613	5,374	1,834	1,233	896	194	59	17	3	2	1
2019.06	용산구	한남동	11,044	6,088	2,284	1,380	920	262	72	24	6	4	4
2019.06	성동구	소계	136,872	55,571	29,586	24,935	20,648	4,622	1,103	287	82	21	17
2019.06	성동구	왕십리2동	7,631	2,896	1,671	1,472	1,204	271	95	14	2	3	3
2019.06	성동구	마장동	10,884	4,779	2,300	1,774	1,527	377	84	28	9	3	3
2019.06	성동구	사근동	7,440	5,241	948	574	504	132	26	11	2	2	-
2019.06	성동구	행당1동	7,322	3,036	1,535	1,342	1,098	238	48	17	7	-	1
2019.06	성동구	행당2동	9,504	2,353	2,340	2,182	2,085	403	104	25	9	1	2
2019.06	성동구	응봉동	6,167	1,598	1,387	1,427	1,346	322	65	14	6	1	1
2019.06	성동구	금호1가동	6,630	2,091	1,652	1,419	1,145	250	56	15	2	-	-
2019.06	성동구	금호4가동	6,497	2,163	1,593	1,479	986	218	43	9	4	1	1
2019.06	성동구	성수1가1동	7,650	3,092	1,661	1,329	1,241	254	56	11	4	1	1
2019.06	성동구	성수1가2동	7,047	3,187	1,454	1,155	969	221	42	13	4	1	1
2019.06	성동구	성수2가1동	8,604	4,169	1,768	1,316	1,053	230	52	12	3	1	-
2019.06	성동구	성수2가3동	5,680	2,902	1,049	812	670	176	55	15	1	-	-
2019.06	성동구	송정동	5,580	2,775	1,146	818	631	168	33	7	-	2	-
2019.06	성동구	용답동	7,126	4,157	1,256	823	688	147	40	13	-	1	1
2019.06	성동구	왕십리도선동	11,774	4,406	2,458	2,338	2,005	423	109	26	9	-	-
2019.06	성동구	금호2.3가동	10,347	3,543	2,571	2,128	1,622	357	85	25	12	2	2
2019.06	성동구	옥수동	10,989	3,183	2,797	2,547	1,874	435	110	32	8	2	1
2019.06	광진구	소계	163,914	72,629	33,104	27,031	24,147	5,342	1,198	322	91	32	18
2019.06	광진구	화양동	15,930	12,427	1,992	758	600	110	33	7	2	-	1
2019.06	광진구	군자동	10,565	5,788	2,021	1,345	1,090	235	58	19	5	2	2
2019.06	광진구	중곡1동	8,031	3,854	1,809	1,246	862	193	45	14	7	1	-
2019.06	광진구	중곡2동	10,342	4,411	2,316	1,787	1,413	319	74	16	3	2	1
2019.06	광진구	중곡3동	8,492	3,950	1,927	1,330	978	247	47	10	2	1	-
2019.06	광진구	중곡4동	13,222	4,887	3,054	2,592	2,033	496	121	26	8	3	2
2019.06	광진구	능동	6,227	3,445	1,295	748	518	153	55	9	2	2	-
2019.06	광진구	구의1동	11,718	6,178	2,387	1,595	1,178	297	64	16	3	-	-
2019.06	광진구	구의2동	11,623	4,045	2,592	2,321	2,035	482	102	33	6	4	3
2019.06	광진구	구의3동	12,172	4,037	2,513	2,483	2,451	541	99	32	12	3	1
2019.06	광진구	광장동	12,039	2,186	1,904	3,003	4,033	697	161	36	15	4	-
2019.06	광진구	자양1동	11,463	5,555	2,430	1,702	1,364	316	69	20	3	1	3
2019.06	광진구	자양2동	11,244	3,926	2,498	2,224	1,996	453	100	37	6	2	2
2019.06	광진구	자양3동	11,057	2,875	2,351	2,492	2,620	544	119	34	13	6	3
2019.06	광진구	자양4동	9,789	5,065	2,015	1,405	976	259	51	13	4	1	-
2019.06	동대문구	소계	162,851	74,224	32,907	26,139	22,265	5,513	1,374	320	68	27	14
2019.06	동대문구	회기동	6,002	3,860	872	601	490	141	28	5	4	1	-
2019.06	동대문구	휘경1동	7,083	3,912	1,260	899	769	176	50	14	-	3	-
2019.06	동대문구	휘경2동	11,471	5,355	2,106	1,784	1,683	422	89	26	3	2	1
2019.06	동대문구	청량리동	10,527	4,957	2,307	1,597	1,221	338	90	14	2	-	1
2019.06	동대문구	용신동	16,960	9,975	3,033	1,926	1,515	384	99	23	5	-	-
2019.06	동대문구	제기동	13,045	6,910	2,592	1,728	1,310	366	112	22	1	3	1
2019.06	동대문구	전농1동	14,930	7,208	2,957	2,357	1,829	445	90	28	10	2	4
2019.06	동대문구	전농2동	7,756	2,180	1,849	1,709	1,495	390	102	25	4	-	2
2019.06	동대문구	답십리1동	12,654	4,795	2,622	2,428	2,130	512	126	33	5	2	1
2019.06	동대문구	답십리2동	12,695	4,299	3,054	2,493	2,200	504	112	26	5	2	-
2019.06	동대문구	장안1동	17,430	7,206	3,727	3,117	2,541	638	159	31	7	4	-
2019.06	동대문구	장안2동	13,045	4,446	2,809	2,678	2,385	544	141	30	8	2	2
2019.06	동대문구	이문1동	10,806	6,397	1,817	1,160	1,069	262	77	16	4	3	1
2019.06	동대문구	이문2동	8,447	2,724	1,902	1,662	1,628	391	99	27	10	3	1
2019.06	중랑구	소계	181,383	73,677	41,039	32,438	26,181	6,343	1,275	324	73	17	16
2019.06	중랑구	면목2동	12,218	5,379	2,722	2,014	1,603	398	82	13	6	1	-
2019.06	중랑구	면목4동	9,343	3,942	2,148	1,648	1,241	283	64	15	2	-	-
2019.06	중랑구	면목5동	4,579	1,888	1,093	811	616	139	24	6	2	-	-
2019.06	중랑구	면목7동	10,086	4,244	2,303	1,784	1,352	307	74	17	4	1	-
2019.06	중랑구	상봉1동	10,177	3,029	2,313	2,225	2,081	428	75	22	3	1	-
2019.06	중랑구	상봉2동	10,608	6,002	2,160	1,309	879	189	47	13	6	2	1
2019.06	중랑구	중화1동	8,980	3,173	2,192	1,796	1,392	344	56	17	6	2	2
2019.06	중랑구	중화2동	14,409	7,290	3,200	2,080	1,404	345	68	17	2	1	2
2019.06	중랑구	묵1동	14,578	4,638	3,281	3,051	2,736	661	157	37	13	2	2
2019.06	중랑구	묵2동	9,200	3,852	2,081	1,670	1,210	311	58	12	2	2	2
2019.06	중랑구	망우3동	8,482	3,681	1,981	1,467	1,045	245	52	8	1	2	-
2019.06	중랑구	신내1동	14,711	3,394	3,279	3,176	3,504	1,083	208	58	8	-	1
2019.06	중랑구	신내2동	9,065	2,732	2,237	2,009	1,651	343	67	17	7	-	2
2019.06	중랑구	면목본동	17,588	8,270	3,930	2,820	2,016	439	81	25	3	1	3
2019.06	중랑구	면목3.8동	12,584	5,529	2,895	2,139	1,560	359	75	23	4	-	-
2019.06	중랑구	망우본동	14,775	6,634	3,224	2,439	1,891	469	87	24	4	2	1
2019.06	성북구	소계	190,253	73,240	40,021	35,080	31,823	7,684	1,761	473	101	31	39
2019.06	성북구	돈암1동	6,326	1,789	1,541	1,364	1,244	290	73	20	2	1	2
2019.06	성북구	돈암2동	8,573	1,562	1,759	2,223	2,283	555	132	39	15	2	3
2019.06	성북구	안암동	9,065	5,838	1,405	898	719	156	35	8	2	3	1
2019.06	성북구	보문동	7,958	3,764	1,566	1,284	1,059	228	44	8	3	-	2
2019.06	성북구	정릉1동	7,426	2,181	1,615	1,633	1,509	362	92	30	1	1	2
2019.06	성북구	정릉2동	9,656	3,007	2,291	1,996	1,799	413	109	32	4	2	3
2019.06	성북구	정릉3동	7,753	3,969	1,501	1,086	879	251	51	11	1	1	3
2019.06	성북구	정릉4동	11,005	3,603	2,568	2,276	1,931	484	100	31	10	-	2
2019.06	성북구	길음1동	12,867	2,547	2,439	3,146	3,759	754	172	36	6	2	6
2019.06	성북구	길음2동	6,683	2,301	1,399	1,361	1,260	287	55	19	1	-	-
2019.06	성북구	월곡1동	10,767	3,127	2,427	2,265	2,244	542	126	25	8	2	1
2019.06	성북구	월곡2동	9,116	3,929	1,857	1,524	1,347	346	85	18	7	1	2
2019.06	성북구	장위1동	9,026	3,342	2,122	1,666	1,421	355	83	30	4	2	1
2019.06	성북구	장위2동	6,348	2,472	1,570	1,148	847	231	59	15	5	1	-
2019.06	성북구	장위3동	4,830	1,673	1,048	945	882	222	45	12	2	1	-
2019.06	성북구	성북동	8,038	3,692	1,720	1,207	979	317	82	28	6	1	6
2019.06	성북구	삼선동	12,683	6,178	2,501	1,800	1,668	412	94	20	7	3	-
2019.06	성북구	동선동	9,038	5,686	1,464	972	676	175	48	11	4	1	1
2019.06	성북구	종암동	17,141	6,296	3,538	3,264	3,062	770	156	43	4	5	3
2019.06	성북구	석관동	15,954	6,284	3,690	3,022	2,255	534	120	37	9	2	1
2019.06	강북구	소계	143,650	58,739	33,271	25,261	19,897	5,014	1,105	234	83	19	27
2019.06	강북구	번1동	10,277	5,459	2,121	1,422	992	215	59	5	4	-	-
2019.06	강북구	번2동	7,611	2,655	2,085	1,505	1,028	250	68	14	3	1	2
2019.06	강북구	번3동	7,616	2,197	2,144	1,575	1,251	345	77	23	3	1	-
2019.06	강북구	수유1동	10,339	4,638	2,311	1,701	1,257	336	69	14	8	1	4
2019.06	강북구	수유2동	9,551	3,393	2,447	1,801	1,412	380	85	23	7	1	2
2019.06	강북구	수유3동	12,674	6,742	2,575	1,822	1,174	281	57	14	4	3	2
2019.06	강북구	삼양동	11,610	4,593	2,704	2,124	1,635	438	85	16	9	3	3
2019.06	강북구	미아동	11,341	5,614	2,435	1,654	1,242	307	68	12	6	2	1
2019.06	강북구	송중동	12,985	5,580	2,821	2,191	1,789	467	97	29	6	2	3
2019.06	강북구	송천동	13,760	6,203	3,152	2,233	1,668	406	74	14	7	1	2
2019.06	강북구	삼각산동	11,813	2,538	2,470	2,744	3,184	699	136	28	13	-	1
2019.06	강북구	우이동	9,477	3,544	2,407	1,755	1,290	363	91	14	5	3	5
2019.06	강북구	인수동	14,596	5,583	3,599	2,734	1,975	527	139	28	8	1	2
2019.06	도봉구	소계	138,460	44,181	33,044	28,751	24,747	5,962	1,312	327	91	33	12
2019.06	도봉구	쌍문1동	9,273	3,080	2,253	1,884	1,499	422	104	20	8	2	1
2019.06	도봉구	쌍문2동	8,631	2,965	2,194	1,724	1,323	316	86	18	2	-	3
2019.06	도봉구	쌍문3동	7,811	3,102	1,876	1,414	1,074	277	51	13	3	-	1
2019.06	도봉구	쌍문4동	7,158	1,488	1,591	1,710	1,869	410	71	13	3	3	-
2019.06	도봉구	방학1동	12,845	4,646	2,958	2,411	2,105	558	120	35	6	4	2
2019.06	도봉구	방학2동	9,538	3,713	2,297	1,795	1,302	331	78	17	4	1	-
2019.06	도봉구	방학3동	10,094	1,795	2,323	2,543	2,619	617	143	36	13	5	-
2019.06	도봉구	창1동	10,958	3,579	2,536	2,283	2,031	414	88	23	2	2	-
2019.06	도봉구	창2동	12,409	3,721	3,000	2,733	2,233	532	134	36	14	6	-
2019.06	도봉구	창3동	6,681	2,559	1,672	1,201	948	236	47	17	1	-	-
2019.06	도봉구	창4동	10,615	2,757	2,289	2,381	2,505	550	96	22	13	2	-
2019.06	도봉구	창5동	10,027	2,708	2,280	2,345	2,097	460	98	26	9	4	-
2019.06	도봉구	도봉1동	10,244	4,033	2,683	1,810	1,234	380	66	25	6	3	4
2019.06	도봉구	도봉2동	12,176	4,035	3,092	2,517	1,908	459	130	26	7	1	1
2019.06	노원구	소계	217,462	68,669	48,244	44,528	44,119	9,468	1,860	389	119	45	21
2019.06	노원구	월계1동	10,493	4,328	2,197	1,788	1,629	449	78	19	4	1	-
2019.06	노원구	월계2동	11,271	3,865	2,888	2,162	1,813	419	101	13	6	3	1
2019.06	노원구	월계3동	13,009	3,669	3,521	2,864	2,297	496	126	26	7	2	1
2019.06	노원구	공릉2동	16,307	5,430	3,104	3,254	3,548	761	155	35	11	8	1
2019.06	노원구	하계1동	12,413	4,816	2,347	2,175	2,440	499	98	17	15	1	5
2019.06	노원구	하계2동	8,288	1,588	1,759	2,017	2,367	457	80	14	3	3	-
2019.06	노원구	중계본동	9,107	2,117	1,426	1,948	2,776	678	126	25	8	2	1
2019.06	노원구	중계1동	9,100	1,407	1,328	2,308	3,333	610	82	21	10	1	-
2019.06	노원구	중계4동	8,480	2,489	1,963	1,689	1,845	393	79	17	2	2	1
2019.06	노원구	상계1동	15,601	4,335	3,580	3,381	3,237	848	172	32	9	3	4
2019.06	노원구	상계2동	8,769	3,117	1,710	1,663	1,793	366	95	19	5	1	-
2019.06	노원구	상계5동	11,024	3,875	2,623	2,187	1,786	427	88	22	9	6	1
2019.06	노원구	상계8동	9,286	2,237	2,248	2,308	2,062	363	51	14	2	1	-
2019.06	노원구	상계9동	8,471	2,026	2,107	2,045	1,902	317	58	13	1	2	-
2019.06	노원구	상계10동	6,615	1,695	1,761	1,500	1,385	210	45	13	3	2	1
2019.06	노원구	상계3.4동	11,624	4,535	2,824	1,991	1,661	464	112	25	10	2	-
2019.06	노원구	상계6.7동	14,033	4,178	3,257	3,068	2,887	545	74	19	1	1	3
2019.06	노원구	중계2.3동	15,449	4,830	3,938	3,199	2,777	583	97	16	6	1	2
2019.06	노원구	공릉1동	18,122	8,132	3,663	2,981	2,581	583	143	29	7	3	-
2019.06	은평구	소계	207,123	75,336	47,777	39,482	33,351	8,531	1,987	463	126	37	33
2019.06	은평구	녹번동	16,862	6,534	4,050	3,115	2,424	590	109	33	5	1	1
2019.06	은평구	불광1동	17,815	6,448	4,269	3,541	2,739	612	156	38	9	3	-
2019.06	은평구	갈현1동	11,188	4,505	2,657	2,000	1,537	370	87	21	8	3	-
2019.06	은평구	갈현2동	12,576	4,186	3,019	2,597	2,116	500	122	25	8	1	2
2019.06	은평구	구산동	13,068	3,928	3,135	2,754	2,397	648	147	36	14	1	8
2019.06	은평구	대조동	15,557	7,365	3,434	2,421	1,766	421	117	26	5	1	1
2019.06	은평구	응암1동	11,344	4,658	2,472	1,984	1,682	419	97	15	6	4	7
2019.06	은평구	응암2동	8,783	2,547	2,018	1,980	1,712	406	85	19	8	4	4
2019.06	은평구	신사1동	11,724	3,665	2,852	2,517	2,047	483	113	33	8	5	1
2019.06	은평구	신사2동	9,207	3,143	2,131	1,842	1,576	386	96	25	4	3	1
2019.06	은평구	증산동	6,949	2,464	1,667	1,292	1,134	313	56	19	4	-	-
2019.06	은평구	수색동	3,966	1,421	954	757	613	162	46	11	1	1	-
2019.06	은평구	진관동	20,954	5,543	4,099	4,248	5,040	1,555	373	68	20	4	4
2019.06	은평구	불광2동	13,766	5,815	3,302	2,354	1,721	441	97	25	8	2	1
2019.06	은평구	응암3동	12,580	5,774	2,862	1,976	1,481	364	90	25	5	-	3
2019.06	은평구	역촌동	20,784	7,340	4,856	4,104	3,366	861	196	44	13	4	-
2019.06	서대문구	소계	140,007	58,356	29,414	24,416	21,028	5,172	1,167	335	82	22	15
2019.06	서대문구	천연동	8,216	3,314	1,698	1,524	1,311	294	49	18	3	2	3
2019.06	서대문구	홍제1동	10,270	3,407	2,461	2,075	1,734	450	98	30	8	4	3
2019.06	서대문구	홍제3동	7,116	2,640	1,658	1,320	1,140	278	61	10	8	1	-
2019.06	서대문구	홍제2동	5,863	1,736	1,410	1,296	1,099	252	46	15	5	1	3
2019.06	서대문구	홍은1동	9,355	3,104	2,144	1,857	1,667	446	107	25	4	-	1
2019.06	서대문구	홍은2동	12,163	4,689	2,748	2,219	1,862	462	120	47	14	2	-
2019.06	서대문구	남가좌1동	6,124	1,461	1,243	1,464	1,491	363	75	23	2	1	1
2019.06	서대문구	남가좌2동	11,218	4,568	2,408	1,982	1,748	390	87	29	5	1	-
2019.06	서대문구	북가좌1동	7,021	1,577	1,617	1,675	1,622	409	90	19	9	1	2
2019.06	서대문구	북가좌2동	14,762	5,468	3,497	2,797	2,283	550	126	38	3	-	-
2019.06	서대문구	충현동	8,843	4,453	1,702	1,247	1,062	286	71	17	4	1	-
2019.06	서대문구	북아현동	7,567	2,872	1,673	1,487	1,223	250	46	12	2	2	-
2019.06	서대문구	신촌동	12,354	9,163	1,511	830	629	154	44	15	5	1	2
2019.06	서대문구	연희동	19,135	9,904	3,644	2,643	2,157	588	147	37	10	5	-
2019.06	마포구	소계	173,845	77,236	35,628	28,521	24,943	5,795	1,241	328	100	26	27
2019.06	마포구	용강동	9,163	3,173	1,954	1,870	1,693	364	80	21	6	2	-
2019.06	마포구	대흥동	7,146	4,767	1,149	582	505	109	25	5	1	-	3
2019.06	마포구	염리동	5,722	2,455	1,182	998	848	184	37	11	6	-	1
2019.06	마포구	신수동	9,185	3,574	1,894	1,715	1,564	324	80	24	9	1	-
2019.06	마포구	서교동	14,079	8,662	2,444	1,493	1,098	289	63	18	7	4	1
2019.06	마포구	합정동	9,578	4,944	2,102	1,283	948	218	55	16	5	1	6
2019.06	마포구	망원1동	10,705	5,085	2,399	1,528	1,294	317	60	17	2	1	2
2019.06	마포구	망원2동	8,250	2,996	1,881	1,511	1,440	335	65	15	5	2	-
2019.06	마포구	연남동	8,670	4,825	1,729	1,059	778	215	44	11	5	1	3
2019.06	마포구	성산1동	9,345	4,137	2,061	1,494	1,202	339	73	25	9	2	3
2019.06	마포구	성산2동	18,713	7,855	3,846	3,227	2,921	687	138	26	11	1	1
2019.06	마포구	상암동	12,860	4,252	2,432	2,485	2,708	763	160	44	11	4	1
2019.06	마포구	도화동	9,637	3,637	2,046	1,819	1,621	393	88	25	4	2	2
2019.06	마포구	서강동	11,690	5,185	2,263	1,953	1,807	381	69	23	6	1	2
2019.06	마포구	공덕동	18,924	8,523	3,983	3,134	2,583	536	125	28	9	3	-
2019.06	마포구	아현동	10,178	3,166	2,263	2,370	1,933	341	79	19	4	1	2
2019.06	양천구	소계	177,045	49,734	37,201	38,449	40,245	8,947	1,833	436	134	35	31
2019.06	양천구	목1동	10,451	1,584	1,689	2,830	3,498	656	138	43	10	2	1
2019.06	양천구	목2동	12,984	4,446	2,837	2,596	2,387	568	111	24	9	1	5
2019.06	양천구	목3동	9,873	3,497	2,351	1,985	1,584	325	94	27	5	4	1
2019.06	양천구	목4동	10,142	2,879	1,900	2,094	2,549	563	119	27	8	1	2
2019.06	양천구	신월1동	10,125	4,298	2,316	1,794	1,299	326	73	14	3	2	-
2019.06	양천구	신월2동	8,698	2,408	2,038	1,914	1,711	469	105	40	8	2	3
2019.06	양천구	신월3동	8,223	3,917	1,829	1,245	889	263	65	11	1	1	2
2019.06	양천구	신월4동	6,863	1,466	1,559	1,667	1,595	436	112	22	4	2	-
2019.06	양천구	신월5동	6,405	2,140	1,462	1,309	1,126	279	69	17	1	2	-
2019.06	양천구	신월6동	2,525	659	566	556	568	134	33	7	1	1	-
2019.06	양천구	신월7동	9,254	2,921	2,550	1,882	1,486	318	74	17	5	-	1
2019.06	양천구	신정1동	7,205	1,376	1,227	1,651	2,343	493	91	14	7	-	3
2019.06	양천구	신정2동	7,130	1,527	1,276	1,522	2,197	509	77	13	5	2	2
2019.06	양천구	신정3동	17,950	4,404	4,067	3,937	4,140	1,140	197	43	16	2	4
2019.06	양천구	신정6동	8,157	1,027	1,417	2,289	2,773	522	97	18	11	2	1
2019.06	양천구	신정7동	11,536	2,891	2,557	2,602	2,836	509	101	24	16	-	-
2019.06	양천구	목5동	13,530	1,648	2,037	3,657	5,095	866	157	46	15	6	3
2019.06	양천구	신정4동	15,994	6,646	3,523	2,919	2,169	571	120	29	9	5	3
2019.06	강서구	소계	261,383	101,063	57,832	47,939	41,713	10,019	2,083	536	135	39	24
2019.06	강서구	염창동	15,130	3,424	2,900	3,750	4,081	800	126	42	5	2	-
2019.06	강서구	등촌1동	11,971	6,317	2,182	1,673	1,429	290	57	18	3	2	-
2019.06	강서구	등촌2동	8,615	2,518	1,977	1,876	1,690	412	97	31	11	3	-
2019.06	강서구	등촌3동	14,807	5,561	3,944	2,636	2,104	445	89	22	5	-	1
2019.06	강서구	화곡본동	16,399	6,877	3,669	2,923	2,220	542	111	37	15	3	2
2019.06	강서구	화곡2동	8,254	2,803	2,025	1,690	1,259	390	62	15	7	2	1
2019.06	강서구	화곡3동	9,374	3,202	2,123	1,917	1,577	418	112	16	6	1	2
2019.06	강서구	화곡4동	9,675	3,542	2,408	1,907	1,368	343	80	22	3	2	-
2019.06	강서구	화곡6동	11,398	4,925	2,420	1,894	1,635	400	98	15	5	2	4
2019.06	강서구	화곡8동	11,637	4,225	3,038	2,191	1,668	401	85	25	2	2	-
2019.06	강서구	가양1동	18,863	11,762	2,559	2,056	1,905	469	84	22	4	-	2
2019.06	강서구	가양2동	8,110	3,977	2,177	1,129	626	136	46	12	5	1	1
2019.06	강서구	가양3동	7,922	3,112	2,436	1,431	721	179	31	11	1	-	-
2019.06	강서구	발산1동	13,460	2,649	2,892	3,104	3,672	914	173	42	8	4	2
2019.06	강서구	공항동	12,757	5,543	2,663	2,166	1,807	468	88	21	1	-	-
2019.06	강서구	방화1동	17,434	4,868	3,747	3,684	3,829	1,032	203	52	13	5	1
2019.06	강서구	방화2동	11,617	5,412	2,583	1,780	1,329	382	96	28	4	-	3
2019.06	강서구	방화3동	11,235	4,453	2,859	2,014	1,417	366	98	17	9	2	-
2019.06	강서구	화곡1동	26,149	11,926	6,046	4,348	2,893	713	159	46	11	4	3
2019.06	강서구	우장산동	16,576	3,967	3,184	3,770	4,483	919	188	42	17	4	2
2019.06	구로구	소계	174,505	64,538	39,355	32,640	28,736	7,148	1,560	368	103	37	20
2019.06	구로구	신도림동	13,471	2,962	2,853	3,354	3,383	704	163	37	10	5	-
2019.06	구로구	구로1동	7,883	1,767	1,792	1,863	1,962	413	61	15	6	3	1
2019.06	구로구	구로3동	13,241	7,670	2,192	1,629	1,314	331	72	24	6	2	1
2019.06	구로구	구로4동	10,582	4,941	2,532	1,656	1,125	250	60	9	6	2	1
2019.06	구로구	구로5동	14,418	6,820	2,866	2,244	1,885	452	111	30	8	1	1
2019.06	구로구	고척1동	9,543	2,885	2,155	1,992	1,951	433	95	21	7	4	-
2019.06	구로구	고척2동	11,659	3,693	2,743	2,341	2,225	516	114	20	5	2	-
2019.06	구로구	개봉2동	12,644	3,117	3,209	2,917	2,532	654	168	36	8	2	1
2019.06	구로구	개봉3동	8,842	2,597	2,286	1,914	1,565	388	73	13	4	2	-
2019.06	구로구	오류1동	10,743	5,060	2,351	1,673	1,234	330	70	12	7	1	5
2019.06	구로구	오류2동	18,938	5,426	4,547	3,818	3,741	1,107	218	58	14	4	5
2019.06	구로구	수궁동	9,847	2,778	2,479	2,142	1,791	504	122	23	4	3	1
2019.06	구로구	가리봉동	5,865	3,883	1,023	511	331	91	16	7	2	-	1
2019.06	구로구	구로2동	12,823	6,178	2,913	1,870	1,375	361	81	32	8	4	1
2019.06	구로구	개봉1동	14,006	4,761	3,414	2,716	2,322	614	136	31	8	2	2
2019.06	금천구	소계	109,708	48,816	23,522	17,798	14,748	3,690	849	201	48	21	15
2019.06	금천구	가산동	13,489	9,590	1,764	1,106	783	179	56	7	2	2	-
2019.06	금천구	독산1동	19,671	9,441	3,750	3,006	2,624	655	146	35	7	2	5
2019.06	금천구	독산2동	9,288	3,974	2,161	1,610	1,197	271	56	14	2	1	2
2019.06	금천구	독산3동	12,277	5,624	2,782	1,928	1,489	350	78	17	4	5	-
2019.06	금천구	독산4동	7,622	3,297	1,767	1,253	966	265	55	12	3	3	1
2019.06	금천구	시흥1동	15,817	6,587	3,547	2,696	2,283	554	102	40	4	2	2
2019.06	금천구	시흥2동	8,425	2,012	2,014	1,855	1,882	477	142	31	8	1	3
2019.06	금천구	시흥3동	4,723	1,429	1,238	993	780	220	51	8	4	-	-
2019.06	금천구	시흥4동	9,066	3,078	2,215	1,774	1,498	384	83	17	11	5	1
2019.06	금천구	시흥5동	9,330	3,784	2,284	1,577	1,246	335	80	20	3	-	1
2019.06	영등포구	소계	173,701	79,442	34,534	28,325	24,147	5,576	1,229	311	83	21	33
2019.06	영등포구	여의동	13,374	3,932	2,877	2,990	2,764	597	151	38	16	3	6
2019.06	영등포구	당산1동	10,500	5,273	2,104	1,546	1,199	275	78	15	5	1	4
2019.06	영등포구	당산2동	17,216	8,541	2,886	2,664	2,426	522	127	34	14	1	1
2019.06	영등포구	양평1동	8,884	4,271	1,917	1,387	1,016	224	46	17	3	3	-
2019.06	영등포구	양평2동	10,120	4,158	2,056	1,797	1,663	346	78	15	4	1	2
2019.06	영등포구	신길1동	9,892	5,918	1,775	1,130	797	217	38	11	3	2	1
2019.06	영등포구	신길3동	7,557	2,934	1,597	1,424	1,228	313	44	11	4	1	1
2019.06	영등포구	신길4동	4,278	1,875	954	730	541	142	30	4	2	-	-
2019.06	영등포구	신길5동	4,222	1,795	939	720	566	150	40	9	-	1	2
2019.06	영등포구	신길6동	8,417	3,630	1,806	1,411	1,193	287	62	18	3	1	6
2019.06	영등포구	신길7동	6,553	1,920	1,315	1,390	1,499	338	68	17	4	1	1
2019.06	영등포구	대림1동	6,370	2,998	1,417	948	770	183	38	13	2	-	1
2019.06	영등포구	대림2동	6,843	3,615	1,543	867	598	167	40	9	4	-	-
2019.06	영등포구	대림3동	10,561	3,994	2,423	1,977	1,635	407	93	27	5	-	-
2019.06	영등포구	영등포본동	10,188	4,483	1,988	1,747	1,529	354	62	17	4	2	2
2019.06	영등포구	영등포동	16,959	12,084	2,206	1,347	1,027	224	53	13	2	-	3
2019.06	영등포구	도림동	9,284	4,388	2,065	1,435	1,049	269	55	17	5	1	-
2019.06	영등포구	문래동	12,483	3,633	2,666	2,815	2,647	561	126	26	3	3	3
2019.06	동작구	소계	180,463	76,209	37,297	31,039	27,498	6,454	1,439	373	102	32	20
2019.06	동작구	노량진2동	7,210	4,096	1,413	926	597	130	35	10	2	1	-
2019.06	동작구	상도1동	21,360	9,694	3,890	3,604	3,242	718	163	37	8	2	2
2019.06	동작구	상도2동	12,813	5,123	2,675	2,298	2,108	469	111	21	5	2	1
2019.06	동작구	상도3동	11,800	5,028	2,577	2,076	1,577	387	104	34	10	5	2
2019.06	동작구	상도4동	13,439	5,374	3,042	2,465	1,983	466	79	23	5	-	2
2019.06	동작구	사당1동	13,030	7,407	2,598	1,570	1,116	260	60	10	7	2	-
2019.06	동작구	사당3동	10,731	3,467	2,450	2,222	1,973	465	104	38	7	2	3
2019.06	동작구	사당4동	6,981	3,060	1,574	1,135	936	210	42	17	5	2	-
2019.06	동작구	사당5동	5,727	2,249	1,231	1,067	929	194	43	10	2	2	-
2019.06	동작구	대방동	17,070	6,844	3,218	2,860	3,200	720	159	49	11	4	5
2019.06	동작구	신대방1동	9,832	3,515	1,926	1,785	1,987	475	108	24	8	1	3
2019.06	동작구	신대방2동	9,275	4,105	1,726	1,476	1,453	389	88	32	6	-	-
2019.06	동작구	흑석동	14,306	5,509	3,001	2,718	2,377	572	97	21	8	3	-
2019.06	동작구	노량진1동	14,941	6,588	3,112	2,460	2,088	535	119	27	7	4	1
2019.06	동작구	사당2동	11,948	4,150	2,864	2,377	1,932	464	127	20	11	2	1
2019.06	관악구	소계	266,692	148,296	49,133	33,337	27,183	6,662	1,510	394	121	27	29
2019.06	관악구	보라매동	12,254	5,732	2,664	1,898	1,492	369	79	14	-	3	3
2019.06	관악구	청림동	6,569	1,966	1,561	1,486	1,208	261	62	15	7	1	2
2019.06	관악구	행운동	17,120	10,475	2,927	1,830	1,406	358	98	17	8	-	1
2019.06	관악구	낙성대동	10,741	7,493	1,473	873	669	169	45	12	5	-	2
2019.06	관악구	중앙동	9,227	5,926	1,562	854	670	163	42	6	1	2	1
2019.06	관악구	인헌동	14,034	7,568	2,663	1,830	1,496	373	72	27	5	-	-
2019.06	관악구	남현동	9,333	4,625	1,884	1,375	1,085	272	62	19	7	1	3
2019.06	관악구	서원동	13,763	8,566	2,528	1,404	935	249	61	13	6	1	-
2019.06	관악구	신원동	10,443	5,945	2,155	1,230	857	193	42	15	1	3	2
2019.06	관악구	서림동	14,193	9,098	2,247	1,405	1,066	278	69	21	7	-	2
2019.06	관악구	신사동	13,222	8,038	2,308	1,459	1,106	240	53	12	5	-	1
2019.06	관악구	신림동	16,654	13,469	1,966	680	414	90	29	4	-	1	1
2019.06	관악구	난향동	6,468	1,905	1,502	1,320	1,310	321	77	25	5	1	2
2019.06	관악구	조원동	10,147	6,278	1,796	1,006	833	169	35	20	7	3	-
2019.06	관악구	대학동	15,786	11,667	1,801	1,159	857	230	58	10	4	-	-
2019.06	관악구	은천동	15,887	6,604	3,494	2,663	2,409	537	137	27	13	2	1
2019.06	관악구	성현동	12,981	3,920	3,041	2,628	2,591	635	117	33	13	2	1
2019.06	관악구	청룡동	19,366	14,014	2,514	1,350	1,101	295	68	17	4	1	2
2019.06	관악구	난곡동	12,875	4,977	3,153	2,320	1,851	431	101	30	10	1	1
2019.06	관악구	삼성동	11,502	4,625	2,723	1,955	1,616	449	97	28	4	4	1
2019.06	관악구	미성동	14,127	5,405	3,171	2,612	2,211	580	106	29	9	1	3
2019.06	서초구	소계	172,907	57,802	34,293	34,106	35,237	8,591	2,057	526	195	55	45
2019.06	서초구	서초1동	9,264	3,827	1,735	1,617	1,507	404	127	31	14	2	-
2019.06	서초구	서초2동	8,247	3,640	1,484	1,398	1,335	288	75	16	7	2	2
2019.06	서초구	서초3동	13,399	5,587	2,588	2,288	2,108	586	165	41	22	6	8
2019.06	서초구	서초4동	11,010	2,380	1,912	2,588	3,290	654	124	48	8	4	2
2019.06	서초구	잠원동	13,900	4,692	2,607	2,906	2,964	581	107	23	13	4	3
2019.06	서초구	반포본동	4,173	740	836	978	1,287	251	60	15	4	1	1
2019.06	서초구	반포1동	14,393	6,316	2,264	2,317	2,673	629	143	32	13	6	-
2019.06	서초구	반포2동	5,165	738	826	1,313	1,697	471	88	19	9	2	2
2019.06	서초구	반포3동	7,007	1,288	1,370	1,849	2,018	384	65	24	5	2	2
2019.06	서초구	반포4동	7,376	1,904	1,501	1,764	1,640	418	107	22	10	8	2
2019.06	서초구	방배본동	7,892	2,086	1,550	1,721	1,898	483	105	33	9	3	4
2019.06	서초구	방배1동	7,588	2,881	1,692	1,402	1,220	290	74	18	7	1	3
2019.06	서초구	방배2동	8,896	3,133	2,061	1,686	1,518	387	73	22	6	4	6
2019.06	서초구	방배3동	8,524	2,272	1,895	1,886	1,866	447	113	30	13	-	2
2019.06	서초구	방배4동	9,775	3,402	2,000	1,803	1,924	469	136	29	10	-	2
2019.06	서초구	양재1동	18,224	5,908	3,952	3,418	3,469	1,102	274	74	21	5	1
2019.06	서초구	양재2동	10,812	4,936	2,210	1,656	1,462	398	113	21	12	1	3
2019.06	서초구	내곡동	7,262	2,072	1,810	1,516	1,361	349	108	28	12	4	2
2019.06	강남구	소계	230,752	90,342	43,268	41,077	43,077	9,885	2,197	622	177	73	34
2019.06	강남구	신사동	7,496	2,943	1,575	1,291	1,234	325	82	24	14	6	2
2019.06	강남구	논현1동	14,147	9,268	2,453	1,211	858	259	62	22	9	3	2
2019.06	강남구	논현2동	11,343	6,126	2,094	1,525	1,216	279	76	18	8	1	-
2019.06	강남구	삼성1동	5,931	1,974	1,222	1,186	1,144	286	84	25	8	1	1
2019.06	강남구	삼성2동	13,216	5,621	2,292	2,293	2,331	491	125	48	8	5	2
2019.06	강남구	대치1동	7,406	573	914	1,941	3,140	665	117	38	10	5	3
2019.06	강남구	대치4동	10,148	5,285	1,653	1,412	1,383	320	71	19	4	-	1
2019.06	강남구	역삼1동	23,413	16,463	3,579	1,727	1,178	332	89	31	10	4	-
2019.06	강남구	역삼2동	15,291	6,216	2,305	2,783	3,160	639	126	36	12	5	9
2019.06	강남구	도곡1동	8,555	2,500	1,562	1,828	2,095	431	97	27	11	4	-
2019.06	강남구	도곡2동	11,846	2,223	2,298	3,008	3,433	700	141	33	6	2	2
2019.06	강남구	개포1동	2,803	880	626	509	601	151	24	8	3	1	-
2019.06	강남구	개포4동	7,766	2,928	1,536	1,424	1,435	352	64	19	5	1	2
2019.06	강남구	일원본동	8,203	1,491	1,479	2,008	2,595	497	99	24	5	4	1
2019.06	강남구	일원1동	7,546	3,116	1,765	1,303	990	289	66	15	2	-	-
2019.06	강남구	일원2동	7,279	2,163	1,746	1,547	1,472	294	40	15	1	-	1
2019.06	강남구	수서동	7,850	3,250	2,311	1,281	747	193	49	10	6	2	1
2019.06	강남구	세곡동	17,718	5,738	3,774	3,248	3,389	1,161	318	68	15	6	1
2019.06	강남구	압구정동	10,742	3,036	2,362	2,392	2,254	517	129	31	9	10	2
2019.06	강남구	청담동	12,510	4,663	2,425	2,391	2,268	548	138	50	16	8	3
2019.06	강남구	대치2동	13,003	2,427	1,996	3,215	4,347	819	136	46	11	5	1
2019.06	강남구	개포2동	6,540	1,458	1,301	1,554	1,807	337	64	15	4	-	-
2019.06	송파구	소계	278,223	94,289	57,966	55,523	54,770	12,103	2,703	601	191	46	31
2019.06	송파구	풍납1동	6,629	2,528	1,592	1,195	1,040	207	53	8	5	1	-
2019.06	송파구	풍납2동	10,449	3,900	2,004	2,104	1,911	400	96	27	7	-	-
2019.06	송파구	거여1동	5,438	1,801	1,267	1,050	1,014	239	56	6	4	-	1
2019.06	송파구	거여2동	7,231	2,486	1,782	1,422	1,193	254	71	16	3	1	3
2019.06	송파구	마천1동	9,120	3,548	2,081	1,559	1,388	431	87	22	2	2	-
2019.06	송파구	마천2동	8,659	3,086	2,093	1,642	1,357	353	102	15	10	-	1
2019.06	송파구	방이1동	6,226	1,798	1,198	1,329	1,457	337	80	17	8	1	1
2019.06	송파구	방이2동	13,400	7,062	2,690	1,830	1,400	334	65	14	3	1	1
2019.06	송파구	오륜동	5,986	668	1,049	1,610	2,097	448	82	21	7	2	2
2019.06	송파구	오금동	15,724	4,223	3,541	3,559	3,374	798	181	39	9	-	-
2019.06	송파구	송파1동	12,440	5,801	2,653	1,940	1,524	385	92	36	6	2	1
2019.06	송파구	송파2동	7,305	1,528	1,501	1,755	1,934	452	98	24	9	3	1
2019.06	송파구	석촌동	16,708	8,257	3,478	2,473	1,908	440	121	18	8	5	-
2019.06	송파구	삼전동	16,301	8,185	3,238	2,398	1,925	439	85	23	3	2	3
2019.06	송파구	가락본동	11,808	4,425	2,436	2,271	2,054	500	90	26	4	-	2
2019.06	송파구	가락1동	9,356	1,684	2,351	2,394	2,377	431	93	18	4	2	2
2019.06	송파구	가락2동	12,266	2,823	2,484	2,933	3,199	630	149	37	9	1	1
2019.06	송파구	문정1동	8,547	2,768	1,834	1,746	1,684	399	83	20	10	3	-
2019.06	송파구	문정2동	15,415	8,388	2,755	1,960	1,800	365	105	23	13	3	3
2019.06	송파구	장지동	13,391	3,708	3,152	2,969	2,730	650	137	34	10	1	-
2019.06	송파구	위례동	9,016	1,050	1,740	2,335	2,903	780	171	23	11	3	-
2019.06	송파구	잠실본동	14,992	7,907	2,911	2,054	1,610	378	107	16	8	-	1
2019.06	송파구	잠실4동	8,123	1,381	1,553	2,239	2,372	444	101	18	10	5	-
2019.06	송파구	잠실6동	5,938	952	1,340	1,584	1,556	389	80	26	6	3	2
2019.06	송파구	잠실7동	3,473	504	799	901	995	212	42	13	6	1	-
2019.06	송파구	잠실2동	12,003	1,862	1,878	3,061	4,330	697	139	28	6	1	1
2019.06	송파구	잠실3동	12,279	1,966	2,566	3,210	3,638	711	137	33	10	3	5
2019.06	강동구	소계	177,368	62,524	38,257	34,433	32,260	7,689	1,627	414	105	29	30
2019.06	강동구	강일동	11,190	2,202	2,569	2,237	2,877	1,066	191	33	11	2	2
2019.06	강동구	상일동	4,192	1,164	880	930	921	224	49	16	6	-	2
2019.06	강동구	명일1동	8,179	1,954	1,676	1,945	2,016	451	106	17	9	3	2
2019.06	강동구	명일2동	6,019	1,127	1,064	1,343	1,946	423	82	24	8	1	1
2019.06	강동구	고덕1동	9,126	1,573	1,617	2,281	2,914	599	103	25	5	2	7
2019.06	강동구	고덕2동	3,353	1,460	766	558	417	114	25	8	3	-	2
2019.06	강동구	암사2동	5,902	1,820	1,332	1,288	1,182	213	49	9	4	4	1
2019.06	강동구	암사3동	6,373	1,039	1,331	1,638	1,811	407	97	29	13	3	5
2019.06	강동구	천호1동	12,840	5,089	2,959	2,398	1,829	446	82	26	8	2	1
2019.06	강동구	천호3동	13,677	6,494	2,938	2,193	1,571	372	79	27	2	-	1
2019.06	강동구	성내1동	8,136	2,359	1,844	1,800	1,637	398	74	20	2	-	2
2019.06	강동구	성내2동	12,509	6,108	2,742	1,954	1,291	317	73	17	4	3	-
2019.06	강동구	성내3동	10,201	3,742	2,230	1,972	1,771	392	71	17	4	1	1
2019.06	강동구	둔촌1동	167	115	21	13	14	2	2	-	-	-	-
2019.06	강동구	둔촌2동	11,185	3,527	2,423	2,313	2,301	489	101	28	1	1	1
2019.06	강동구	암사1동	16,211	6,116	3,697	3,097	2,569	551	133	37	10	-	1
2019.06	강동구	천호2동	17,661	8,529	3,846	2,725	1,980	437	110	26	6	2	-
2019.06	강동구	길동	20,447	8,106	4,322	3,748	3,213	788	200	55	9	5	1