기간	자치구	행정동	전체세대수	1인세대	2인세대	3인세대	4인세대	5인세대	6인세대	7인세대	8인세대	9인세대	10인세대 이상
2019.07	합계	합계	4,308,300	1,729,059	908,211	767,799	690,583	163,333	36,256	9,094	2,567	797	601
2019.07	종로구	소계	73,790	36,371	14,024	10,895	9,094	2,526	602	188	55	24	11
2019.07	종로구	사직동	4,546	2,218	898	687	516	161	30	26	6	2	2
2019.07	종로구	삼청동	1,397	744	250	181	147	51	17	6	1	-	-
2019.07	종로구	부암동	4,278	1,629	936	743	696	192	54	19	5	2	2
2019.07	종로구	평창동	7,518	2,428	1,672	1,495	1,384	418	79	26	9	7	-
2019.07	종로구	무악동	3,167	721	700	727	788	178	39	6	4	2	2
2019.07	종로구	교남동	4,577	1,616	1,100	913	749	146	34	10	6	3	-
2019.07	종로구	가회동	2,045	917	440	340	243	71	24	8	1	-	1
2019.07	종로구	종로1.2.3.4가동	5,276	4,192	502	301	206	54	15	5	1	-	-
2019.07	종로구	종로5·6가동	3,177	2,102	506	290	202	57	15	2	2	1	-
2019.07	종로구	이화동	4,488	2,702	787	494	372	100	22	9	1	1	-
2019.07	종로구	창신1동	2,943	1,718	563	337	216	87	17	5	-	-	-
2019.07	종로구	창신2동	4,131	1,909	878	647	497	156	31	9	4	-	-
2019.07	종로구	창신3동	2,888	887	671	636	488	167	33	1	4	1	-
2019.07	종로구	숭인1동	2,979	1,354	648	482	354	102	31	8	-	-	-
2019.07	종로구	숭인2동	5,746	3,744	911	564	397	101	22	5	2	-	-
2019.07	종로구	청운효자동	5,370	1,940	1,126	1,007	954	244	68	22	6	3	-
2019.07	종로구	혜화동	9,264	5,550	1,436	1,051	885	241	71	21	3	2	4
2019.07	중구	소계	62,481	30,704	13,054	9,207	7,129	1,762	445	120	26	13	21
2019.07	중구	소공동	1,114	641	198	150	99	18	5	1	-	-	2
2019.07	중구	회현동	3,195	2,149	442	288	226	67	12	10	1	-	-
2019.07	중구	명동	1,416	942	215	136	84	26	6	3	1	-	3
2019.07	중구	필동	2,313	1,426	420	230	169	52	9	5	1	-	1
2019.07	중구	장충동	2,699	1,685	453	244	222	70	19	2	1	1	2
2019.07	중구	광희동	2,948	1,877	522	286	188	46	23	4	1	-	1
2019.07	중구	을지로동	1,334	1,061	153	68	37	11	3	1	-	-	-
2019.07	중구	신당5동	5,092	2,515	1,052	760	581	128	38	14	2	2	-
2019.07	중구	황학동	6,751	3,636	1,421	907	589	156	31	7	2	1	1
2019.07	중구	중림동	5,847	2,468	1,259	1,060	829	165	49	12	5	-	-
2019.07	중구	신당동	4,426	2,734	805	448	332	75	25	4	2	1	-
2019.07	중구	다산동	6,964	3,116	1,636	1,068	880	199	41	15	4	2	3
2019.07	중구	약수동	7,775	2,822	2,010	1,527	1,062	268	65	15	2	1	3
2019.07	중구	청구동	6,427	2,483	1,519	1,166	948	244	51	8	1	4	3
2019.07	중구	동화동	4,180	1,149	949	869	883	237	68	19	3	1	2
2019.07	용산구	소계	109,794	51,633	22,615	16,972	13,762	3,577	896	222	63	31	23
2019.07	용산구	후암동	8,576	4,019	1,741	1,392	1,025	297	72	17	4	5	4
2019.07	용산구	용산2가동	5,480	2,790	1,224	769	523	136	28	9	1	-	-
2019.07	용산구	남영동	5,435	4,188	586	311	259	67	14	6	1	1	2
2019.07	용산구	원효로2동	6,018	2,057	1,302	1,176	1,087	288	74	20	8	3	3
2019.07	용산구	효창동	4,120	1,438	934	783	698	192	57	14	1	2	1
2019.07	용산구	용문동	5,354	1,897	1,281	1,026	863	224	45	11	3	3	1
2019.07	용산구	이촌1동	10,276	2,229	2,244	2,621	2,436	552	147	29	12	5	1
2019.07	용산구	이촌2동	3,872	1,315	1,060	755	549	141	33	11	8	-	-
2019.07	용산구	이태원1동	3,775	2,157	724	439	324	89	33	9	-	-	-
2019.07	용산구	이태원2동	4,889	2,599	1,004	655	452	124	42	9	3	1	-
2019.07	용산구	서빙고동	5,318	1,726	1,115	963	1,089	342	66	15	1	-	1
2019.07	용산구	보광동	7,697	4,043	1,672	1,029	719	185	36	10	2	1	-
2019.07	용산구	청파동	10,690	6,158	1,975	1,211	980	269	71	18	4	1	3
2019.07	용산구	원효로1동	7,650	3,571	1,644	1,207	951	217	45	6	4	3	2
2019.07	용산구	한강로동	9,604	5,357	1,837	1,239	890	197	61	16	4	2	1
2019.07	용산구	한남동	11,040	6,089	2,272	1,396	917	257	72	22	7	4	4
2019.07	성동구	소계	136,703	55,532	29,596	24,950	20,522	4,606	1,098	278	85	18	18
2019.07	성동구	왕십리2동	7,642	2,931	1,652	1,474	1,203	269	91	14	3	2	3
2019.07	성동구	마장동	10,885	4,780	2,304	1,773	1,521	380	86	26	9	3	3
2019.07	성동구	사근동	7,412	5,217	949	578	493	136	25	11	2	1	-
2019.07	성동구	행당1동	7,334	3,036	1,551	1,344	1,092	237	49	17	7	-	1
2019.07	성동구	행당2동	9,493	2,367	2,340	2,175	2,070	400	106	23	9	1	2
2019.07	성동구	응봉동	6,172	1,604	1,398	1,416	1,343	324	67	12	6	1	1
2019.07	성동구	금호1가동	6,636	2,103	1,645	1,425	1,140	248	59	14	2	-	-
2019.07	성동구	금호4가동	6,491	2,149	1,600	1,478	992	217	40	9	5	-	1
2019.07	성동구	성수1가1동	7,642	3,090	1,660	1,327	1,239	251	58	11	3	2	1
2019.07	성동구	성수1가2동	7,015	3,165	1,447	1,173	949	220	43	12	5	-	1
2019.07	성동구	성수2가1동	8,589	4,154	1,782	1,320	1,041	223	54	11	3	1	-
2019.07	성동구	성수2가3동	5,673	2,896	1,058	810	662	180	51	15	1	-	-
2019.07	성동구	송정동	5,571	2,773	1,140	820	632	164	33	7	-	2	-
2019.07	성동구	용답동	7,072	4,148	1,246	818	658	147	40	13	-	1	1
2019.07	성동구	왕십리도선동	11,755	4,387	2,468	2,338	1,997	426	102	27	9	1	-
2019.07	성동구	금호2.3가동	10,336	3,552	2,550	2,131	1,625	349	87	26	12	1	3
2019.07	성동구	옥수동	10,985	3,180	2,806	2,550	1,865	435	107	30	9	2	1
2019.07	광진구	소계	163,880	72,806	33,136	26,919	24,044	5,327	1,191	319	90	31	17
2019.07	광진구	화양동	15,877	12,405	1,966	757	598	109	31	9	1	-	1
2019.07	광진구	군자동	10,571	5,805	2,023	1,350	1,071	238	57	20	4	2	1
2019.07	광진구	중곡1동	8,022	3,857	1,813	1,234	857	194	45	15	6	1	-
2019.07	광진구	중곡2동	10,366	4,444	2,309	1,786	1,419	309	75	16	5	2	1
2019.07	광진구	중곡3동	8,496	3,966	1,930	1,317	981	245	44	10	2	1	-
2019.07	광진구	중곡4동	13,222	4,925	3,055	2,579	2,021	487	115	27	9	2	2
2019.07	광진구	능동	6,229	3,466	1,281	744	517	154	54	9	2	2	-
2019.07	광진구	구의1동	11,756	6,237	2,402	1,574	1,160	300	65	16	2	-	-
2019.07	광진구	구의2동	11,626	4,060	2,602	2,301	2,031	481	104	33	6	4	4
2019.07	광진구	구의3동	12,182	4,022	2,546	2,490	2,439	542	98	30	11	3	1
2019.07	광진구	광장동	12,041	2,214	1,883	2,999	4,032	698	162	34	15	4	-
2019.07	광진구	자양1동	11,431	5,535	2,429	1,699	1,357	314	70	20	4	1	2
2019.07	광진구	자양2동	11,263	3,959	2,521	2,207	1,978	456	99	32	7	2	2
2019.07	광진구	자양3동	11,052	2,867	2,356	2,490	2,621	541	122	34	12	6	3
2019.07	광진구	자양4동	9,746	5,044	2,020	1,392	962	259	50	14	4	1	-
2019.07	동대문구	소계	163,103	74,435	33,027	26,184	22,192	5,479	1,355	324	66	27	14
2019.07	동대문구	회기동	5,997	3,843	883	601	489	141	30	6	3	1	-
2019.07	동대문구	휘경1동	7,340	3,990	1,326	956	811	191	50	13	-	3	-
2019.07	동대문구	휘경2동	11,469	5,383	2,090	1,781	1,678	419	85	27	3	2	1
2019.07	동대문구	청량리동	10,539	4,982	2,330	1,574	1,216	333	90	11	2	-	1
2019.07	동대문구	용신동	17,006	10,043	3,040	1,919	1,499	377	100	24	4	-	-
2019.07	동대문구	제기동	13,026	6,901	2,595	1,728	1,300	364	111	22	1	3	1
2019.07	동대문구	전농1동	14,919	7,203	2,958	2,366	1,825	436	87	28	10	2	4
2019.07	동대문구	전농2동	7,764	2,194	1,843	1,729	1,478	389	98	27	4	-	2
2019.07	동대문구	답십리1동	12,651	4,791	2,630	2,433	2,123	505	126	34	6	2	1
2019.07	동대문구	답십리2동	12,721	4,317	3,067	2,502	2,198	492	112	26	6	1	-
2019.07	동대문구	장안1동	17,464	7,260	3,721	3,104	2,543	636	158	32	6	4	-
2019.07	동대문구	장안2동	13,088	4,449	2,846	2,677	2,376	558	140	30	8	2	2
2019.07	동대문구	이문1동	10,673	6,333	1,797	1,150	1,040	256	73	16	4	3	1
2019.07	동대문구	이문2동	8,446	2,746	1,901	1,664	1,616	382	95	28	9	4	1
2019.07	중랑구	소계	181,342	73,859	41,113	32,325	26,044	6,295	1,275	323	75	17	16
2019.07	중랑구	면목2동	12,227	5,400	2,721	2,017	1,600	386	84	12	6	1	-
2019.07	중랑구	면목4동	9,339	3,933	2,156	1,644	1,243	282	62	15	4	-	-
2019.07	중랑구	면목5동	4,571	1,895	1,089	805	610	136	27	7	2	-	-
2019.07	중랑구	면목7동	10,085	4,253	2,323	1,763	1,346	304	74	17	4	1	-
2019.07	중랑구	상봉1동	10,211	3,047	2,334	2,233	2,075	424	73	20	4	1	-
2019.07	중랑구	상봉2동	10,683	6,086	2,171	1,303	870	184	47	13	6	2	1
2019.07	중랑구	중화1동	8,976	3,179	2,182	1,803	1,381	345	57	19	6	2	2
2019.07	중랑구	중화2동	14,393	7,297	3,205	2,056	1,404	340	68	17	3	1	2
2019.07	중랑구	묵1동	14,553	4,635	3,275	3,050	2,727	654	156	41	11	2	2
2019.07	중랑구	묵2동	9,205	3,864	2,089	1,662	1,207	306	59	12	2	2	2
2019.07	중랑구	망우3동	8,469	3,677	2,000	1,452	1,037	241	51	8	1	2	-
2019.07	중랑구	신내1동	14,696	3,396	3,299	3,172	3,467	1,084	210	58	9	-	1
2019.07	중랑구	신내2동	9,067	2,755	2,235	2,002	1,645	341	69	12	6	-	2
2019.07	중랑구	면목본동	17,584	8,310	3,920	2,793	2,007	444	79	25	2	1	3
2019.07	중랑구	면목3.8동	12,544	5,504	2,888	2,142	1,549	362	71	24	4	-	-
2019.07	중랑구	망우본동	14,739	6,628	3,226	2,428	1,876	462	88	23	5	2	1
2019.07	성북구	소계	190,698	73,359	40,252	35,192	31,851	7,655	1,759	463	97	30	40
2019.07	성북구	돈암1동	6,311	1,772	1,557	1,345	1,244	297	73	20	-	1	2
2019.07	성북구	돈암2동	8,585	1,582	1,760	2,232	2,265	559	131	38	13	2	3
2019.07	성북구	안암동	9,078	5,835	1,416	900	724	154	35	8	2	2	2
2019.07	성북구	보문동	7,945	3,759	1,566	1,286	1,042	232	46	9	3	-	2
2019.07	성북구	정릉1동	7,426	2,184	1,610	1,645	1,505	356	91	29	3	1	2
2019.07	성북구	정릉2동	9,641	3,007	2,282	1,998	1,791	411	112	32	3	2	3
2019.07	성북구	정릉3동	7,724	3,942	1,505	1,093	872	246	50	11	1	1	3
2019.07	성북구	정릉4동	11,016	3,625	2,577	2,271	1,925	474	103	29	10	-	2
2019.07	성북구	길음1동	12,856	2,534	2,458	3,138	3,751	750	175	35	7	2	6
2019.07	성북구	길음2동	6,730	2,296	1,413	1,389	1,269	289	57	17	-	-	-
2019.07	성북구	월곡1동	10,765	3,137	2,418	2,281	2,234	536	121	27	8	2	1
2019.07	성북구	월곡2동	9,139	3,976	1,864	1,511	1,337	340	82	18	8	1	2
2019.07	성북구	장위1동	9,027	3,352	2,143	1,666	1,400	343	87	29	4	2	1
2019.07	성북구	장위2동	6,339	2,481	1,569	1,134	847	230	58	15	4	1	-
2019.07	성북구	장위3동	5,234	1,725	1,168	1,045	1,001	235	45	12	2	1	-
2019.07	성북구	성북동	8,036	3,703	1,714	1,206	976	317	80	28	5	1	6
2019.07	성북구	삼선동	12,667	6,153	2,510	1,795	1,669	417	94	19	7	3	-
2019.07	성북구	동선동	9,052	5,691	1,473	967	689	171	45	10	4	1	1
2019.07	성북구	종암동	17,140	6,296	3,543	3,283	3,046	763	155	42	4	5	3
2019.07	성북구	석관동	15,987	6,309	3,706	3,007	2,264	535	119	35	9	2	1
2019.07	강북구	소계	143,617	58,811	33,383	25,224	19,748	4,993	1,103	225	84	20	26
2019.07	강북구	번1동	10,259	5,440	2,130	1,419	984	217	60	5	4	-	-
2019.07	강북구	번2동	7,615	2,670	2,073	1,521	1,014	250	70	11	3	1	2
2019.07	강북구	번3동	7,609	2,219	2,138	1,570	1,245	340	76	17	3	1	-
2019.07	강북구	수유1동	10,350	4,668	2,305	1,703	1,247	329	70	15	8	1	4
2019.07	강북구	수유2동	9,558	3,399	2,466	1,799	1,400	381	82	20	8	1	2
2019.07	강북구	수유3동	12,673	6,757	2,578	1,817	1,164	281	55	13	3	3	2
2019.07	강북구	삼양동	11,580	4,580	2,729	2,107	1,610	439	82	18	10	3	2
2019.07	강북구	미아동	11,368	5,645	2,449	1,646	1,233	307	67	12	6	2	1
2019.07	강북구	송중동	13,001	5,589	2,831	2,203	1,780	462	96	29	6	2	3
2019.07	강북구	송천동	13,723	6,163	3,182	2,224	1,654	402	73	14	8	1	2
2019.07	강북구	삼각산동	11,811	2,544	2,468	2,753	3,171	696	138	27	13	-	1
2019.07	강북구	우이동	9,476	3,546	2,423	1,742	1,282	361	94	14	5	4	5
2019.07	강북구	인수동	14,594	5,591	3,611	2,720	1,964	528	140	30	7	1	2
2019.07	도봉구	소계	138,565	44,395	33,136	28,710	24,656	5,882	1,314	334	92	33	13
2019.07	도봉구	쌍문1동	9,313	3,102	2,278	1,880	1,503	416	103	20	8	2	1
2019.07	도봉구	쌍문2동	8,636	2,976	2,195	1,718	1,327	310	87	17	3	-	3
2019.07	도봉구	쌍문3동	7,812	3,104	1,886	1,409	1,071	274	50	14	3	-	1
2019.07	도봉구	쌍문4동	7,162	1,494	1,590	1,716	1,866	405	71	14	3	3	-
2019.07	도봉구	방학1동	12,854	4,669	2,953	2,393	2,111	560	121	35	6	4	2
2019.07	도봉구	방학2동	9,525	3,721	2,309	1,779	1,290	320	82	20	3	1	-
2019.07	도봉구	방학3동	10,093	1,796	2,341	2,545	2,602	616	140	35	13	5	-
2019.07	도봉구	창1동	10,962	3,571	2,563	2,298	2,020	395	86	24	2	2	1
2019.07	도봉구	창2동	12,426	3,763	2,998	2,735	2,224	518	133	36	13	6	-
2019.07	도봉구	창3동	6,688	2,572	1,679	1,195	943	236	45	17	1	-	-
2019.07	도봉구	창4동	10,610	2,770	2,294	2,372	2,488	547	101	22	14	2	-
2019.07	도봉구	창5동	10,056	2,749	2,299	2,332	2,082	455	97	29	9	4	-
2019.07	도봉구	도봉1동	10,250	4,060	2,674	1,813	1,226	370	69	24	7	3	4
2019.07	도봉구	도봉2동	12,178	4,048	3,077	2,525	1,903	460	129	27	7	1	1
2019.07	노원구	소계	217,227	68,669	48,345	44,475	43,917	9,420	1,822	396	119	43	21
2019.07	노원구	월계1동	10,480	4,311	2,216	1,794	1,621	439	75	19	4	1	-
2019.07	노원구	월계2동	11,242	3,852	2,901	2,162	1,782	422	97	16	6	3	1
2019.07	노원구	월계3동	13,010	3,690	3,516	2,856	2,298	490	122	27	8	2	1
2019.07	노원구	공릉2동	16,298	5,445	3,106	3,251	3,533	753	156	35	10	8	1
2019.07	노원구	하계1동	12,370	4,781	2,346	2,191	2,423	500	90	18	15	2	4
2019.07	노원구	하계2동	8,283	1,602	1,767	2,004	2,345	461	84	14	3	3	-
2019.07	노원구	중계본동	9,113	2,112	1,447	1,934	2,780	685	120	25	7	2	1
2019.07	노원구	중계1동	9,082	1,401	1,332	2,301	3,321	615	84	18	9	1	-
2019.07	노원구	중계4동	8,490	2,510	1,961	1,686	1,843	389	78	17	3	2	1
2019.07	노원구	상계1동	15,595	4,330	3,597	3,389	3,239	824	168	32	8	3	5
2019.07	노원구	상계2동	8,760	3,135	1,706	1,655	1,779	366	94	19	5	1	-
2019.07	노원구	상계5동	10,992	3,865	2,614	2,184	1,779	425	86	23	10	5	1
2019.07	노원구	상계8동	9,277	2,228	2,260	2,315	2,053	354	50	15	2	-	-
2019.07	노원구	상계9동	8,459	2,021	2,105	2,051	1,888	322	56	13	1	2	-
2019.07	노원구	상계10동	6,616	1,700	1,749	1,512	1,379	213	44	13	3	2	1
2019.07	노원구	상계3.4동	11,618	4,543	2,839	1,974	1,654	460	109	26	11	2	-
2019.07	노원구	상계6.7동	14,024	4,174	3,273	3,053	2,877	551	72	19	2	-	3
2019.07	노원구	중계2.3동	15,447	4,842	3,955	3,191	2,760	576	95	20	5	1	2
2019.07	노원구	공릉1동	18,071	8,127	3,655	2,972	2,563	575	142	27	7	3	-
2019.07	은평구	소계	207,393	75,855	47,828	39,468	33,139	8,471	1,972	464	125	40	31
2019.07	은평구	녹번동	16,853	6,523	4,051	3,136	2,394	591	115	35	4	3	1
2019.07	은평구	불광1동	17,850	6,497	4,282	3,532	2,724	611	155	37	9	3	-
2019.07	은평구	갈현1동	11,215	4,547	2,659	2,001	1,525	368	84	21	8	2	-
2019.07	은평구	갈현2동	12,600	4,219	3,035	2,587	2,102	500	121	24	9	1	2
2019.07	은평구	구산동	13,094	3,967	3,139	2,747	2,393	641	147	37	14	1	8
2019.07	은평구	대조동	15,447	7,319	3,413	2,418	1,735	419	110	27	4	1	1
2019.07	은평구	응암1동	11,344	4,668	2,478	1,977	1,685	407	98	14	6	4	7
2019.07	은평구	응암2동	8,823	2,558	2,036	1,991	1,717	400	85	19	9	5	3
2019.07	은평구	신사1동	11,686	3,667	2,843	2,512	2,019	482	115	33	10	5	-
2019.07	은평구	신사2동	9,210	3,151	2,142	1,841	1,565	381	98	25	3	3	1
2019.07	은평구	증산동	6,941	2,457	1,675	1,288	1,131	310	55	21	3	1	-
2019.07	은평구	수색동	3,930	1,412	939	756	605	165	43	9	1	-	-
2019.07	은평구	진관동	21,264	5,868	4,113	4,256	5,025	1,539	370	66	19	4	4
2019.07	은평구	불광2동	13,753	5,831	3,289	2,352	1,708	444	93	25	8	2	1
2019.07	은평구	응암3동	12,589	5,790	2,875	1,982	1,458	359	92	24	5	1	3
2019.07	은평구	역촌동	20,794	7,381	4,859	4,092	3,353	854	191	47	13	4	-
2019.07	서대문구	소계	139,994	58,454	29,454	24,353	20,980	5,140	1,158	332	87	23	13
2019.07	서대문구	천연동	8,211	3,313	1,705	1,516	1,301	298	51	18	4	2	3
2019.07	서대문구	홍제1동	10,255	3,410	2,448	2,068	1,736	453	94	31	8	4	3
2019.07	서대문구	홍제3동	7,120	2,624	1,683	1,323	1,134	280	56	11	8	1	-
2019.07	서대문구	홍제2동	5,856	1,734	1,398	1,302	1,106	247	48	13	6	1	1
2019.07	서대문구	홍은1동	9,313	3,095	2,141	1,849	1,651	443	104	25	4	-	1
2019.07	서대문구	홍은2동	12,148	4,684	2,761	2,210	1,848	461	121	46	15	2	-
2019.07	서대문구	남가좌1동	6,125	1,463	1,235	1,477	1,495	358	71	22	2	1	1
2019.07	서대문구	남가좌2동	11,193	4,560	2,402	1,979	1,744	381	91	28	7	1	-
2019.07	서대문구	북가좌1동	7,030	1,585	1,617	1,669	1,634	405	89	19	9	1	2
2019.07	서대문구	북가좌2동	14,767	5,487	3,520	2,763	2,280	549	128	36	4	-	-
2019.07	서대문구	충현동	8,845	4,468	1,700	1,242	1,059	282	72	17	4	1	-
2019.07	서대문구	북아현동	7,569	2,876	1,690	1,479	1,214	246	46	14	2	2	-
2019.07	서대문구	신촌동	12,375	9,214	1,494	819	631	151	42	16	4	2	2
2019.07	서대문구	연희동	19,187	9,941	3,660	2,657	2,147	586	145	36	10	5	-
2019.07	마포구	소계	173,852	77,483	35,591	28,484	24,818	5,772	1,229	322	97	28	28
2019.07	마포구	용강동	9,134	3,156	1,954	1,867	1,685	363	79	23	5	2	-
2019.07	마포구	대흥동	7,149	4,791	1,129	585	502	107	26	5	1	-	3
2019.07	마포구	염리동	5,717	2,458	1,184	989	846	186	35	12	5	-	2
2019.07	마포구	신수동	9,159	3,574	1,885	1,709	1,547	333	80	21	9	1	-
2019.07	마포구	서교동	14,084	8,699	2,428	1,487	1,089	292	61	17	5	5	1
2019.07	마포구	합정동	9,602	4,969	2,126	1,266	938	219	56	16	5	1	6
2019.07	마포구	망원1동	10,705	5,084	2,404	1,528	1,296	312	59	16	3	1	2
2019.07	마포구	망원2동	8,248	3,009	1,880	1,516	1,423	334	63	16	5	2	-
2019.07	마포구	연남동	8,644	4,813	1,727	1,057	772	211	44	11	5	1	3
2019.07	마포구	성산1동	9,344	4,146	2,058	1,490	1,200	340	73	24	7	3	3
2019.07	마포구	성산2동	18,726	7,894	3,848	3,223	2,906	677	136	27	13	1	1
2019.07	마포구	상암동	12,847	4,278	2,425	2,481	2,700	750	155	41	12	4	1
2019.07	마포구	도화동	9,655	3,664	2,037	1,826	1,620	389	88	23	4	2	2
2019.07	마포구	서강동	11,691	5,207	2,255	1,954	1,790	386	67	23	6	1	2
2019.07	마포구	공덕동	18,980	8,570	4,004	3,131	2,571	536	131	26	8	3	-
2019.07	마포구	아현동	10,167	3,171	2,247	2,375	1,933	337	76	21	4	1	2
2019.07	양천구	소계	177,197	49,975	37,310	38,416	40,131	8,878	1,849	430	146	32	30
2019.07	양천구	목1동	10,437	1,574	1,697	2,833	3,493	646	140	42	10	1	1
2019.07	양천구	목2동	13,005	4,463	2,866	2,588	2,359	572	112	28	10	2	5
2019.07	양천구	목3동	9,895	3,525	2,345	1,993	1,575	326	94	26	6	4	1
2019.07	양천구	목4동	10,156	2,913	1,910	2,071	2,546	558	121	24	10	1	2
2019.07	양천구	신월1동	10,141	4,320	2,312	1,801	1,302	316	71	14	3	2	-
2019.07	양천구	신월2동	8,709	2,426	2,043	1,909	1,707	467	105	38	10	1	3
2019.07	양천구	신월3동	8,198	3,923	1,816	1,237	885	260	62	12	1	-	2
2019.07	양천구	신월4동	6,881	1,480	1,575	1,664	1,599	420	116	21	4	2	-
2019.07	양천구	신월5동	6,415	2,141	1,482	1,308	1,117	278	69	16	-	3	1
2019.07	양천구	신월6동	2,519	658	564	555	563	138	32	7	1	1	-
2019.07	양천구	신월7동	9,252	2,930	2,556	1,868	1,487	311	77	15	7	-	1
2019.07	양천구	신정1동	7,204	1,377	1,227	1,659	2,333	490	90	18	7	-	3
2019.07	양천구	신정2동	7,151	1,551	1,277	1,523	2,197	504	79	12	5	2	1
2019.07	양천구	신정3동	17,960	4,431	4,073	3,935	4,132	1,126	200	41	17	2	3
2019.07	양천구	신정6동	8,159	1,031	1,430	2,289	2,760	517	100	18	11	2	1
2019.07	양천구	신정7동	11,572	2,903	2,567	2,618	2,827	514	102	23	18	-	-
2019.07	양천구	목5동	13,538	1,655	2,049	3,653	5,088	866	158	43	17	6	3
2019.07	양천구	신정4동	16,005	6,674	3,521	2,912	2,161	569	121	32	9	3	3
2019.07	강서구	소계	261,662	101,576	57,947	47,771	41,574	9,982	2,078	543	131	38	22
2019.07	강서구	염창동	15,241	3,495	2,941	3,764	4,075	788	130	42	4	2	-
2019.07	강서구	등촌1동	12,012	6,356	2,203	1,654	1,424	291	56	22	4	2	-
2019.07	강서구	등촌2동	8,619	2,531	1,988	1,857	1,688	414	95	34	9	3	-
2019.07	강서구	등촌3동	14,786	5,565	3,926	2,657	2,082	439	90	21	6	-	-
2019.07	강서구	화곡본동	16,465	6,947	3,686	2,910	2,217	544	107	35	14	3	2
2019.07	강서구	화곡2동	8,241	2,802	2,042	1,683	1,237	391	62	15	6	2	1
2019.07	강서구	화곡3동	9,405	3,242	2,131	1,910	1,560	427	110	16	6	1	2
2019.07	강서구	화곡4동	9,676	3,557	2,400	1,898	1,374	339	82	22	3	1	-
2019.07	강서구	화곡6동	11,418	4,952	2,426	1,894	1,629	395	97	15	4	2	4
2019.07	강서구	화곡8동	11,667	4,266	3,063	2,165	1,667	394	82	26	2	2	-
2019.07	강서구	가양1동	18,938	11,845	2,547	2,067	1,902	465	83	23	4	-	2
2019.07	강서구	가양2동	8,105	3,982	2,179	1,127	621	132	46	11	5	1	1
2019.07	강서구	가양3동	7,924	3,150	2,426	1,414	711	182	29	12	-	-	-
2019.07	강서구	발산1동	13,476	2,684	2,871	3,105	3,679	910	170	41	10	4	2
2019.07	강서구	공항동	12,764	5,581	2,665	2,142	1,808	456	89	22	1	-	-
2019.07	강서구	방화1동	17,433	4,843	3,775	3,672	3,831	1,034	208	52	12	5	1
2019.07	강서구	방화2동	11,602	5,408	2,585	1,775	1,323	381	96	29	3	-	2
2019.07	강서구	방화3동	11,233	4,474	2,871	1,980	1,413	366	100	18	9	2	-
2019.07	강서구	화곡1동	26,153	11,955	6,046	4,347	2,870	710	160	47	11	4	3
2019.07	강서구	우장산동	16,504	3,941	3,176	3,750	4,463	924	186	40	18	4	2
2019.07	구로구	소계	174,918	64,874	39,468	32,678	28,695	7,119	1,560	357	109	40	18
2019.07	구로구	신도림동	13,450	2,958	2,858	3,341	3,387	689	162	37	11	7	-
2019.07	구로구	구로1동	8,041	1,932	1,785	1,872	1,951	415	59	16	7	3	1
2019.07	구로구	구로3동	13,236	7,661	2,203	1,628	1,312	330	69	25	6	2	-
2019.07	구로구	구로4동	10,579	4,960	2,523	1,654	1,122	244	57	10	6	2	1
2019.07	구로구	구로5동	14,459	6,865	2,877	2,231	1,892	441	113	30	7	2	1
2019.07	구로구	고척1동	9,538	2,895	2,156	1,974	1,942	444	96	20	7	4	-
2019.07	구로구	고척2동	11,670	3,711	2,750	2,352	2,209	508	115	17	6	2	-
2019.07	구로구	개봉2동	12,644	3,134	3,211	2,914	2,522	651	166	35	8	2	1
2019.07	구로구	개봉3동	8,843	2,589	2,298	1,917	1,555	388	76	12	6	2	-
2019.07	구로구	오류1동	10,809	5,111	2,374	1,663	1,238	326	71	12	8	1	5
2019.07	구로구	오류2동	19,198	5,485	4,627	3,894	3,782	1,113	218	56	14	4	5
2019.07	구로구	수궁동	9,838	2,788	2,466	2,145	1,787	504	122	19	4	3	-
2019.07	구로구	가리봉동	5,844	3,870	1,014	512	329	93	18	5	2	-	1
2019.07	구로구	구로2동	12,817	6,182	2,929	1,864	1,356	362	78	31	10	4	1
2019.07	구로구	개봉1동	13,952	4,733	3,397	2,717	2,311	611	140	32	7	2	2
2019.07	금천구	소계	109,849	49,021	23,611	17,760	14,662	3,675	844	195	49	17	15
2019.07	금천구	가산동	13,491	9,615	1,759	1,097	778	176	57	6	2	1	-
2019.07	금천구	독산1동	19,774	9,545	3,773	3,001	2,610	655	145	33	5	2	5
2019.07	금천구	독산2동	9,273	3,957	2,163	1,618	1,189	271	57	12	4	-	2
2019.07	금천구	독산3동	12,287	5,647	2,790	1,931	1,473	344	76	17	4	5	-
2019.07	금천구	독산4동	7,626	3,313	1,766	1,248	960	263	57	14	2	2	1
2019.07	금천구	시흥1동	15,847	6,610	3,565	2,694	2,274	559	97	38	6	2	2
2019.07	금천구	시흥2동	8,431	2,022	2,025	1,848	1,877	475	139	33	8	1	3
2019.07	금천구	시흥3동	4,734	1,442	1,251	985	776	219	50	8	3	-	-
2019.07	금천구	시흥4동	9,063	3,083	2,229	1,769	1,478	383	86	19	11	4	1
2019.07	금천구	시흥5동	9,323	3,787	2,290	1,569	1,247	330	80	15	4	-	1
2019.07	영등포구	소계	173,940	79,755	34,606	28,292	24,050	5,571	1,221	306	83	23	33
2019.07	영등포구	여의동	13,408	3,948	2,891	2,994	2,765	600	148	38	14	4	6
2019.07	영등포구	당산1동	10,540	5,314	2,107	1,553	1,192	277	74	13	5	1	4
2019.07	영등포구	당산2동	17,233	8,560	2,907	2,644	2,424	523	123	36	14	1	1
2019.07	영등포구	양평1동	8,908	4,310	1,914	1,385	1,007	222	48	16	3	3	-
2019.07	영등포구	양평2동	10,138	4,171	2,062	1,801	1,660	348	75	14	4	1	2
2019.07	영등포구	신길1동	9,949	5,970	1,787	1,129	791	216	39	10	4	2	1
2019.07	영등포구	신길3동	7,563	2,930	1,598	1,432	1,226	314	46	11	4	1	1
2019.07	영등포구	신길4동	4,278	1,877	960	726	541	139	28	5	2	-	-
2019.07	영등포구	신길5동	4,191	1,788	945	698	560	148	41	8	-	1	2
2019.07	영등포구	신길6동	8,431	3,650	1,814	1,409	1,189	281	59	19	3	1	6
2019.07	영등포구	신길7동	6,535	1,909	1,320	1,386	1,493	335	69	16	4	2	1
2019.07	영등포구	대림1동	6,365	2,990	1,421	943	780	178	37	13	2	-	1
2019.07	영등포구	대림2동	6,834	3,626	1,527	867	593	167	41	9	4	-	-
2019.07	영등포구	대림3동	10,549	4,000	2,426	1,977	1,607	409	95	29	6	-	-
2019.07	영등포구	영등포본동	10,208	4,524	1,987	1,737	1,518	357	61	16	4	2	2
2019.07	영등포구	영등포동	17,059	12,175	2,204	1,354	1,030	226	52	13	2	-	3
2019.07	영등포구	도림동	9,288	4,409	2,057	1,435	1,042	264	59	16	5	1	-
2019.07	영등포구	문래동	12,463	3,604	2,679	2,822	2,632	567	126	24	3	3	3
2019.07	동작구	소계	180,524	76,421	37,349	30,977	27,367	6,455	1,425	376	103	31	20
2019.07	동작구	노량진2동	7,177	4,082	1,404	926	588	128	35	10	3	1	-
2019.07	동작구	상도1동	21,337	9,681	3,897	3,585	3,235	721	165	40	9	2	2
2019.07	동작구	상도2동	12,833	5,145	2,692	2,304	2,082	470	110	23	4	2	1
2019.07	동작구	상도3동	11,815	5,042	2,604	2,048	1,577	385	107	33	11	6	2
2019.07	동작구	상도4동	13,450	5,404	3,062	2,429	1,977	467	79	24	6	-	2
2019.07	동작구	사당1동	13,019	7,431	2,576	1,576	1,098	258	60	11	7	2	-
2019.07	동작구	사당3동	10,708	3,463	2,450	2,212	1,967	464	104	36	7	3	2
2019.07	동작구	사당4동	6,981	3,077	1,565	1,134	929	210	42	16	6	2	-
2019.07	동작구	사당5동	5,717	2,266	1,218	1,062	917	199	41	11	1	1	1
2019.07	동작구	대방동	17,113	6,890	3,226	2,868	3,179	723	160	47	11	4	5
2019.07	동작구	신대방1동	9,857	3,541	1,923	1,798	1,982	475	103	24	7	1	3
2019.07	동작구	신대방2동	9,293	4,117	1,749	1,463	1,449	391	86	32	6	-	-
2019.07	동작구	흑석동	14,282	5,502	2,997	2,709	2,380	568	95	21	9	1	-
2019.07	동작구	노량진1동	14,994	6,640	3,113	2,469	2,086	531	116	28	6	4	1
2019.07	동작구	사당2동	11,948	4,140	2,873	2,394	1,921	465	122	20	10	2	1
2019.07	관악구	소계	267,243	148,899	49,269	33,282	27,109	6,599	1,513	399	117	27	29
2019.07	관악구	보라매동	12,245	5,739	2,663	1,890	1,492	364	77	14	-	3	3
2019.07	관악구	청림동	6,566	1,978	1,553	1,483	1,211	254	61	16	7	1	2
2019.07	관악구	행운동	17,096	10,498	2,885	1,842	1,397	350	97	17	9	-	1
2019.07	관악구	낙성대동	10,699	7,468	1,468	873	654	170	47	12	5	-	2
2019.07	관악구	중앙동	9,237	5,960	1,570	829	659	166	42	7	1	2	1
2019.07	관악구	인헌동	14,066	7,617	2,677	1,815	1,480	373	72	27	5	-	-
2019.07	관악구	남현동	9,367	4,670	1,894	1,365	1,077	266	65	21	5	1	3
2019.07	관악구	서원동	13,759	8,580	2,530	1,402	921	244	63	13	5	1	-
2019.07	관악구	신원동	10,451	5,985	2,152	1,210	846	195	42	15	1	3	2
2019.07	관악구	서림동	14,131	9,070	2,242	1,397	1,049	274	69	21	7	-	2
2019.07	관악구	신사동	13,243	8,100	2,291	1,446	1,094	240	55	11	5	-	1
2019.07	관악구	신림동	16,651	13,482	1,971	666	409	91	26	4	-	1	1
2019.07	관악구	난향동	6,460	1,909	1,504	1,322	1,295	320	77	25	5	1	2
2019.07	관악구	조원동	10,186	6,311	1,813	1,000	831	167	35	19	7	3	-
2019.07	관악구	대학동	15,794	11,694	1,793	1,149	857	226	60	11	4	-	-
2019.07	관악구	은천동	15,897	6,657	3,481	2,648	2,393	543	133	27	12	2	1
2019.07	관악구	성현동	12,931	3,904	3,043	2,621	2,579	621	117	31	12	1	2
2019.07	관악구	청룡동	19,927	14,212	2,643	1,476	1,198	299	75	16	4	2	2
2019.07	관악구	난곡동	12,889	5,016	3,152	2,303	1,847	425	104	30	10	1	1
2019.07	관악구	삼성동	11,499	4,634	2,745	1,944	1,612	432	95	28	4	4	1
2019.07	관악구	미성동	14,149	5,415	3,199	2,601	2,208	579	101	34	9	1	2
2019.07	서초구	소계	173,032	57,932	34,315	34,107	35,238	8,560	2,043	538	194	59	46
2019.07	서초구	서초1동	9,281	3,866	1,712	1,624	1,503	403	129	29	12	2	1
2019.07	서초구	서초2동	8,274	3,660	1,488	1,405	1,325	288	81	17	7	2	1
2019.07	서초구	서초3동	13,489	5,650	2,610	2,299	2,112	580	159	42	22	7	8
2019.07	서초구	서초4동	10,995	2,375	1,910	2,588	3,278	657	126	45	10	5	1
2019.07	서초구	잠원동	13,996	4,706	2,635	2,930	2,985	584	108	28	12	5	3
2019.07	서초구	반포본동	4,155	741	839	968	1,277	248	59	16	4	1	2
2019.07	서초구	반포1동	14,379	6,328	2,243	2,310	2,683	621	138	36	14	6	-
2019.07	서초구	반포2동	5,171	733	842	1,314	1,704	461	86	19	8	2	2
2019.07	서초구	반포3동	7,016	1,283	1,369	1,871	2,007	391	62	23	6	2	2
2019.07	서초구	반포4동	7,350	1,889	1,491	1,765	1,636	422	104	22	10	8	3
2019.07	서초구	방배본동	7,873	2,079	1,545	1,715	1,894	478	112	34	9	3	4
2019.07	서초구	방배1동	7,582	2,888	1,683	1,395	1,225	287	74	19	7	1	3
2019.07	서초구	방배2동	8,850	3,097	2,068	1,673	1,515	388	71	22	6	4	6
2019.07	서초구	방배3동	8,505	2,261	1,895	1,871	1,870	448	113	33	12	-	2
2019.07	서초구	방배4동	9,791	3,402	2,007	1,808	1,927	473	134	28	10	-	2
2019.07	서초구	양재1동	18,236	5,950	3,938	3,405	3,486	1,086	268	75	20	6	2
2019.07	서초구	양재2동	10,808	4,938	2,224	1,648	1,451	398	110	23	13	1	2
2019.07	서초구	내곡동	7,281	2,086	1,816	1,518	1,360	347	109	27	12	4	2
2019.07	강남구	소계	231,093	90,743	43,277	41,136	42,967	9,865	2,195	619	177	78	36
2019.07	강남구	신사동	7,474	2,930	1,576	1,286	1,228	325	83	24	14	6	2
2019.07	강남구	논현1동	14,170	9,310	2,442	1,213	848	256	67	20	9	3	2
2019.07	강남구	논현2동	11,339	6,138	2,091	1,531	1,203	278	73	17	7	1	-
2019.07	강남구	삼성1동	5,925	1,979	1,219	1,184	1,135	287	86	25	8	1	1
2019.07	강남구	삼성2동	13,225	5,641	2,286	2,292	2,329	484	131	46	9	5	2
2019.07	강남구	대치1동	7,413	578	910	1,950	3,148	653	120	35	10	6	3
2019.07	강남구	대치4동	10,162	5,304	1,654	1,395	1,400	312	72	20	4	-	1
2019.07	강남구	역삼1동	23,503	16,577	3,572	1,713	1,178	329	91	28	9	5	1
2019.07	강남구	역삼2동	15,370	6,304	2,287	2,801	3,149	637	128	37	11	7	9
2019.07	강남구	도곡1동	8,549	2,509	1,556	1,819	2,091	436	94	28	10	6	-
2019.07	강남구	도곡2동	11,832	2,213	2,301	2,997	3,421	712	141	36	7	2	2
2019.07	강남구	개포1동	2,793	866	628	512	603	152	22	6	3	1	-
2019.07	강남구	개포4동	7,749	2,910	1,541	1,435	1,413	358	62	21	5	2	2
2019.07	강남구	일원본동	8,199	1,492	1,482	2,012	2,577	505	95	25	6	4	1
2019.07	강남구	일원1동	7,553	3,129	1,769	1,297	990	286	66	14	2	-	-
2019.07	강남구	일원2동	7,314	2,183	1,751	1,561	1,480	284	39	14	1	-	1
2019.07	강남구	수서동	7,839	3,259	2,309	1,272	739	192	49	12	6	1	-
2019.07	강남구	세곡동	17,747	5,769	3,778	3,252	3,379	1,159	319	69	15	5	2
2019.07	강남구	압구정동	10,731	3,024	2,371	2,389	2,249	520	125	33	8	10	2
2019.07	강남구	청담동	12,558	4,710	2,433	2,398	2,256	549	131	52	17	8	4
2019.07	강남구	대치2동	12,996	2,440	1,995	3,228	4,311	825	135	44	12	5	1
2019.07	강남구	개포2동	6,652	1,478	1,326	1,599	1,840	326	66	13	4	-	-
2019.07	송파구	소계	278,256	94,555	58,018	55,430	54,607	12,074	2,690	614	191	47	30
2019.07	송파구	풍납1동	6,598	2,516	1,580	1,197	1,037	202	52	8	5	1	-
2019.07	송파구	풍납2동	10,453	3,923	2,004	2,102	1,890	407	95	26	6	-	-
2019.07	송파구	거여1동	5,452	1,823	1,260	1,053	1,010	240	56	6	3	-	1
2019.07	송파구	거여2동	7,226	2,481	1,788	1,423	1,183	261	67	17	3	1	2
2019.07	송파구	마천1동	9,109	3,537	2,100	1,554	1,376	425	89	24	2	2	-
2019.07	송파구	마천2동	8,644	3,089	2,091	1,629	1,357	344	105	17	11	-	1
2019.07	송파구	방이1동	6,219	1,799	1,192	1,323	1,459	340	78	18	8	1	1
2019.07	송파구	방이2동	13,445	7,133	2,681	1,828	1,386	332	65	15	4	-	1
2019.07	송파구	오륜동	5,973	664	1,049	1,603	2,093	451	80	22	6	3	2
2019.07	송파구	오금동	15,729	4,232	3,547	3,560	3,371	792	177	41	9	-	-
2019.07	송파구	송파1동	12,452	5,835	2,646	1,928	1,522	386	92	34	5	3	1
2019.07	송파구	송파2동	7,324	1,535	1,507	1,763	1,934	450	99	23	9	3	1
2019.07	송파구	석촌동	16,772	8,324	3,486	2,472	1,897	439	121	21	7	5	-
2019.07	송파구	삼전동	16,332	8,223	3,251	2,393	1,914	435	86	22	3	2	3
2019.07	송파구	가락본동	11,840	4,447	2,459	2,268	2,046	497	91	26	4	-	2
2019.07	송파구	가락1동	9,524	1,675	2,405	2,448	2,438	436	94	18	5	3	2
2019.07	송파구	가락2동	12,274	2,837	2,481	2,943	3,188	626	150	37	10	1	1
2019.07	송파구	문정1동	8,549	2,786	1,820	1,739	1,687	402	82	20	10	2	1
2019.07	송파구	문정2동	15,444	8,406	2,760	1,957	1,803	369	106	25	12	3	3
2019.07	송파구	장지동	13,385	3,725	3,155	2,969	2,708	645	136	34	12	1	-
2019.07	송파구	위례동	9,020	1,049	1,755	2,324	2,902	785	168	23	11	3	-
2019.07	송파구	잠실본동	15,029	7,949	2,932	2,038	1,607	373	105	16	8	-	1
2019.07	송파구	잠실4동	7,802	1,319	1,464	2,146	2,308	434	99	17	10	5	-
2019.07	송파구	잠실6동	5,935	943	1,350	1,577	1,561	388	80	25	6	3	2
2019.07	송파구	잠실7동	3,470	499	806	900	991	209	44	13	6	2	-
2019.07	송파구	잠실2동	12,001	1,852	1,883	3,076	4,319	695	137	31	7	1	-
2019.07	송파구	잠실3동	12,255	1,954	2,566	3,217	3,620	711	136	35	9	2	5
2019.07	강동구	소계	178,147	62,942	38,487	34,592	32,287	7,650	1,619	407	106	27	30
2019.07	강동구	강일동	11,209	2,225	2,561	2,249	2,885	1,051	194	30	10	2	2
2019.07	강동구	상일동	4,189	1,167	890	925	912	223	48	17	5	-	2
2019.07	강동구	명일1동	9,027	2,132	1,901	2,197	2,191	469	102	19	12	2	2
2019.07	강동구	명일2동	6,012	1,135	1,064	1,327	1,949	418	86	22	8	1	2
2019.07	강동구	고덕1동	9,111	1,568	1,616	2,283	2,899	603	101	28	6	1	6
2019.07	강동구	고덕2동	3,341	1,464	775	550	404	111	24	8	3	-	2
2019.07	강동구	암사2동	5,899	1,831	1,336	1,285	1,163	212	55	8	4	4	1
2019.07	강동구	암사3동	6,363	1,044	1,336	1,625	1,805	405	100	27	13	3	5
2019.07	강동구	천호1동	12,829	5,129	2,959	2,379	1,802	442	79	28	8	2	1
2019.07	강동구	천호3동	13,698	6,526	2,939	2,194	1,560	372	80	25	1	-	1
2019.07	강동구	성내1동	8,128	2,362	1,839	1,798	1,643	391	71	20	2	-	2
2019.07	강동구	성내2동	12,470	6,111	2,722	1,952	1,274	316	71	17	4	3	-
2019.07	강동구	성내3동	10,201	3,757	2,240	1,947	1,770	391	74	16	4	1	1
2019.07	강동구	둔촌1동	166	115	21	12	14	2	2	-	-	-	-
2019.07	강동구	둔촌2동	11,202	3,537	2,431	2,335	2,287	479	102	28	1	1	1
2019.07	강동구	암사1동	16,222	6,156	3,686	3,092	2,565	555	124	33	10	-	1
2019.07	강동구	천호2동	17,662	8,561	3,844	2,711	1,974	430	108	26	6	2	-
2019.07	강동구	길동	20,418	8,122	4,327	3,731	3,190	780	198	55	9	5	1
2019.08	합계	합계	4,312,172	1,735,122	910,016	767,074	688,227	162,473	36,176	9,097	2,583	800	604
2019.08	종로구	소계	73,802	36,396	14,040	10,921	9,043	2,526	597	189	55	24	11
2019.08	종로구	사직동	4,574	2,248	897	682	516	167	29	26	5	2	2
2019.08	종로구	삼청동	1,396	743	255	180	145	50	15	6	1	1	-
2019.08	종로구	부암동	4,283	1,637	942	739	691	190	53	20	7	2	2
2019.08	종로구	평창동	7,515	2,419	1,681	1,500	1,381	413	79	26	9	7	-
2019.08	종로구	무악동	3,167	732	695	730	775	181	39	8	3	2	2
2019.08	종로구	교남동	4,595	1,616	1,100	920	756	148	37	10	5	3	-
2019.08	종로구	가회동	2,050	927	432	338	248	70	26	7	1	-	1
2019.08	종로구	종로1.2.3.4가동	5,268	4,177	506	303	206	55	16	4	1	-	-
2019.08	종로구	종로5·6가동	3,192	2,123	505	293	194	57	15	2	2	1	-
2019.08	종로구	이화동	4,474	2,692	787	496	364	102	23	8	1	1	-
2019.08	종로구	창신1동	2,937	1,713	563	341	216	84	15	5	-	-	-
2019.08	종로구	창신2동	4,125	1,908	871	649	495	156	32	10	4	-	-
2019.08	종로구	창신3동	2,894	897	672	640	481	163	35	1	4	1	-
2019.08	종로구	숭인1동	2,978	1,350	653	480	356	102	28	9	-	-	-
2019.08	종로구	숭인2동	5,756	3,762	908	565	394	99	22	4	2	-	-
2019.08	종로구	청운효자동	5,345	1,924	1,129	1,004	946	248	64	21	6	3	-
2019.08	종로구	혜화동	9,253	5,528	1,444	1,061	879	241	69	22	4	1	4
2019.08	중구	소계	62,553	30,811	13,027	9,216	7,124	1,754	438	123	26	12	22
2019.08	중구	소공동	1,099	626	201	146	99	18	6	1	-	-	2
2019.08	중구	회현동	3,171	2,121	443	291	225	67	13	10	1	-	-
2019.08	중구	명동	1,413	942	214	137	80	27	6	3	1	-	3
2019.08	중구	필동	2,302	1,421	419	223	173	51	9	4	1	-	1
2019.08	중구	장충동	2,693	1,687	447	241	222	71	19	2	1	-	3
2019.08	중구	광희동	2,942	1,880	515	283	189	47	22	4	1	-	1
2019.08	중구	을지로동	1,328	1,054	152	69	40	10	3	-	-	-	-
2019.08	중구	신당5동	5,237	2,606	1,075	785	584	133	36	14	2	2	-
2019.08	중구	황학동	6,754	3,645	1,412	913	588	153	32	7	2	1	1
2019.08	중구	중림동	5,856	2,493	1,245	1,060	830	164	44	15	5	-	-
2019.08	중구	신당동	4,423	2,738	805	442	334	73	24	4	2	1	-
2019.08	중구	다산동	6,962	3,121	1,635	1,061	877	199	45	15	4	2	3
2019.08	중구	약수동	7,794	2,851	2,004	1,527	1,055	272	64	15	2	1	3
2019.08	중구	청구동	6,408	2,481	1,513	1,166	948	235	49	8	1	4	3
2019.08	중구	동화동	4,171	1,145	947	872	880	234	66	21	3	1	2
2019.08	용산구	소계	109,916	51,772	22,662	16,978	13,714	3,561	882	221	68	35	23
2019.08	용산구	후암동	8,593	4,050	1,739	1,391	1,018	292	73	16	5	5	4
2019.08	용산구	용산2가동	5,474	2,790	1,214	772	524	136	28	9	1	-	-
2019.08	용산구	남영동	5,432	4,186	596	305	253	69	12	7	1	1	2
2019.08	용산구	원효로2동	6,020	2,060	1,304	1,182	1,087	280	74	19	9	2	3
2019.08	용산구	효창동	4,161	1,455	937	794	701	198	59	13	1	2	1
2019.08	용산구	용문동	5,359	1,905	1,285	1,026	855	223	48	10	3	3	1
2019.08	용산구	이촌1동	10,277	2,226	2,252	2,619	2,432	554	143	31	13	6	1
2019.08	용산구	이촌2동	3,868	1,309	1,059	764	542	141	31	12	10	-	-
2019.08	용산구	이태원1동	3,774	2,166	721	436	328	81	32	10	-	-	-
2019.08	용산구	이태원2동	4,871	2,589	1,003	646	455	124	42	8	3	1	-
2019.08	용산구	서빙고동	5,312	1,718	1,128	958	1,089	337	63	17	1	-	1
2019.08	용산구	보광동	7,701	4,053	1,671	1,027	717	183	37	9	2	2	-
2019.08	용산구	청파동	10,704	6,172	1,985	1,219	968	264	69	18	5	1	3
2019.08	용산구	원효로1동	7,705	3,611	1,666	1,207	939	224	44	5	4	3	2
2019.08	용산구	한강로동	9,622	5,373	1,835	1,238	896	199	56	17	4	3	1
2019.08	용산구	한남동	11,043	6,109	2,267	1,394	910	256	71	20	6	6	4
2019.08	성동구	소계	136,592	55,588	29,579	24,907	20,433	4,597	1,093	274	84	19	18
2019.08	성동구	왕십리2동	7,632	2,923	1,665	1,463	1,198	272	89	14	3	2	3
2019.08	성동구	마장동	10,900	4,812	2,294	1,775	1,511	384	84	25	9	3	3
2019.08	성동구	사근동	7,440	5,256	947	573	488	139	23	11	2	1	-
2019.08	성동구	행당1동	7,339	3,055	1,543	1,341	1,090	238	48	16	7	-	1
2019.08	성동구	행당2동	9,487	2,372	2,335	2,194	2,043	402	103	26	9	1	2
2019.08	성동구	응봉동	6,164	1,611	1,390	1,409	1,337	326	71	12	6	1	1
2019.08	성동구	금호1가동	6,623	2,095	1,639	1,425	1,146	243	62	11	2	-	-
2019.08	성동구	금호4가동	6,467	2,141	1,586	1,484	984	214	41	11	5	-	1
2019.08	성동구	성수1가1동	7,654	3,112	1,665	1,328	1,227	250	54	12	3	2	1
2019.08	성동구	성수1가2동	6,989	3,169	1,444	1,162	930	223	43	12	5	-	1
2019.08	성동구	성수2가1동	8,555	4,145	1,774	1,321	1,021	225	56	8	4	1	-
2019.08	성동구	성수2가3동	5,670	2,898	1,064	794	667	180	51	15	1	-	-
2019.08	성동구	송정동	5,577	2,768	1,149	819	636	164	32	7	-	2	-
2019.08	성동구	용답동	6,987	4,087	1,238	808	653	146	40	13	-	1	1
2019.08	성동구	왕십리도선동	11,779	4,403	2,482	2,328	2,010	420	101	25	8	2	-
2019.08	성동구	금호2.3가동	10,345	3,568	2,547	2,134	1,619	347	89	26	11	1	3
2019.08	성동구	옥수동	10,984	3,173	2,817	2,549	1,873	424	106	30	9	2	1
2019.08	광진구	소계	164,082	73,093	33,218	26,884	23,935	5,299	1,198	315	95	29	16
2019.08	광진구	화양동	15,933	12,465	1,972	747	599	108	31	9	1	-	1
2019.08	광진구	군자동	10,610	5,856	2,008	1,363	1,062	238	57	19	4	2	1
2019.08	광진구	중곡1동	8,018	3,852	1,837	1,224	851	189	41	16	7	1	-
2019.08	광진구	중곡2동	10,412	4,500	2,325	1,774	1,409	309	75	14	5	1	-
2019.08	광진구	중곡3동	8,497	3,982	1,906	1,329	974	246	47	10	2	1	-
2019.08	광진구	중곡4동	13,220	4,927	3,058	2,580	2,018	480	116	28	9	2	2
2019.08	광진구	능동	6,246	3,485	1,280	743	520	153	51	10	2	2	-
2019.08	광진구	구의1동	11,789	6,287	2,399	1,581	1,143	294	66	17	2	-	-
2019.08	광진구	구의2동	11,643	4,089	2,629	2,281	2,013	480	104	33	6	4	4
2019.08	광진구	구의3동	12,171	4,020	2,551	2,472	2,450	534	101	28	11	3	1
2019.08	광진구	광장동	12,049	2,202	1,912	3,000	4,008	705	166	36	16	4	-
2019.08	광진구	자양1동	11,439	5,554	2,420	1,703	1,351	315	68	19	6	1	2
2019.08	광진구	자양2동	11,271	3,965	2,526	2,226	1,960	454	99	31	6	2	2
2019.08	광진구	자양3동	11,045	2,846	2,385	2,481	2,615	538	126	32	14	5	3
2019.08	광진구	자양4동	9,739	5,063	2,010	1,380	962	256	50	13	4	1	-
2019.08	동대문구	소계	163,442	74,791	33,074	26,202	22,155	5,437	1,354	323	63	30	13
2019.08	동대문구	회기동	6,036	3,877	888	603	490	136	31	7	3	1	-
2019.08	동대문구	휘경1동	7,492	4,047	1,348	1,001	834	195	51	13	-	3	-
2019.08	동대문구	휘경2동	11,489	5,431	2,078	1,778	1,665	414	89	27	3	3	1
2019.08	동대문구	청량리동	10,507	4,975	2,319	1,576	1,201	336	86	12	1	-	1
2019.08	동대문구	용신동	17,021	10,055	3,060	1,915	1,499	368	94	26	4	-	-
2019.08	동대문구	제기동	13,044	6,936	2,592	1,716	1,303	364	106	22	1	3	1
2019.08	동대문구	전농1동	14,939	7,233	2,955	2,370	1,815	435	88	28	9	2	4
2019.08	동대문구	전농2동	7,760	2,203	1,849	1,722	1,469	388	99	24	5	-	1
2019.08	동대문구	답십리1동	12,687	4,830	2,614	2,459	2,104	510	129	32	5	3	1
2019.08	동대문구	답십리2동	12,743	4,320	3,093	2,505	2,197	479	116	25	7	1	-
2019.08	동대문구	장안1동	17,500	7,289	3,729	3,092	2,561	626	159	33	6	5	-
2019.08	동대문구	장안2동	13,120	4,473	2,870	2,669	2,374	550	143	31	6	2	2
2019.08	동대문구	이문1동	10,646	6,346	1,772	1,149	1,033	254	68	15	5	3	1
2019.08	동대문구	이문2동	8,458	2,776	1,907	1,647	1,610	382	95	28	8	4	1
2019.08	중랑구	소계	181,375	74,069	41,256	32,175	25,928	6,243	1,266	328	79	15	16
2019.08	중랑구	면목2동	12,225	5,427	2,712	2,005	1,596	382	83	13	6	1	-
2019.08	중랑구	면목4동	9,315	3,916	2,163	1,639	1,236	282	61	14	4	-	-
2019.08	중랑구	면목5동	4,543	1,888	1,076	803	608	132	27	7	2	-	-
2019.08	중랑구	면목7동	10,081	4,253	2,335	1,766	1,335	297	72	18	4	1	-
2019.08	중랑구	상봉1동	10,245	3,064	2,366	2,222	2,079	414	73	21	5	1	-
2019.08	중랑구	상봉2동	10,795	6,200	2,177	1,301	868	179	49	11	8	1	1
2019.08	중랑구	중화1동	8,983	3,172	2,216	1,792	1,375	342	57	19	6	2	2
2019.08	중랑구	중화2동	14,343	7,313	3,198	2,031	1,382	326	69	18	3	1	2
2019.08	중랑구	묵1동	14,568	4,644	3,282	3,057	2,723	652	154	42	11	1	2
2019.08	중랑구	묵2동	9,208	3,866	2,099	1,661	1,201	304	58	13	3	1	2
2019.08	중랑구	망우3동	8,474	3,697	2,003	1,442	1,026	241	54	7	1	3	-
2019.08	중랑구	신내1동	14,678	3,392	3,300	3,172	3,459	1,085	202	59	8	-	1
2019.08	중랑구	신내2동	9,077	2,770	2,254	1,994	1,627	341	70	13	6	-	2
2019.08	중랑구	면목본동	17,578	8,316	3,949	2,756	2,003	443	79	25	3	1	3
2019.08	중랑구	면목3.8동	12,544	5,520	2,888	2,133	1,543	359	73	24	4	-	-
2019.08	중랑구	망우본동	14,718	6,631	3,238	2,401	1,867	464	85	24	5	2	1
2019.08	성북구	소계	191,174	73,787	40,404	35,137	31,833	7,634	1,744	468	97	30	40
2019.08	성북구	돈암1동	6,300	1,764	1,556	1,352	1,234	297	73	21	-	1	2
2019.08	성북구	돈암2동	8,585	1,597	1,753	2,229	2,260	563	123	41	13	2	4
2019.08	성북구	안암동	9,138	5,876	1,442	893	724	155	35	8	3	-	2
2019.08	성북구	보문동	7,985	3,800	1,585	1,271	1,039	230	44	11	3	-	2
2019.08	성북구	정릉1동	7,436	2,197	1,604	1,648	1,509	349	95	29	2	1	2
2019.08	성북구	정릉2동	9,652	3,018	2,307	1,993	1,777	408	106	35	3	3	2
2019.08	성북구	정릉3동	7,772	3,999	1,501	1,086	872	247	50	12	1	1	3
2019.08	성북구	정릉4동	11,021	3,652	2,579	2,237	1,931	477	103	30	9	1	2
2019.08	성북구	길음1동	12,850	2,528	2,462	3,151	3,743	740	177	33	8	2	6
2019.08	성북구	길음2동	6,766	2,304	1,440	1,396	1,260	292	59	15	-	-	-
2019.08	성북구	월곡1동	10,763	3,145	2,416	2,280	2,236	525	123	27	8	3	-
2019.08	성북구	월곡2동	9,181	4,010	1,872	1,510	1,338	345	78	17	8	2	1
2019.08	성북구	장위1동	9,036	3,379	2,141	1,664	1,388	343	86	28	5	1	1
2019.08	성북구	장위2동	6,330	2,486	1,561	1,129	850	227	57	15	4	1	-
2019.08	성북구	장위3동	5,364	1,755	1,191	1,080	1,032	245	47	11	2	1	-
2019.08	성북구	성북동	8,029	3,698	1,722	1,204	974	310	81	28	5	1	6
2019.08	성북구	삼선동	12,658	6,151	2,515	1,791	1,662	416	93	19	7	3	1
2019.08	성북구	동선동	9,065	5,716	1,473	962	683	170	45	10	4	1	1
2019.08	성북구	종암동	17,155	6,322	3,541	3,266	3,052	763	157	43	3	4	4
2019.08	성북구	석관동	16,088	6,390	3,743	2,995	2,269	532	112	35	9	2	1
2019.08	강북구	소계	143,644	58,981	33,392	25,200	19,667	4,957	1,094	223	87	18	25
2019.08	강북구	번1동	10,276	5,462	2,132	1,416	973	223	61	5	4	-	-
2019.08	강북구	번2동	7,623	2,699	2,073	1,507	1,010	250	68	11	3	-	2
2019.08	강북구	번3동	7,602	2,209	2,153	1,562	1,250	331	76	17	3	1	-
2019.08	강북구	수유1동	10,336	4,663	2,304	1,702	1,250	321	69	14	8	1	4
2019.08	강북구	수유2동	9,558	3,415	2,471	1,801	1,381	376	83	21	7	1	2
2019.08	강북구	수유3동	12,708	6,792	2,575	1,835	1,148	283	54	12	4	3	2
2019.08	강북구	삼양동	11,562	4,586	2,728	2,099	1,605	430	80	18	11	3	2
2019.08	강북구	미아동	11,372	5,662	2,436	1,651	1,229	310	67	8	7	1	1
2019.08	강북구	송중동	12,984	5,581	2,834	2,211	1,764	462	92	29	6	2	3
2019.08	강북구	송천동	13,744	6,180	3,201	2,219	1,646	403	70	16	6	1	2
2019.08	강북구	삼각산동	11,793	2,540	2,459	2,749	3,172	689	141	29	14	-	-
2019.08	강북구	우이동	9,482	3,569	2,418	1,737	1,284	351	95	13	6	4	5
2019.08	강북구	인수동	14,604	5,623	3,608	2,711	1,955	528	138	30	8	1	2
2019.08	도봉구	소계	138,585	44,508	33,232	28,685	24,550	5,825	1,314	332	93	35	11
2019.08	도봉구	쌍문1동	9,348	3,130	2,282	1,898	1,494	410	102	21	8	2	1
2019.08	도봉구	쌍문2동	8,623	2,970	2,214	1,709	1,316	308	83	16	4	-	3
2019.08	도봉구	쌍문3동	7,814	3,111	1,888	1,402	1,072	274	49	14	3	-	1
2019.08	도봉구	쌍문4동	7,167	1,500	1,587	1,731	1,863	395	71	14	4	2	-
2019.08	도봉구	방학1동	12,851	4,664	2,962	2,396	2,096	562	122	36	7	4	2
2019.08	도봉구	방학2동	9,527	3,730	2,317	1,766	1,287	320	83	18	5	1	-
2019.08	도봉구	방학3동	10,080	1,794	2,354	2,538	2,597	603	141	36	12	5	-
2019.08	도봉구	창1동	10,938	3,563	2,560	2,304	2,001	391	90	24	2	2	1
2019.08	도봉구	창2동	12,426	3,770	3,021	2,728	2,206	517	132	34	12	6	-
2019.08	도봉구	창3동	6,699	2,599	1,672	1,195	938	230	48	16	1	-	-
2019.08	도봉구	창4동	10,580	2,766	2,293	2,365	2,479	538	101	23	13	2	-
2019.08	도봉구	창5동	10,080	2,776	2,305	2,324	2,088	449	97	29	8	4	-
2019.08	도봉구	도봉1동	10,250	4,065	2,682	1,811	1,216	372	65	25	6	5	3
2019.08	도봉구	도봉2동	12,202	4,070	3,095	2,518	1,897	456	130	26	8	2	-
2019.08	노원구	소계	217,031	68,753	48,409	44,444	43,697	9,324	1,825	398	118	41	22
2019.08	노원구	월계1동	10,489	4,341	2,203	1,798	1,613	435	76	18	3	1	1
2019.08	노원구	월계2동	11,231	3,861	2,902	2,155	1,769	419	99	16	7	2	1
2019.08	노원구	월계3동	13,006	3,707	3,527	2,847	2,279	491	121	24	7	2	1
2019.08	노원구	공릉2동	16,302	5,474	3,111	3,243	3,518	745	156	36	10	8	1
2019.08	노원구	하계1동	12,312	4,710	2,369	2,214	2,387	505	88	20	13	1	5
2019.08	노원구	하계2동	8,291	1,619	1,777	2,003	2,338	452	83	13	3	3	-
2019.08	노원구	중계본동	9,065	2,080	1,448	1,924	2,775	683	117	28	7	2	1
2019.08	노원구	중계1동	9,102	1,411	1,339	2,320	3,319	601	83	18	10	1	-
2019.08	노원구	중계4동	8,480	2,511	1,966	1,672	1,841	388	79	16	4	2	1
2019.08	노원구	상계1동	15,556	4,308	3,614	3,376	3,222	819	168	32	9	3	5
2019.08	노원구	상계2동	8,770	3,159	1,698	1,659	1,766	363	97	22	5	1	-
2019.08	노원구	상계5동	10,993	3,879	2,629	2,186	1,759	421	82	23	9	5	-
2019.08	노원구	상계8동	9,261	2,228	2,242	2,337	2,036	349	54	13	2	-	-
2019.08	노원구	상계9동	8,451	2,030	2,103	2,046	1,877	323	56	13	1	2	-
2019.08	노원구	상계10동	6,611	1,713	1,745	1,503	1,378	205	47	15	2	2	1
2019.08	노원구	상계3.4동	11,580	4,540	2,821	1,960	1,661	453	108	25	10	2	-
2019.08	노원구	상계6.7동	14,008	4,185	3,285	3,045	2,855	538	74	20	3	-	3
2019.08	노원구	중계2.3동	15,424	4,840	3,953	3,190	2,751	568	95	19	5	1	2
2019.08	노원구	공릉1동	18,099	8,157	3,677	2,966	2,553	566	142	27	8	3	-
2019.08	은평구	소계	207,225	76,072	47,811	39,366	32,944	8,386	1,980	467	130	37	32
2019.08	은평구	녹번동	16,881	6,512	4,083	3,153	2,394	585	108	35	7	2	2
2019.08	은평구	불광1동	17,829	6,499	4,276	3,532	2,703	618	154	36	9	2	-
2019.08	은평구	갈현1동	11,227	4,586	2,642	2,014	1,512	360	83	20	8	2	-
2019.08	은평구	갈현2동	12,562	4,194	3,032	2,587	2,093	495	122	27	9	1	2
2019.08	은평구	구산동	13,094	3,996	3,132	2,739	2,389	632	146	37	14	1	8
2019.08	은평구	대조동	15,087	7,202	3,310	2,368	1,664	405	109	24	3	1	1
2019.08	은평구	응암1동	11,372	4,706	2,489	1,961	1,675	408	100	15	7	4	7
2019.08	은평구	응암2동	8,836	2,574	2,029	2,004	1,705	399	86	22	10	4	3
2019.08	은평구	신사1동	11,702	3,663	2,861	2,524	2,004	482	119	32	12	5	-
2019.08	은평구	신사2동	9,190	3,154	2,126	1,845	1,558	376	100	24	4	2	1
2019.08	은평구	증산동	6,936	2,468	1,677	1,289	1,112	310	56	20	3	1	-
2019.08	은평구	수색동	3,908	1,403	940	755	597	160	44	8	1	-	-
2019.08	은평구	진관동	21,435	6,031	4,140	4,246	5,019	1,532	374	66	18	5	4
2019.08	은평구	불광2동	13,766	5,855	3,303	2,337	1,707	434	93	26	8	2	1
2019.08	은평구	응암3동	12,610	5,819	2,889	1,954	1,467	356	89	27	5	1	3
2019.08	은평구	역촌동	20,790	7,410	4,882	4,058	3,345	834	197	48	12	4	-
2019.08	서대문구	소계	139,964	58,479	29,540	24,293	20,908	5,124	1,168	331	87	20	14
2019.08	서대문구	천연동	8,201	3,302	1,724	1,502	1,297	300	48	19	4	2	3
2019.08	서대문구	홍제1동	10,270	3,405	2,459	2,086	1,722	455	98	29	9	4	3
2019.08	서대문구	홍제3동	7,142	2,625	1,712	1,320	1,134	274	59	10	8	-	-
2019.08	서대문구	홍제2동	5,856	1,728	1,406	1,293	1,113	244	50	15	5	1	1
2019.08	서대문구	홍은1동	9,292	3,093	2,143	1,841	1,641	440	104	25	4	-	1
2019.08	서대문구	홍은2동	12,158	4,692	2,778	2,215	1,833	460	118	47	14	1	-
2019.08	서대문구	남가좌1동	6,118	1,470	1,220	1,480	1,489	362	71	22	2	1	1
2019.08	서대문구	남가좌2동	11,184	4,559	2,414	1,962	1,739	379	93	31	7	-	-
2019.08	서대문구	북가좌1동	7,022	1,585	1,633	1,668	1,609	406	89	21	8	1	2
2019.08	서대문구	북가좌2동	14,741	5,496	3,505	2,751	2,266	551	130	38	4	-	-
2019.08	서대문구	충현동	8,832	4,453	1,706	1,250	1,054	280	70	15	3	1	-
2019.08	서대문구	북아현동	7,541	2,861	1,668	1,483	1,219	242	50	13	3	2	-
2019.08	서대문구	신촌동	12,349	9,187	1,504	808	635	149	43	14	4	2	3
2019.08	서대문구	연희동	19,258	10,023	3,668	2,634	2,157	582	145	32	12	5	-
2019.08	마포구	소계	173,851	77,646	35,650	28,415	24,680	5,757	1,225	321	100	28	29
2019.08	마포구	용강동	9,120	3,149	1,957	1,866	1,679	364	77	22	4	2	-
2019.08	마포구	대흥동	7,138	4,790	1,122	594	491	106	26	5	1	-	3
2019.08	마포구	염리동	5,734	2,463	1,197	985	847	187	35	13	5	-	2
2019.08	마포구	신수동	9,171	3,573	1,877	1,717	1,558	335	81	20	9	1	-
2019.08	마포구	서교동	14,102	8,729	2,423	1,483	1,086	292	60	17	6	5	1
2019.08	마포구	합정동	9,586	4,956	2,146	1,257	923	221	53	17	6	1	6
2019.08	마포구	망원1동	10,677	5,060	2,413	1,534	1,278	311	58	17	3	1	2
2019.08	마포구	망원2동	8,232	3,017	1,888	1,497	1,413	330	65	16	4	2	-
2019.08	마포구	연남동	8,637	4,827	1,717	1,053	761	216	43	11	5	1	3
2019.08	마포구	성산1동	9,339	4,147	2,065	1,490	1,187	340	71	25	8	3	3
2019.08	마포구	성산2동	18,723	7,926	3,845	3,219	2,888	665	138	26	14	1	1
2019.08	마포구	상암동	12,825	4,280	2,437	2,468	2,689	741	152	40	12	4	2
2019.08	마포구	도화동	9,650	3,664	2,042	1,812	1,616	393	91	24	4	2	2
2019.08	마포구	서강동	11,743	5,269	2,264	1,940	1,782	391	65	23	6	1	2
2019.08	마포구	공덕동	18,978	8,612	3,986	3,123	2,554	532	134	24	10	3	-
2019.08	마포구	아현동	10,196	3,184	2,271	2,377	1,928	333	76	21	3	1	2
2019.08	양천구	소계	177,361	50,284	37,371	38,322	40,066	8,826	1,857	430	144	30	31
2019.08	양천구	목1동	10,466	1,600	1,702	2,842	3,487	644	137	43	9	1	1
2019.08	양천구	목2동	13,026	4,505	2,863	2,583	2,356	558	119	26	9	3	4
2019.08	양천구	목3동	9,925	3,555	2,357	1,995	1,570	320	92	24	7	4	1
2019.08	양천구	목4동	10,168	2,951	1,888	2,088	2,525	555	124	24	11	-	2
2019.08	양천구	신월1동	10,146	4,340	2,311	1,802	1,287	312	75	14	3	2	-
2019.08	양천구	신월2동	8,687	2,428	2,041	1,902	1,700	466	100	38	8	1	3
2019.08	양천구	신월3동	8,202	3,938	1,805	1,241	882	256	65	11	1	-	3
2019.08	양천구	신월4동	6,884	1,490	1,583	1,649	1,600	420	114	22	4	2	-
2019.08	양천구	신월5동	6,442	2,172	1,484	1,303	1,115	279	67	17	1	3	1
2019.08	양천구	신월6동	2,519	656	570	549	565	138	32	8	-	1	-
2019.08	양천구	신월7동	9,267	2,972	2,554	1,861	1,480	299	78	14	8	-	1
2019.08	양천구	신정1동	7,220	1,390	1,234	1,658	2,334	492	84	17	8	-	3
2019.08	양천구	신정2동	7,157	1,555	1,279	1,537	2,192	492	82	12	5	2	1
2019.08	양천구	신정3동	17,943	4,428	4,089	3,904	4,130	1,126	201	43	17	2	3
2019.08	양천구	신정6동	8,164	1,023	1,431	2,285	2,772	517	103	19	11	1	2
2019.08	양천구	신정7동	11,596	2,931	2,580	2,600	2,824	520	102	21	17	1	-
2019.08	양천구	목5동	13,532	1,651	2,063	3,637	5,085	866	160	45	17	5	3
2019.08	양천구	신정4동	16,017	6,699	3,537	2,886	2,162	566	122	32	8	2	3
2019.08	강서구	소계	261,802	101,943	57,971	47,828	41,352	9,914	2,069	535	127	40	23
2019.08	강서구	염창동	15,378	3,606	2,972	3,770	4,064	790	125	44	5	2	-
2019.08	강서구	등촌1동	12,051	6,393	2,205	1,656	1,420	293	58	21	3	2	-
2019.08	강서구	등촌2동	8,635	2,556	1,983	1,872	1,670	409	102	31	9	3	-
2019.08	강서구	등촌3동	14,801	5,576	3,946	2,654	2,079	427	93	20	5	1	-
2019.08	강서구	화곡본동	16,441	6,937	3,684	2,901	2,218	545	102	34	14	3	3
2019.08	강서구	화곡2동	8,246	2,812	2,045	1,692	1,231	377	67	13	6	2	1
2019.08	강서구	화곡3동	9,430	3,249	2,143	1,905	1,579	416	113	16	5	2	2
2019.08	강서구	화곡4동	9,651	3,544	2,412	1,892	1,361	340	75	23	3	1	-
2019.08	강서구	화곡6동	11,435	4,974	2,432	1,905	1,617	393	90	16	3	2	3
2019.08	강서구	화곡8동	11,679	4,299	3,054	2,174	1,651	390	82	25	1	2	1
2019.08	강서구	가양1동	18,971	11,896	2,536	2,080	1,883	465	83	22	4	-	2
2019.08	강서구	가양2동	8,113	4,000	2,176	1,131	609	132	45	13	5	1	1
2019.08	강서구	가양3동	7,923	3,166	2,432	1,404	702	179	28	12	-	-	-
2019.08	강서구	발산1동	13,490	2,705	2,875	3,109	3,661	918	168	39	9	4	2
2019.08	강서구	공항동	12,735	5,573	2,666	2,135	1,792	457	89	22	1	-	-
2019.08	강서구	방화1동	17,414	4,843	3,781	3,668	3,828	1,014	212	50	11	6	1
2019.08	강서구	방화2동	11,611	5,436	2,564	1,788	1,315	383	92	28	3	-	2
2019.08	강서구	방화3동	11,252	4,509	2,855	1,988	1,405	367	100	17	9	2	-
2019.08	강서구	화곡1동	26,151	11,959	6,058	4,363	2,842	701	163	45	13	4	3
2019.08	강서구	우장산동	16,395	3,910	3,152	3,741	4,425	918	182	44	18	3	2
2019.08	구로구	소계	175,421	65,237	39,610	32,695	28,709	7,086	1,555	360	111	41	17
2019.08	구로구	신도림동	13,444	2,972	2,862	3,321	3,376	694	163	37	12	7	-
2019.08	구로구	구로1동	8,165	2,059	1,793	1,866	1,952	412	56	16	8	2	1
2019.08	구로구	구로3동	13,217	7,650	2,197	1,623	1,310	333	72	24	6	2	-
2019.08	구로구	구로4동	10,577	4,972	2,517	1,653	1,119	239	56	11	7	2	1
2019.08	구로구	구로5동	14,435	6,873	2,859	2,229	1,887	435	111	31	7	2	1
2019.08	구로구	고척1동	9,539	2,911	2,170	1,961	1,939	433	98	17	6	4	-
2019.08	구로구	고척2동	11,644	3,714	2,731	2,340	2,212	505	114	19	7	2	-
2019.08	구로구	개봉2동	12,647	3,139	3,213	2,918	2,519	646	163	35	11	2	1
2019.08	구로구	개봉3동	8,843	2,580	2,326	1,909	1,555	381	72	12	6	2	-
2019.08	구로구	오류1동	10,908	5,220	2,365	1,668	1,231	326	73	12	7	1	5
2019.08	구로구	오류2동	19,586	5,542	4,746	3,996	3,872	1,130	221	54	15	6	4
2019.08	구로구	수궁동	9,834	2,796	2,488	2,138	1,771	496	120	19	3	3	-
2019.08	구로구	가리봉동	5,829	3,866	1,014	504	330	89	18	5	2	-	1
2019.08	구로구	구로2동	12,805	6,180	2,937	1,863	1,343	357	78	33	9	4	1
2019.08	구로구	개봉1동	13,948	4,763	3,392	2,706	2,293	610	140	35	5	2	2
2019.08	금천구	소계	109,938	49,200	23,629	17,768	14,564	3,653	856	190	48	16	14
2019.08	금천구	가산동	13,546	9,674	1,752	1,101	779	174	57	7	1	1	-
2019.08	금천구	독산1동	19,773	9,544	3,782	3,000	2,600	651	151	33	5	2	5
2019.08	금천구	독산2동	9,267	3,970	2,164	1,619	1,167	271	60	11	4	-	1
2019.08	금천구	독산3동	12,310	5,676	2,797	1,941	1,455	341	75	17	4	4	-
2019.08	금천구	독산4동	7,636	3,344	1,753	1,256	943	266	55	14	2	2	1
2019.08	금천구	시흥1동	15,860	6,623	3,586	2,693	2,259	553	100	36	6	2	2
2019.08	금천구	시흥2동	8,430	2,031	2,025	1,853	1,866	469	143	31	8	1	3
2019.08	금천구	시흥3동	4,735	1,444	1,252	977	779	221	52	6	4	-	-
2019.08	금천구	시흥4동	9,063	3,093	2,225	1,770	1,474	380	86	19	11	4	1
2019.08	금천구	시흥5동	9,318	3,801	2,293	1,558	1,242	327	77	16	3	-	1
2019.08	영등포구	소계	174,098	80,028	34,720	28,175	23,959	5,561	1,210	304	85	22	34
2019.08	영등포구	여의동	13,451	3,997	2,903	2,981	2,752	604	150	39	14	5	6
2019.08	영등포구	당산1동	10,549	5,329	2,111	1,561	1,178	271	74	15	5	1	4
2019.08	영등포구	당산2동	17,282	8,600	2,931	2,640	2,412	529	120	34	14	1	1
2019.08	영등포구	양평1동	8,935	4,328	1,936	1,378	1,003	217	50	17	3	3	-
2019.08	영등포구	양평2동	10,137	4,176	2,066	1,799	1,660	343	73	14	4	-	2
2019.08	영등포구	신길1동	10,004	6,033	1,784	1,133	787	212	37	11	4	2	1
2019.08	영등포구	신길3동	7,574	2,920	1,621	1,430	1,230	312	45	10	4	1	1
2019.08	영등포구	신길4동	4,281	1,887	955	727	535	142	29	5	1	-	-
2019.08	영등포구	신길5동	4,177	1,782	951	685	558	151	39	8	-	1	2
2019.08	영등포구	신길6동	8,426	3,653	1,815	1,407	1,180	282	61	19	2	1	6
2019.08	영등포구	신길7동	6,525	1,909	1,330	1,377	1,479	340	66	16	5	2	1
2019.08	영등포구	대림1동	6,372	3,002	1,426	941	781	172	36	12	1	-	1
2019.08	영등포구	대림2동	6,828	3,624	1,539	862	585	165	40	9	4	-	-
2019.08	영등포구	대림3동	10,515	3,998	2,415	1,971	1,596	404	96	27	8	-	-
2019.08	영등포구	영등포본동	10,205	4,516	2,006	1,720	1,520	361	59	16	3	2	2
2019.08	영등포구	영등포동	17,075	12,196	2,208	1,338	1,038	224	52	13	3	-	3
2019.08	영등포구	도림동	9,301	4,438	2,051	1,435	1,033	266	56	16	5	1	-
2019.08	영등포구	문래동	12,461	3,640	2,672	2,790	2,632	566	127	23	5	2	4
2019.08	동작구	소계	180,618	76,706	37,345	30,961	27,251	6,405	1,413	381	104	32	20
2019.08	동작구	노량진2동	7,186	4,087	1,419	915	584	134	32	11	3	1	-
2019.08	동작구	상도1동	21,336	9,728	3,876	3,597	3,195	719	170	38	9	2	2
2019.08	동작구	상도2동	12,850	5,163	2,682	2,321	2,076	470	109	22	4	2	1
2019.08	동작구	상도3동	11,833	5,075	2,599	2,059	1,559	384	105	34	10	6	2
2019.08	동작구	상도4동	13,444	5,407	3,069	2,423	1,970	466	77	24	6	-	2
2019.08	동작구	사당1동	13,031	7,435	2,592	1,574	1,095	257	58	12	6	2	-
2019.08	동작구	사당3동	10,674	3,463	2,446	2,203	1,951	458	101	39	7	4	2
2019.08	동작구	사당4동	6,956	3,078	1,554	1,122	934	204	40	16	6	2	-
2019.08	동작구	사당5동	5,700	2,264	1,214	1,057	917	191	43	11	1	1	1
2019.08	동작구	대방동	17,133	6,918	3,234	2,858	3,176	719	161	46	12	4	5
2019.08	동작구	신대방1동	9,872	3,561	1,927	1,797	1,980	468	104	23	8	1	3
2019.08	동작구	신대방2동	9,294	4,134	1,740	1,474	1,439	385	83	33	6	-	-
2019.08	동작구	흑석동	14,306	5,533	2,989	2,706	2,383	566	98	21	9	1	-
2019.08	동작구	노량진1동	15,064	6,727	3,118	2,466	2,076	518	116	31	7	4	1
2019.08	동작구	사당2동	11,939	4,133	2,886	2,389	1,916	466	116	20	10	2	1
2019.08	관악구	소계	267,876	149,564	49,462	33,199	27,004	6,580	1,501	395	113	27	31
2019.08	관악구	보라매동	12,268	5,778	2,680	1,865	1,481	365	78	15	-	3	3
2019.08	관악구	청림동	6,561	1,963	1,580	1,471	1,206	253	64	14	7	1	2
2019.08	관악구	행운동	17,090	10,519	2,886	1,834	1,384	344	96	17	9	-	1
2019.08	관악구	낙성대동	10,705	7,496	1,462	854	655	172	47	13	4	-	2
2019.08	관악구	중앙동	9,278	6,028	1,560	825	648	162	43	8	1	2	1
2019.08	관악구	인헌동	14,072	7,640	2,686	1,798	1,477	373	66	27	5	-	-
2019.08	관악구	남현동	9,376	4,700	1,894	1,358	1,065	266	63	21	5	1	3
2019.08	관악구	서원동	13,800	8,638	2,533	1,405	903	238	64	14	4	1	-
2019.08	관악구	신원동	10,455	6,014	2,154	1,191	841	191	44	14	1	3	2
2019.08	관악구	서림동	14,135	9,089	2,245	1,389	1,037	277	67	22	7	-	2
2019.08	관악구	신사동	13,267	8,125	2,297	1,452	1,087	235	55	10	5	-	1
2019.08	관악구	신림동	16,708	13,550	1,963	669	405	91	24	4	-	1	1
2019.08	관악구	난향동	6,456	1,912	1,511	1,318	1,282	324	74	26	6	1	2
2019.08	관악구	조원동	10,244	6,378	1,821	990	823	169	36	17	7	3	-
2019.08	관악구	대학동	15,782	11,694	1,799	1,148	843	224	61	9	4	-	-
2019.08	관악구	은천동	15,862	6,660	3,477	2,640	2,361	548	136	26	11	2	1
2019.08	관악구	성현동	12,901	3,895	3,039	2,636	2,569	611	108	29	10	1	3
2019.08	관악구	청룡동	20,359	14,367	2,753	1,547	1,279	314	74	15	5	2	3
2019.08	관악구	난곡동	12,906	5,041	3,174	2,293	1,831	419	104	33	9	1	1
2019.08	관악구	삼성동	11,486	4,634	2,745	1,933	1,614	429	97	25	4	4	1
2019.08	관악구	미성동	14,165	5,443	3,203	2,583	2,213	575	100	36	9	1	2
2019.08	서초구	소계	173,253	58,248	34,327	34,102	35,126	8,558	2,056	538	189	62	47
2019.08	서초구	서초1동	9,389	3,965	1,709	1,617	1,518	409	126	30	12	2	1
2019.08	서초구	서초2동	8,315	3,701	1,501	1,407	1,309	289	82	16	6	3	1
2019.08	서초구	서초3동	13,580	5,748	2,619	2,291	2,096	583	166	41	19	8	9
2019.08	서초구	서초4동	11,007	2,385	1,902	2,594	3,281	655	131	43	10	5	1
2019.08	서초구	잠원동	14,034	4,715	2,642	2,937	3,004	578	105	30	16	4	3
2019.08	서초구	반포본동	4,122	737	835	965	1,258	249	56	16	3	1	2
2019.08	서초구	반포1동	14,350	6,298	2,235	2,328	2,662	628	144	35	15	5	-
2019.08	서초구	반포2동	5,168	742	842	1,297	1,714	454	85	22	7	3	2
2019.08	서초구	반포3동	7,042	1,298	1,372	1,886	1,996	393	63	24	6	2	2
2019.08	서초구	반포4동	7,343	1,903	1,485	1,762	1,626	421	104	24	7	8	3
2019.08	서초구	방배본동	7,856	2,076	1,540	1,707	1,889	482	110	35	9	4	4
2019.08	서초구	방배1동	7,600	2,910	1,683	1,390	1,226	287	77	17	5	2	3
2019.08	서초구	방배2동	8,856	3,117	2,066	1,685	1,491	391	69	23	5	3	6
2019.08	서초구	방배3동	8,493	2,262	1,900	1,855	1,875	446	108	32	13	-	2
2019.08	서초구	방배4동	9,799	3,413	2,009	1,811	1,915	473	138	27	12	-	1
2019.08	서초구	양재1동	18,228	5,952	3,953	3,404	3,466	1,079	275	72	18	7	2
2019.08	서초구	양재2동	10,786	4,936	2,223	1,640	1,441	397	108	24	13	1	3
2019.08	서초구	내곡동	7,285	2,090	1,811	1,526	1,359	344	109	27	13	4	2
2019.08	강남구	소계	231,631	91,171	43,372	41,189	42,943	9,836	2,199	626	175	83	37
2019.08	강남구	신사동	7,501	2,958	1,565	1,297	1,231	316	86	24	16	6	2
2019.08	강남구	논현1동	14,174	9,296	2,451	1,224	850	252	66	21	8	4	2
2019.08	강남구	논현2동	11,373	6,185	2,086	1,528	1,204	277	67	18	7	1	-
2019.08	강남구	삼성1동	5,915	1,979	1,221	1,183	1,122	291	82	26	9	1	1
2019.08	강남구	삼성2동	13,218	5,639	2,314	2,259	2,339	472	132	46	10	5	2
2019.08	강남구	대치1동	7,433	588	903	1,962	3,152	648	125	36	10	6	3
2019.08	강남구	대치4동	10,247	5,371	1,672	1,404	1,391	314	68	21	4	1	1
2019.08	강남구	역삼1동	23,741	16,827	3,578	1,711	1,158	334	92	25	10	5	1
2019.08	강남구	역삼2동	15,408	6,326	2,285	2,790	3,174	646	127	34	10	7	9
2019.08	강남구	도곡1동	8,559	2,524	1,567	1,815	2,085	428	97	27	10	6	-
2019.08	강남구	도곡2동	11,834	2,198	2,301	3,011	3,439	697	139	38	6	3	2
2019.08	강남구	개포1동	2,784	861	620	516	605	152	20	6	3	1	-
2019.08	강남구	개포4동	7,747	2,904	1,541	1,452	1,407	350	63	21	5	2	2
2019.08	강남구	일원본동	8,217	1,494	1,489	2,015	2,576	509	97	25	6	5	1
2019.08	강남구	일원1동	7,533	3,121	1,772	1,282	991	284	66	15	2	-	-
2019.08	강남구	일원2동	7,331	2,185	1,770	1,550	1,488	281	42	13	1	-	1
2019.08	강남구	수서동	7,856	3,292	2,291	1,282	734	191	50	10	6	-	-
2019.08	강남구	세곡동	17,739	5,751	3,801	3,247	3,381	1,148	318	69	14	7	3
2019.08	강남구	압구정동	10,719	3,011	2,387	2,390	2,234	524	121	35	5	10	2
2019.08	강남구	청담동	12,572	4,723	2,432	2,419	2,237	550	128	54	18	7	4
2019.08	강남구	대치2동	13,019	2,475	1,989	3,216	4,297	834	141	49	11	6	1
2019.08	강남구	개포2동	6,711	1,463	1,337	1,636	1,848	338	72	13	4	-	-
2019.08	송파구	소계	278,232	94,740	58,125	55,362	54,412	12,035	2,664	622	195	47	30
2019.08	송파구	풍납1동	6,597	2,514	1,576	1,202	1,036	205	51	7	5	1	-
2019.08	송파구	풍납2동	10,426	3,889	2,014	2,103	1,891	406	91	26	6	-	-
2019.08	송파구	거여1동	5,470	1,848	1,258	1,051	1,009	239	55	7	2	-	1
2019.08	송파구	거여2동	7,218	2,488	1,791	1,422	1,166	265	64	17	2	1	2
2019.08	송파구	마천1동	9,086	3,547	2,093	1,543	1,365	425	86	23	2	2	-
2019.08	송파구	마천2동	8,648	3,097	2,098	1,630	1,350	343	100	18	11	-	1
2019.08	송파구	방이1동	6,219	1,792	1,189	1,331	1,456	343	79	19	8	1	1
2019.08	송파구	방이2동	13,474	7,168	2,691	1,830	1,369	331	65	14	5	-	1
2019.08	송파구	오륜동	5,971	654	1,077	1,598	2,076	452	77	26	6	3	2
2019.08	송파구	오금동	15,726	4,252	3,550	3,562	3,349	787	174	43	9	-	-
2019.08	송파구	송파1동	12,463	5,878	2,642	1,918	1,511	380	91	34	5	3	1
2019.08	송파구	송파2동	7,348	1,555	1,515	1,760	1,943	441	97	22	11	3	1
2019.08	송파구	석촌동	16,814	8,365	3,492	2,473	1,891	437	123	20	7	6	-
2019.08	송파구	삼전동	16,316	8,213	3,275	2,385	1,896	432	82	24	4	2	3
2019.08	송파구	가락본동	11,878	4,493	2,471	2,250	2,039	504	91	25	3	-	2
2019.08	송파구	가락1동	9,623	1,669	2,451	2,457	2,458	460	100	18	6	3	1
2019.08	송파구	가락2동	12,275	2,859	2,470	2,946	3,170	629	147	40	13	-	1
2019.08	송파구	문정1동	8,554	2,779	1,839	1,746	1,677	398	82	19	11	2	1
2019.08	송파구	문정2동	15,457	8,405	2,768	1,950	1,817	372	104	23	12	3	3
2019.08	송파구	장지동	13,347	3,725	3,157	2,971	2,686	633	129	33	12	1	-
2019.08	송파구	위례동	9,010	1,051	1,754	2,315	2,916	772	163	26	11	2	-
2019.08	송파구	잠실본동	15,046	7,990	2,925	2,020	1,610	367	110	15	8	-	1
2019.08	송파구	잠실4동	7,613	1,272	1,426	2,093	2,271	419	100	18	7	6	1
2019.08	송파구	잠실6동	5,941	944	1,351	1,583	1,560	379	87	27	5	3	2
2019.08	송파구	잠실7동	3,477	502	813	898	985	215	44	12	6	2	-
2019.08	송파구	잠실2동	11,994	1,847	1,875	3,087	4,311	698	135	32	8	1	-
2019.08	송파구	잠실3동	12,241	1,944	2,564	3,238	3,604	703	137	34	10	2	5
2019.08	강동구	소계	178,706	63,255	38,790	34,650	32,230	7,595	1,618	403	110	27	28
2019.08	강동구	강일동	11,200	2,227	2,573	2,244	2,867	1,054	190	30	12	1	2
2019.08	강동구	상일동	4,176	1,166	894	922	908	216	46	17	5	-	2
2019.08	강동구	명일1동	9,525	2,244	2,044	2,323	2,304	473	102	19	12	3	1
2019.08	강동구	명일2동	6,011	1,134	1,061	1,329	1,944	422	86	23	9	1	2
2019.08	강동구	고덕1동	9,095	1,570	1,590	2,300	2,905	587	105	25	7	-	6
2019.08	강동구	고덕2동	3,341	1,465	771	556	397	115	24	8	3	-	2
2019.08	강동구	암사2동	5,898	1,814	1,363	1,274	1,165	214	51	9	3	4	1
2019.08	강동구	암사3동	6,352	1,048	1,346	1,616	1,786	408	99	27	13	5	4
2019.08	강동구	천호1동	12,829	5,161	2,956	2,367	1,791	436	81	27	7	2	1
2019.08	강동구	천호3동	13,688	6,524	2,938	2,200	1,564	353	82	25	1	-	1
2019.08	강동구	성내1동	8,126	2,382	1,837	1,791	1,636	386	70	20	2	-	2
2019.08	강동구	성내2동	12,475	6,143	2,734	1,923	1,262	318	71	16	6	2	-
2019.08	강동구	성내3동	10,220	3,770	2,263	1,946	1,748	395	76	16	4	1	1
2019.08	강동구	둔촌1동	167	116	21	12	14	2	2	-	-	-	-
2019.08	강동구	둔촌2동	11,217	3,555	2,444	2,336	2,275	476	101	26	2	1	1
2019.08	강동구	암사1동	16,182	6,144	3,723	3,082	2,513	552	124	33	10	-	1
2019.08	강동구	천호2동	17,688	8,584	3,868	2,695	1,975	425	106	28	5	2	-
2019.08	강동구	길동	20,516	8,208	4,364	3,734	3,176	763	202	54	9	5	1
2019.09	합계	합계	4,315,921	1,740,372	911,696	766,705	685,984	162,013	36,087	9,083	2,580	792	609
2019.09	종로구	소계	73,942	36,591	14,055	10,857	9,042	2,525	593	191	51	26	11
2019.09	종로구	사직동	4,557	2,236	894	678	512	172	31	25	5	2	2
2019.09	종로구	삼청동	1,397	743	257	178	146	50	16	6	1	-	-
2019.09	종로구	부암동	4,268	1,626	940	736	693	188	55	20	5	3	2
2019.09	종로구	평창동	7,518	2,420	1,689	1,493	1,376	413	82	28	10	7	-
2019.09	종로구	무악동	3,177	740	690	733	775	185	38	9	3	3	1
2019.09	종로구	교남동	4,581	1,636	1,081	906	762	144	34	11	4	3	-
2019.09	종로구	가회동	2,056	930	433	340	249	69	26	7	1	-	1
2019.09	종로구	종로1.2.3.4가동	5,275	4,176	523	294	208	55	14	4	1	-	-
2019.09	종로구	종로5·6가동	3,231	2,172	500	292	194	55	13	3	1	1	-
2019.09	종로구	이화동	4,473	2,689	797	491	358	106	21	9	1	1	-
2019.09	종로구	창신1동	2,937	1,721	563	337	214	82	16	4	-	-	-
2019.09	종로구	창신2동	4,119	1,905	886	639	489	154	33	9	4	-	-
2019.09	종로구	창신3동	2,898	903	668	637	487	162	36	1	4	-	-
2019.09	종로구	숭인1동	2,978	1,354	645	482	360	102	25	9	-	-	1
2019.09	종로구	숭인2동	5,743	3,759	907	555	397	98	21	3	2	1	-
2019.09	종로구	청운효자동	5,364	1,939	1,138	1,001	943	249	64	21	5	4	-
2019.09	종로구	혜화동	9,370	5,642	1,444	1,065	879	241	68	22	4	1	4
2019.09	중구	소계	62,593	30,826	13,078	9,209	7,122	1,737	443	118	26	12	22
2019.09	중구	소공동	1,098	622	202	149	100	17	5	1	-	-	2
2019.09	중구	회현동	3,164	2,115	442	287	230	67	13	9	1	-	-
2019.09	중구	명동	1,441	971	212	138	80	26	7	3	1	-	3
2019.09	중구	필동	2,298	1,408	430	220	174	52	8	4	1	-	1
2019.09	중구	장충동	2,694	1,691	445	241	224	68	18	2	2	-	3
2019.09	중구	광희동	2,943	1,878	518	283	190	47	21	4	1	-	1
2019.09	중구	을지로동	1,344	1,070	155	66	40	10	3	-	-	-	-
2019.09	중구	신당5동	5,258	2,611	1,093	782	582	137	36	13	2	2	-
2019.09	중구	황학동	6,763	3,634	1,427	919	587	154	32	7	1	1	1
2019.09	중구	중림동	5,852	2,493	1,257	1,054	818	163	48	14	5	-	-
2019.09	중구	신당동	4,435	2,732	823	441	338	70	24	4	2	1	-
2019.09	중구	다산동	6,950	3,119	1,629	1,060	882	190	45	16	4	2	3
2019.09	중구	약수동	7,790	2,853	1,988	1,546	1,051	265	66	15	2	1	3
2019.09	중구	청구동	6,410	2,492	1,517	1,149	951	235	51	7	1	4	3
2019.09	중구	동화동	4,153	1,137	940	874	875	236	66	19	3	1	2
2019.09	용산구	소계	109,911	51,884	22,653	16,923	13,677	3,541	881	225	71	33	23
2019.09	용산구	후암동	8,590	4,056	1,744	1,379	1,018	288	76	15	5	5	4
2019.09	용산구	용산2가동	5,449	2,783	1,208	765	522	134	27	9	1	-	-
2019.09	용산구	남영동	5,428	4,186	596	306	248	69	11	8	1	1	2
2019.09	용산구	원효로2동	6,013	2,067	1,291	1,190	1,082	278	74	17	10	2	2
2019.09	용산구	효창동	4,202	1,478	950	794	707	196	60	13	2	1	1
2019.09	용산구	용문동	5,372	1,920	1,281	1,041	844	219	49	11	3	3	1
2019.09	용산구	이촌1동	10,269	2,208	2,275	2,609	2,429	555	139	33	14	6	1
2019.09	용산구	이촌2동	3,863	1,308	1,058	768	538	137	32	13	9	-	-
2019.09	용산구	이태원1동	3,768	2,167	716	440	324	78	33	9	-	1	-
2019.09	용산구	이태원2동	4,865	2,590	1,000	641	457	123	41	9	3	1	-
2019.09	용산구	서빙고동	5,299	1,725	1,125	947	1,078	340	64	18	1	-	1
2019.09	용산구	보광동	7,680	4,036	1,683	1,018	708	185	36	10	2	2	-
2019.09	용산구	청파동	10,702	6,195	1,970	1,210	967	267	67	18	4	1	3
2019.09	용산구	원효로1동	7,729	3,639	1,666	1,203	939	224	44	5	4	3	2
2019.09	용산구	한강로동	9,650	5,409	1,838	1,228	895	197	59	16	5	2	1
2019.09	용산구	한남동	11,032	6,117	2,252	1,384	921	251	69	21	7	5	5
2019.09	성동구	소계	136,466	55,586	29,619	24,881	20,312	4,579	1,096	273	83	20	17
2019.09	성동구	왕십리2동	7,637	2,935	1,672	1,459	1,187	272	88	15	4	2	3
2019.09	성동구	마장동	10,895	4,817	2,306	1,766	1,501	377	87	25	10	2	4
2019.09	성동구	사근동	7,475	5,291	956	568	484	141	22	10	2	1	-
2019.09	성동구	행당1동	7,336	3,077	1,539	1,332	1,087	229	48	17	6	-	1
2019.09	성동구	행당2동	9,483	2,377	2,335	2,204	2,027	399	104	25	9	1	2
2019.09	성동구	응봉동	6,170	1,624	1,383	1,419	1,329	323	73	11	6	1	1
2019.09	성동구	금호1가동	6,611	2,093	1,632	1,443	1,121	246	63	11	2	-	-
2019.09	성동구	금호4가동	6,453	2,122	1,595	1,483	981	210	43	13	4	1	1
2019.09	성동구	성수1가1동	7,637	3,103	1,671	1,323	1,217	250	55	12	3	2	1
2019.09	성동구	성수1가2동	6,932	3,134	1,434	1,156	930	217	44	11	5	1	-
2019.09	성동구	성수2가1동	8,564	4,154	1,777	1,316	1,019	229	56	8	4	1	-
2019.09	성동구	성수2가3동	5,669	2,885	1,082	792	671	173	52	14	-	-	-
2019.09	성동구	송정동	5,549	2,761	1,137	817	633	160	33	6	-	2	-
2019.09	성동구	용답동	6,945	4,074	1,228	805	635	151	37	13	-	1	1
2019.09	성동구	왕십리도선동	11,798	4,408	2,496	2,322	2,007	430	99	26	8	2	-
2019.09	성동구	금호2.3가동	10,330	3,558	2,548	2,128	1,619	350	87	26	11	1	2
2019.09	성동구	옥수동	10,982	3,173	2,828	2,548	1,864	422	105	30	9	2	1
2019.09	광진구	소계	164,173	73,277	33,314	26,819	23,820	5,285	1,197	320	97	28	16
2019.09	광진구	화양동	15,976	12,517	1,973	742	599	106	28	9	1	-	1
2019.09	광진구	군자동	10,634	5,870	2,022	1,376	1,045	237	56	21	4	2	1
2019.09	광진구	중곡1동	8,033	3,875	1,836	1,228	846	188	39	13	7	1	-
2019.09	광진구	중곡2동	10,442	4,522	2,338	1,778	1,397	307	79	14	5	1	1
2019.09	광진구	중곡3동	8,506	4,009	1,906	1,321	963	248	46	10	2	1	-
2019.09	광진구	중곡4동	13,220	4,937	3,081	2,570	2,005	471	113	29	9	3	2
2019.09	광진구	능동	6,240	3,478	1,285	736	524	150	53	10	2	2	-
2019.09	광진구	구의1동	11,795	6,314	2,377	1,584	1,135	297	69	16	3	-	-
2019.09	광진구	구의2동	11,646	4,101	2,641	2,273	1,998	483	104	33	6	4	3
2019.09	광진구	구의3동	12,164	4,018	2,567	2,473	2,432	534	96	30	10	3	1
2019.09	광진구	광장동	12,048	2,197	1,928	2,988	4,001	704	170	38	18	4	-
2019.09	광진구	자양1동	11,450	5,562	2,428	1,692	1,360	314	67	19	5	1	2
2019.09	광진구	자양2동	11,267	3,971	2,524	2,226	1,949	452	104	31	6	2	2
2019.09	광진구	자양3동	11,024	2,847	2,387	2,468	2,606	538	125	32	15	3	3
2019.09	광진구	자양4동	9,728	5,059	2,021	1,364	960	256	48	15	4	1	-
2019.09	동대문구	소계	163,606	75,032	33,074	26,235	22,045	5,439	1,345	330	66	28	12
2019.09	동대문구	회기동	6,053	3,907	880	603	486	135	31	7	3	1	-
2019.09	동대문구	휘경1동	7,525	4,065	1,355	1,004	840	195	50	13	-	3	-
2019.09	동대문구	휘경2동	11,531	5,466	2,081	1,795	1,657	409	89	27	3	3	1
2019.09	동대문구	청량리동	10,482	4,977	2,313	1,570	1,184	338	86	12	1	-	1
2019.09	동대문구	용신동	17,086	10,120	3,083	1,912	1,482	366	93	26	4	-	-
2019.09	동대문구	제기동	13,023	6,937	2,577	1,713	1,300	364	105	22	1	3	1
2019.09	동대문구	전농1동	14,954	7,255	2,941	2,380	1,803	443	90	26	10	2	4
2019.09	동대문구	전농2동	7,772	2,213	1,857	1,730	1,455	387	99	25	5	-	1
2019.09	동대문구	답십리1동	12,694	4,850	2,597	2,463	2,099	514	129	33	5	3	1
2019.09	동대문구	답십리2동	12,739	4,332	3,088	2,497	2,198	479	111	25	7	2	-
2019.09	동대문구	장안1동	17,537	7,309	3,760	3,080	2,566	622	154	35	8	3	-
2019.09	동대문구	장안2동	13,138	4,493	2,867	2,688	2,351	554	144	32	6	2	1
2019.09	동대문구	이문1동	10,608	6,337	1,762	1,140	1,026	250	69	15	5	2	2
2019.09	동대문구	이문2동	8,464	2,771	1,913	1,660	1,598	383	95	32	8	4	-
2019.09	중랑구	소계	181,448	74,287	41,277	32,140	25,814	6,231	1,255	334	78	17	15
2019.09	중랑구	면목2동	12,254	5,462	2,716	1,997	1,600	377	82	13	6	1	-
2019.09	중랑구	면목4동	9,291	3,917	2,143	1,642	1,229	282	60	14	4	-	-
2019.09	중랑구	면목5동	4,542	1,896	1,073	801	604	133	26	7	2	-	-
2019.09	중랑구	면목7동	10,049	4,241	2,332	1,747	1,332	300	72	20	4	1	-
2019.09	중랑구	상봉1동	10,253	3,079	2,362	2,226	2,076	408	74	22	5	1	-
2019.09	중랑구	상봉2동	10,908	6,299	2,193	1,307	866	171	51	10	8	2	1
2019.09	중랑구	중화1동	8,996	3,159	2,225	1,813	1,371	343	52	21	8	2	2
2019.09	중랑구	중화2동	14,305	7,313	3,192	2,013	1,366	330	67	18	3	1	2
2019.09	중랑구	묵1동	14,586	4,671	3,263	3,066	2,721	655	155	42	10	1	2
2019.09	중랑구	묵2동	9,207	3,867	2,105	1,658	1,194	304	60	14	2	1	2
2019.09	중랑구	망우3동	8,450	3,682	2,025	1,424	1,009	244	55	7	1	3	-
2019.09	중랑구	신내1동	14,676	3,415	3,308	3,174	3,427	1,081	200	62	8	-	1
2019.09	중랑구	신내2동	9,074	2,768	2,270	1,985	1,622	342	65	14	6	1	1
2019.09	중랑구	면목본동	17,606	8,353	3,958	2,750	1,990	449	77	23	2	1	3
2019.09	중랑구	면목3.8동	12,552	5,521	2,901	2,133	1,543	353	74	23	4	-	-
2019.09	중랑구	망우본동	14,699	6,644	3,211	2,404	1,864	459	85	24	5	2	1
2019.09	성북구	소계	191,465	74,064	40,487	35,191	31,755	7,588	1,738	468	101	32	41
2019.09	성북구	돈암1동	6,292	1,760	1,566	1,344	1,230	294	74	21	-	1	2
2019.09	성북구	돈암2동	8,608	1,611	1,761	2,238	2,249	565	123	40	15	2	4
2019.09	성북구	안암동	9,170	5,906	1,443	895	728	150	37	7	2	-	2
2019.09	성북구	보문동	7,997	3,812	1,589	1,284	1,023	230	43	10	4	-	2
2019.09	성북구	정릉1동	7,449	2,211	1,606	1,649	1,504	347	95	32	2	1	2
2019.09	성북구	정릉2동	9,656	3,041	2,301	1,984	1,773	407	108	33	3	4	2
2019.09	성북구	정릉3동	7,768	4,003	1,512	1,077	867	244	48	12	1	1	3
2019.09	성북구	정릉4동	11,005	3,652	2,580	2,237	1,920	469	103	31	10	1	2
2019.09	성북구	길음1동	12,845	2,518	2,457	3,160	3,750	736	176	32	8	2	6
2019.09	성북구	길음2동	6,792	2,310	1,445	1,407	1,262	293	59	16	-	-	-
2019.09	성북구	월곡1동	10,808	3,168	2,424	2,292	2,237	525	122	28	9	3	-
2019.09	성북구	월곡2동	9,206	4,058	1,871	1,505	1,328	341	75	16	8	2	2
2019.09	성북구	장위1동	9,028	3,376	2,144	1,670	1,383	338	82	27	5	2	1
2019.09	성북구	장위2동	6,312	2,481	1,562	1,125	841	225	58	15	4	1	-
2019.09	성북구	장위3동	5,559	1,851	1,223	1,117	1,065	240	50	11	1	1	-
2019.09	성북구	성북동	8,038	3,712	1,726	1,202	967	308	82	28	6	1	6
2019.09	성북구	삼선동	12,614	6,123	2,525	1,779	1,650	414	95	17	7	3	1
2019.09	성북구	동선동	9,070	5,728	1,471	963	677	171	42	12	4	1	1
2019.09	성북구	종암동	17,137	6,333	3,529	3,264	3,036	762	156	46	3	4	4
2019.09	성북구	석관동	16,111	6,410	3,752	2,999	2,265	529	110	34	9	2	1
2019.09	강북구	소계	143,680	59,151	33,450	25,126	19,571	4,944	1,090	218	87	19	24
2019.09	강북구	번1동	10,296	5,494	2,135	1,417	960	223	60	3	4	-	-
2019.09	강북구	번2동	7,639	2,718	2,076	1,510	1,000	253	67	10	3	-	2
2019.09	강북구	번3동	7,612	2,232	2,159	1,553	1,245	331	72	16	3	1	-
2019.09	강북구	수유1동	10,370	4,693	2,318	1,705	1,242	315	70	14	8	1	4
2019.09	강북구	수유2동	9,563	3,430	2,479	1,783	1,377	378	85	22	6	1	2
2019.09	강북구	수유3동	12,700	6,790	2,588	1,827	1,138	283	53	12	4	3	2
2019.09	강북구	삼양동	11,539	4,577	2,733	2,084	1,603	426	81	18	11	4	2
2019.09	강북구	미아동	11,387	5,692	2,442	1,647	1,218	303	68	9	6	1	1
2019.09	강북구	송중동	12,989	5,603	2,822	2,224	1,750	460	92	27	6	2	3
2019.09	강북구	송천동	13,749	6,205	3,198	2,194	1,655	402	71	15	7	1	1
2019.09	강북구	삼각산동	11,781	2,540	2,462	2,741	3,160	693	140	31	14	-	-
2019.09	강북구	우이동	9,472	3,562	2,429	1,739	1,270	352	92	13	6	4	5
2019.09	강북구	인수동	14,583	5,615	3,609	2,702	1,953	525	139	28	9	1	2
2019.09	도봉구	소계	138,603	44,652	33,296	28,633	24,459	5,809	1,289	328	89	37	11
2019.09	도봉구	쌍문1동	9,355	3,143	2,298	1,891	1,483	408	100	21	8	2	1
2019.09	도봉구	쌍문2동	8,613	2,991	2,200	1,705	1,304	312	79	16	3	1	2
2019.09	도봉구	쌍문3동	7,812	3,114	1,900	1,391	1,070	267	51	16	2	-	1
2019.09	도봉구	쌍문4동	7,180	1,498	1,594	1,740	1,862	397	70	13	3	3	-
2019.09	도봉구	방학1동	12,868	4,680	2,983	2,389	2,090	557	121	35	7	4	2
2019.09	도봉구	방학2동	9,541	3,736	2,332	1,777	1,271	320	81	19	4	1	-
2019.09	도봉구	방학3동	10,107	1,818	2,374	2,525	2,587	611	140	35	12	5	-
2019.09	도봉구	창1동	10,930	3,571	2,546	2,310	1,999	382	91	25	3	2	1
2019.09	도봉구	창2동	12,392	3,763	3,029	2,715	2,192	520	121	34	12	6	-
2019.09	도봉구	창3동	6,699	2,605	1,669	1,200	931	229	48	16	1	-	-
2019.09	도봉구	창4동	10,591	2,779	2,298	2,366	2,471	540	100	22	13	2	-
2019.09	도봉구	창5동	10,079	2,800	2,325	2,284	2,090	447	94	26	8	4	1
2019.09	도봉구	도봉1동	10,257	4,082	2,686	1,807	1,218	362	63	25	6	5	3
2019.09	도봉구	도봉2동	12,179	4,072	3,062	2,533	1,891	457	130	25	7	2	-
2019.09	노원구	소계	217,058	68,961	48,473	44,393	43,538	9,283	1,843	390	115	39	23
2019.09	노원구	월계1동	10,492	4,350	2,206	1,795	1,614	433	73	17	2	1	1
2019.09	노원구	월계2동	11,241	3,873	2,909	2,167	1,752	419	96	16	6	2	1
2019.09	노원구	월계3동	12,981	3,728	3,522	2,826	2,270	482	119	24	7	2	1
2019.09	노원구	공릉2동	16,307	5,485	3,094	3,263	3,516	736	156	36	11	9	1
2019.09	노원구	하계1동	12,409	4,823	2,382	2,200	2,369	511	83	22	13	1	5
2019.09	노원구	하계2동	8,292	1,630	1,771	2,001	2,323	464	86	12	3	2	-
2019.09	노원구	중계본동	9,004	2,057	1,439	1,919	2,757	676	117	29	7	2	1
2019.09	노원구	중계1동	9,112	1,412	1,343	2,309	3,338	602	80	18	9	1	-
2019.09	노원구	중계4동	8,495	2,528	1,976	1,660	1,846	384	79	16	3	2	1
2019.09	노원구	상계1동	15,550	4,313	3,615	3,366	3,214	822	170	33	10	3	4
2019.09	노원구	상계2동	8,783	3,180	1,713	1,645	1,750	368	100	22	3	1	1
2019.09	노원구	상계5동	10,986	3,876	2,638	2,185	1,750	417	87	20	9	3	1
2019.09	노원구	상계8동	9,270	2,234	2,261	2,326	2,029	353	52	12	3	-	-
2019.09	노원구	상계9동	8,452	2,041	2,101	2,058	1,857	321	58	12	2	2	-
2019.09	노원구	상계10동	6,608	1,712	1,744	1,510	1,366	207	50	14	2	2	1
2019.09	노원구	상계3.4동	11,568	4,541	2,823	1,972	1,643	440	113	24	10	2	-
2019.09	노원구	상계6.7동	14,000	4,184	3,291	3,041	2,853	531	75	19	3	-	3
2019.09	노원구	중계2.3동	15,421	4,832	3,964	3,190	2,754	555	100	19	4	1	2
2019.09	노원구	공릉1동	18,087	8,162	3,681	2,960	2,537	562	149	25	8	3	-
2019.09	은평구	소계	207,410	76,273	47,941	39,360	32,835	8,379	1,959	467	128	37	31
2019.09	은평구	녹번동	16,946	6,547	4,113	3,159	2,389	585	106	35	9	1	2
2019.09	은평구	불광1동	17,826	6,528	4,271	3,522	2,692	612	152	40	7	2	-
2019.09	은평구	갈현1동	11,248	4,605	2,643	2,007	1,522	359	81	21	8	2	-
2019.09	은평구	갈현2동	12,581	4,225	3,033	2,583	2,090	491	122	24	10	1	2
2019.09	은평구	구산동	13,097	4,015	3,147	2,738	2,365	629	142	38	14	1	8
2019.09	은평구	대조동	14,629	7,035	3,210	2,284	1,580	387	106	22	3	1	1
2019.09	은평구	응암1동	11,362	4,714	2,495	1,950	1,660	413	98	14	6	5	7
2019.09	은평구	응암2동	9,382	2,710	2,177	2,133	1,808	424	87	26	11	4	2
2019.09	은평구	신사1동	11,710	3,689	2,869	2,515	1,982	486	121	35	9	4	-
2019.09	은평구	신사2동	9,190	3,163	2,140	1,835	1,543	380	98	24	4	2	1
2019.09	은평구	증산동	6,911	2,445	1,703	1,274	1,108	303	56	19	3	-	-
2019.09	은평구	수색동	3,888	1,391	938	756	586	165	44	8	-	-	-
2019.09	은평구	진관동	21,499	6,090	4,143	4,245	5,031	1,525	368	69	19	5	4
2019.09	은평구	불광2동	13,771	5,871	3,291	2,354	1,692	437	94	21	8	2	1
2019.09	은평구	응암3동	12,605	5,833	2,896	1,937	1,465	351	89	25	5	1	3
2019.09	은평구	역촌동	20,765	7,412	4,872	4,068	3,322	832	195	46	12	6	-
2019.09	서대문구	소계	140,007	58,620	29,630	24,206	20,843	5,097	1,166	321	89	20	15
2019.09	서대문구	천연동	8,213	3,318	1,735	1,489	1,292	301	51	17	5	2	3
2019.09	서대문구	홍제1동	10,304	3,426	2,465	2,088	1,734	451	96	30	7	4	3
2019.09	서대문구	홍제3동	7,131	2,626	1,708	1,320	1,128	271	60	10	8	-	-
2019.09	서대문구	홍제2동	5,849	1,739	1,406	1,284	1,105	244	51	13	5	1	1
2019.09	서대문구	홍은1동	9,271	3,098	2,144	1,817	1,643	435	103	26	4	-	1
2019.09	서대문구	홍은2동	12,161	4,717	2,778	2,195	1,828	464	121	43	14	1	-
2019.09	서대문구	남가좌1동	6,102	1,465	1,217	1,485	1,479	356	72	24	2	1	1
2019.09	서대문구	남가좌2동	11,173	4,568	2,417	1,958	1,725	377	94	27	7	-	-
2019.09	서대문구	북가좌1동	7,016	1,593	1,649	1,650	1,601	402	86	23	9	1	2
2019.09	서대문구	북가좌2동	14,736	5,510	3,503	2,752	2,254	544	130	37	6	-	-
2019.09	서대문구	충현동	8,815	4,428	1,716	1,258	1,050	274	68	16	3	1	1
2019.09	서대문구	북아현동	7,529	2,829	1,693	1,487	1,212	244	46	13	3	2	-
2019.09	서대문구	신촌동	12,386	9,206	1,526	805	635	151	41	13	4	2	3
2019.09	서대문구	연희동	19,321	10,097	3,673	2,618	2,157	583	147	29	12	5	-
2019.09	마포구	소계	174,181	77,879	35,724	28,477	24,630	5,759	1,231	322	102	28	29
2019.09	마포구	용강동	9,128	3,159	1,964	1,856	1,673	363	83	24	4	2	-
2019.09	마포구	대흥동	7,156	4,812	1,116	600	486	107	26	5	1	-	3
2019.09	마포구	염리동	5,736	2,472	1,184	994	841	189	36	13	5	-	2
2019.09	마포구	신수동	9,554	3,693	1,972	1,812	1,620	342	81	22	10	2	-
2019.09	마포구	서교동	14,075	8,721	2,416	1,488	1,081	284	59	14	6	5	1
2019.09	마포구	합정동	9,580	4,977	2,134	1,251	916	219	52	17	7	1	6
2019.09	마포구	망원1동	10,679	5,078	2,420	1,531	1,262	309	59	15	3	-	2
2019.09	마포구	망원2동	8,223	3,016	1,896	1,492	1,408	326	65	15	4	1	-
2019.09	마포구	연남동	8,644	4,857	1,699	1,056	751	217	43	11	6	1	3
2019.09	마포구	성산1동	9,341	4,160	2,070	1,489	1,177	338	69	24	8	3	3
2019.09	마포구	성산2동	18,774	7,971	3,861	3,222	2,870	668	138	29	13	1	1
2019.09	마포구	상암동	12,792	4,263	2,434	2,472	2,680	736	148	41	12	4	2
2019.09	마포구	도화동	9,630	3,650	2,036	1,808	1,617	394	93	24	4	2	2
2019.09	마포구	서강동	11,710	5,235	2,272	1,932	1,783	390	65	24	6	1	2
2019.09	마포구	공덕동	18,976	8,636	3,983	3,103	2,548	532	136	24	10	4	-
2019.09	마포구	아현동	10,183	3,179	2,267	2,371	1,917	345	78	20	3	1	2
2019.09	양천구	소계	177,339	50,405	37,375	38,353	39,905	8,821	1,841	441	139	26	33
2019.09	양천구	목1동	10,474	1,608	1,700	2,869	3,467	644	134	40	10	1	1
2019.09	양천구	목2동	13,043	4,552	2,855	2,573	2,333	562	122	29	10	2	5
2019.09	양천구	목3동	9,942	3,575	2,362	1,991	1,567	318	93	25	6	4	1
2019.09	양천구	목4동	10,151	2,949	1,885	2,087	2,523	545	124	25	11	-	2
2019.09	양천구	신월1동	10,149	4,352	2,320	1,799	1,275	314	70	15	3	1	-
2019.09	양천구	신월2동	8,641	2,404	2,025	1,908	1,688	468	97	38	9	1	3
2019.09	양천구	신월3동	8,182	3,940	1,797	1,225	883	256	65	12	1	-	3
2019.09	양천구	신월4동	6,885	1,492	1,598	1,639	1,597	419	110	24	4	2	-
2019.09	양천구	신월5동	6,448	2,183	1,480	1,311	1,103	280	67	19	1	3	1
2019.09	양천구	신월6동	2,509	655	558	552	567	137	31	8	-	1	-
2019.09	양천구	신월7동	9,255	2,967	2,566	1,859	1,467	302	71	15	7	-	1
2019.09	양천구	신정1동	7,224	1,388	1,224	1,667	2,344	490	83	17	8	-	3
2019.09	양천구	신정2동	7,171	1,578	1,277	1,548	2,185	484	82	11	3	2	1
2019.09	양천구	신정3동	17,943	4,463	4,088	3,904	4,104	1,122	200	44	14	2	2
2019.09	양천구	신정6동	8,165	1,021	1,439	2,293	2,758	517	104	19	11	1	2
2019.09	양천구	신정7동	11,613	2,937	2,586	2,611	2,813	526	101	24	14	-	1
2019.09	양천구	목5동	13,535	1,647	2,061	3,647	5,074	871	163	45	19	5	3
2019.09	양천구	신정4동	16,009	6,694	3,554	2,870	2,157	566	124	31	8	1	4
2019.09	강서구	소계	262,108	102,526	58,031	47,695	41,225	9,832	2,083	527	124	41	24
2019.09	강서구	염창동	15,556	3,768	2,985	3,789	4,059	778	128	41	6	2	-
2019.09	강서구	등촌1동	12,074	6,383	2,237	1,669	1,405	292	59	24	3	2	-
2019.09	강서구	등촌2동	8,653	2,576	1,991	1,863	1,672	405	106	29	8	3	-
2019.09	강서구	등촌3동	14,766	5,581	3,931	2,644	2,067	422	92	22	5	1	1
2019.09	강서구	화곡본동	16,483	6,993	3,692	2,893	2,210	537	106	32	15	2	3
2019.09	강서구	화곡2동	8,255	2,829	2,059	1,673	1,229	376	66	14	5	3	1
2019.09	강서구	화곡3동	9,422	3,247	2,145	1,905	1,575	413	114	15	4	2	2
2019.09	강서구	화곡4동	9,653	3,545	2,421	1,886	1,369	328	76	23	4	1	-
2019.09	강서구	화곡6동	11,413	4,967	2,432	1,904	1,602	391	92	17	3	2	3
2019.09	강서구	화곡8동	11,674	4,316	3,072	2,157	1,632	389	79	25	1	2	1
2019.09	강서구	가양1동	19,062	11,981	2,554	2,082	1,873	458	85	25	2	-	2
2019.09	강서구	가양2동	8,108	4,014	2,173	1,119	609	130	43	13	5	1	1
2019.09	강서구	가양3동	7,922	3,188	2,414	1,398	701	184	27	10	-	-	-
2019.09	강서구	발산1동	13,509	2,725	2,911	3,073	3,669	910	170	35	9	4	3
2019.09	강서구	공항동	12,736	5,592	2,670	2,109	1,798	456	89	22	-	-	-
2019.09	강서구	방화1동	17,419	4,867	3,778	3,669	3,810	1,016	212	49	11	6	1
2019.09	강서구	방화2동	11,594	5,459	2,539	1,778	1,316	374	95	28	3	-	2
2019.09	강서구	방화3동	11,258	4,520	2,864	1,990	1,387	368	100	17	10	2	-
2019.09	강서구	화곡1동	26,265	12,100	6,043	4,375	2,830	694	160	45	11	4	3
2019.09	강서구	우장산동	16,286	3,875	3,120	3,719	4,412	911	184	41	19	4	1
2019.09	구로구	소계	175,844	65,548	39,750	32,741	28,652	7,081	1,552	357	108	36	19
2019.09	구로구	신도림동	13,451	2,974	2,866	3,318	3,379	693	164	38	12	6	1
2019.09	구로구	구로1동	8,216	2,124	1,788	1,870	1,940	410	58	16	7	2	1
2019.09	구로구	구로3동	13,215	7,637	2,215	1,621	1,312	328	71	25	4	2	-
2019.09	구로구	구로4동	10,560	4,981	2,507	1,646	1,101	247	59	10	6	2	1
2019.09	구로구	구로5동	14,469	6,910	2,861	2,228	1,881	436	112	31	7	2	1
2019.09	구로구	고척1동	9,550	2,928	2,190	1,945	1,935	425	99	18	6	4	-
2019.09	구로구	고척2동	11,634	3,721	2,740	2,339	2,187	507	113	19	6	2	-
2019.09	구로구	개봉2동	12,636	3,134	3,219	2,930	2,495	645	164	36	10	2	1
2019.09	구로구	개봉3동	8,851	2,578	2,331	1,912	1,557	380	74	11	6	2	-
2019.09	구로구	오류1동	11,055	5,358	2,375	1,668	1,228	330	73	10	7	1	5
2019.09	구로구	오류2동	19,809	5,591	4,806	4,058	3,923	1,134	219	53	15	5	5
2019.09	구로구	수궁동	9,837	2,800	2,488	2,144	1,765	500	115	19	4	2	-
2019.09	구로구	가리봉동	5,824	3,875	1,006	503	327	86	18	6	2	-	1
2019.09	구로구	구로2동	12,778	6,157	2,954	1,867	1,320	356	80	30	10	3	1
2019.09	구로구	개봉1동	13,959	4,780	3,404	2,692	2,302	604	133	35	6	1	2
2019.09	금천구	소계	110,072	49,409	23,705	17,716	14,489	3,628	850	192	53	16	14
2019.09	금천구	가산동	13,666	9,786	1,759	1,112	771	173	56	7	1	1	-
2019.09	금천구	독산1동	19,766	9,532	3,798	3,008	2,586	646	146	35	8	2	5
2019.09	금천구	독산2동	9,256	3,986	2,163	1,599	1,164	271	57	11	4	-	1
2019.09	금천구	독산3동	12,336	5,711	2,798	1,935	1,454	340	73	17	4	4	-
2019.09	금천구	독산4동	7,627	3,338	1,752	1,255	946	261	56	14	2	2	1
2019.09	금천구	시흥1동	15,882	6,649	3,609	2,686	2,245	550	96	36	7	2	2
2019.09	금천구	시흥2동	8,421	2,039	2,032	1,842	1,853	464	148	30	8	2	3
2019.09	금천구	시흥3동	4,730	1,458	1,251	964	774	218	54	6	5	-	-
2019.09	금천구	시흥4동	9,065	3,103	2,239	1,751	1,468	383	86	20	11	3	1
2019.09	금천구	시흥5동	9,323	3,807	2,304	1,564	1,228	322	78	16	3	-	1
2019.09	영등포구	소계	174,309	80,350	34,737	28,151	23,868	5,560	1,197	308	80	24	34
2019.09	영등포구	여의동	13,484	4,029	2,913	2,976	2,741	612	148	39	14	6	6
2019.09	영등포구	당산1동	10,574	5,346	2,122	1,559	1,177	269	77	14	5	1	4
2019.09	영등포구	당산2동	17,312	8,641	2,909	2,657	2,409	527	117	36	13	2	1
2019.09	영등포구	양평1동	8,952	4,348	1,943	1,370	1,004	215	50	16	3	3	-
2019.09	영등포구	양평2동	10,124	4,157	2,077	1,803	1,652	341	75	13	4	-	2
2019.09	영등포구	신길1동	10,050	6,079	1,793	1,126	787	212	36	11	4	1	1
2019.09	영등포구	신길3동	7,571	2,925	1,621	1,430	1,221	311	48	10	3	1	1
2019.09	영등포구	신길4동	4,282	1,898	948	736	524	144	26	5	1	-	-
2019.09	영등포구	신길5동	4,164	1,782	957	672	556	148	37	9	-	1	2
2019.09	영등포구	신길6동	8,436	3,660	1,824	1,400	1,179	284	61	20	1	1	6
2019.09	영등포구	신길7동	6,534	1,931	1,322	1,379	1,471	343	65	16	4	2	1
2019.09	영등포구	대림1동	6,364	3,009	1,423	937	773	172	35	12	1	1	1
2019.09	영등포구	대림2동	6,838	3,635	1,549	862	580	158	41	9	4	-	-
2019.09	영등포구	대림3동	10,493	4,000	2,404	1,971	1,584	403	95	28	8	-	-
2019.09	영등포구	영등포본동	10,214	4,547	2,006	1,708	1,510	365	57	16	1	2	2
2019.09	영등포구	영등포동	17,145	12,264	2,214	1,335	1,037	225	49	14	4	-	3
2019.09	영등포구	도림동	9,300	4,448	2,038	1,440	1,032	265	55	16	5	1	-
2019.09	영등포구	문래동	12,472	3,651	2,674	2,790	2,631	566	125	24	5	2	4
2019.09	동작구	소계	180,841	77,054	37,418	30,932	27,097	6,400	1,410	378	101	31	20
2019.09	동작구	노량진2동	7,202	4,129	1,416	898	580	133	30	13	2	1	-
2019.09	동작구	상도1동	21,383	9,774	3,909	3,592	3,171	718	165	40	10	2	2
2019.09	동작구	상도2동	12,860	5,169	2,691	2,318	2,079	463	111	22	4	2	1
2019.09	동작구	상도3동	11,868	5,109	2,617	2,051	1,548	385	111	30	10	5	2
2019.09	동작구	상도4동	13,436	5,409	3,077	2,427	1,951	466	77	21	6	-	2
2019.09	동작구	사당1동	13,050	7,469	2,599	1,565	1,091	247	60	12	5	2	-
2019.09	동작구	사당3동	10,652	3,458	2,451	2,202	1,923	467	99	39	7	4	2
2019.09	동작구	사당4동	6,957	3,082	1,564	1,122	921	203	42	15	6	2	-
2019.09	동작구	사당5동	5,704	2,278	1,209	1,061	909	190	44	10	1	1	1
2019.09	동작구	대방동	17,176	6,955	3,233	2,864	3,177	714	165	47	12	4	5
2019.09	동작구	신대방1동	9,901	3,592	1,925	1,804	1,975	468	103	23	7	1	3
2019.09	동작구	신대방2동	9,286	4,147	1,731	1,479	1,425	384	82	31	7	-	-
2019.09	동작구	흑석동	14,333	5,556	2,996	2,700	2,375	577	98	22	7	2	-
2019.09	동작구	노량진1동	15,088	6,772	3,120	2,460	2,068	512	112	32	7	4	1
2019.09	동작구	사당2동	11,945	4,155	2,880	2,389	1,904	473	111	21	10	1	1
2019.09	관악구	소계	268,226	150,077	49,499	33,174	26,887	6,537	1,490	391	115	25	31
2019.09	관악구	보라매동	12,310	5,831	2,678	1,871	1,470	364	75	15	-	3	3
2019.09	관악구	청림동	6,565	1,963	1,592	1,470	1,200	255	60	14	8	1	2
2019.09	관악구	행운동	17,069	10,523	2,890	1,822	1,374	342	90	17	9	2	-
2019.09	관악구	낙성대동	10,755	7,527	1,482	854	656	172	45	13	4	-	2
2019.09	관악구	중앙동	9,287	6,051	1,551	829	648	156	40	8	1	2	1
2019.09	관악구	인헌동	14,085	7,667	2,677	1,799	1,473	367	68	28	5	-	1
2019.09	관악구	남현동	9,381	4,707	1,896	1,358	1,066	260	65	20	5	1	3
2019.09	관악구	서원동	13,835	8,688	2,532	1,402	897	232	67	12	4	1	-
2019.09	관악구	신원동	10,478	6,067	2,128	1,192	838	191	43	13	1	3	2
2019.09	관악구	서림동	14,124	9,093	2,245	1,390	1,024	274	67	23	6	-	2
2019.09	관악구	신사동	13,269	8,140	2,300	1,439	1,087	231	56	9	6	-	1
2019.09	관악구	신림동	16,714	13,568	1,966	664	398	89	24	3	-	1	1
2019.09	관악구	난향동	6,453	1,914	1,516	1,315	1,275	323	76	25	6	1	2
2019.09	관악구	조원동	10,284	6,426	1,816	989	818	173	36	16	8	2	-
2019.09	관악구	대학동	15,786	11,711	1,783	1,154	849	215	60	9	4	-	1
2019.09	관악구	은천동	15,871	6,667	3,501	2,640	2,334	552	137	27	10	2	1
2019.09	관악구	성현동	12,889	3,906	3,040	2,629	2,554	608	113	26	10	1	2
2019.09	관악구	청룡동	20,527	14,458	2,774	1,578	1,300	317	76	16	5	-	3
2019.09	관악구	난곡동	12,930	5,096	3,168	2,287	1,819	415	99	35	9	1	1
2019.09	관악구	삼성동	11,460	4,624	2,755	1,927	1,596	430	94	25	5	3	1
2019.09	관악구	미성동	14,154	5,450	3,209	2,565	2,211	571	99	37	9	1	2
2019.09	서초구	소계	173,215	58,261	34,416	34,055	35,063	8,521	2,061	535	194	58	51
2019.09	서초구	서초1동	9,415	3,967	1,743	1,605	1,524	406	124	31	12	2	1
2019.09	서초구	서초2동	8,333	3,705	1,509	1,399	1,323	287	82	17	7	3	1
2019.09	서초구	서초3동	13,576	5,753	2,619	2,279	2,103	580	165	40	20	7	10
2019.09	서초구	서초4동	11,014	2,378	1,917	2,590	3,280	657	133	43	11	4	1
2019.09	서초구	잠원동	14,020	4,704	2,630	2,963	2,990	568	110	32	16	4	3
2019.09	서초구	반포본동	4,120	754	830	958	1,251	250	54	17	3	1	2
2019.09	서초구	반포1동	14,341	6,296	2,236	2,320	2,671	621	142	35	15	5	-
2019.09	서초구	반포2동	5,156	739	826	1,309	1,702	464	83	19	8	4	2
2019.09	서초구	반포3동	7,041	1,300	1,383	1,872	1,991	400	63	22	6	2	2
2019.09	서초구	반포4동	7,334	1,894	1,485	1,761	1,627	417	108	23	9	7	3
2019.09	서초구	방배본동	7,850	2,070	1,549	1,693	1,900	476	112	35	7	3	5
2019.09	서초구	방배1동	7,620	2,927	1,709	1,390	1,207	282	78	17	5	1	4
2019.09	서초구	방배2동	8,840	3,118	2,074	1,672	1,481	389	70	22	6	2	6
2019.09	서초구	방배3동	8,475	2,244	1,908	1,855	1,865	443	112	33	12	1	2
2019.09	서초구	방배4동	9,781	3,402	2,012	1,810	1,913	467	136	26	13	-	2
2019.09	서초구	양재1동	18,225	5,964	3,964	3,410	3,431	1,083	273	72	18	7	3
2019.09	서초구	양재2동	10,782	4,942	2,211	1,637	1,453	392	107	24	13	1	2
2019.09	서초구	내곡동	7,292	2,104	1,811	1,532	1,351	339	109	27	13	4	2
2019.09	강남구	소계	232,115	91,417	43,457	41,388	42,912	9,840	2,181	618	183	81	38
2019.09	강남구	신사동	7,485	2,947	1,554	1,303	1,230	323	83	23	13	6	3
2019.09	강남구	논현1동	14,219	9,332	2,467	1,230	834	253	65	24	8	4	2
2019.09	강남구	논현2동	11,357	6,187	2,059	1,539	1,202	279	67	16	7	1	-
2019.09	강남구	삼성1동	5,903	1,983	1,207	1,184	1,118	295	78	27	9	1	1
2019.09	강남구	삼성2동	13,274	5,676	2,314	2,266	2,349	474	129	49	10	5	2
2019.09	강남구	대치1동	7,424	577	902	1,973	3,137	646	135	35	10	6	3
2019.09	강남구	대치4동	10,270	5,412	1,664	1,410	1,380	310	70	19	4	-	1
2019.09	강남구	역삼1동	23,739	16,833	3,575	1,709	1,161	332	87	25	11	5	1
2019.09	강남구	역삼2동	15,450	6,359	2,301	2,791	3,161	645	130	34	12	8	9
2019.09	강남구	도곡1동	8,561	2,529	1,568	1,829	2,072	422	96	28	11	6	-
2019.09	강남구	도곡2동	11,825	2,192	2,311	2,999	3,433	694	145	37	9	3	2
2019.09	강남구	개포1동	2,780	865	623	508	598	155	21	7	2	1	-
2019.09	강남구	개포4동	7,737	2,902	1,532	1,465	1,395	353	60	21	5	2	2
2019.09	강남구	일원본동	8,207	1,496	1,481	2,033	2,558	503	102	22	6	5	1
2019.09	강남구	일원1동	7,526	3,121	1,765	1,290	984	283	64	17	2	-	-
2019.09	강남구	일원2동	7,336	2,196	1,764	1,549	1,492	280	40	12	2	-	1
2019.09	강남구	수서동	7,849	3,295	2,296	1,276	727	190	49	10	6	-	-
2019.09	강남구	세곡동	17,773	5,810	3,795	3,253	3,365	1,149	308	69	15	6	3
2019.09	강남구	압구정동	10,716	3,007	2,387	2,396	2,238	522	116	34	5	9	2
2019.09	강남구	청담동	12,539	4,702	2,429	2,412	2,241	543	131	49	21	7	4
2019.09	강남구	대치2동	12,981	2,441	2,009	3,215	4,278	840	134	46	11	6	1
2019.09	강남구	개포2동	7,164	1,555	1,454	1,758	1,959	349	71	14	4	-	-
2019.09	송파구	소계	278,340	94,843	58,292	55,353	54,266	12,019	2,680	619	189	51	28
2019.09	송파구	풍납1동	6,605	2,524	1,591	1,185	1,036	204	52	8	4	1	-
2019.09	송파구	풍납2동	10,424	3,899	2,011	2,093	1,891	410	89	26	5	-	-
2019.09	송파구	거여1동	5,477	1,856	1,261	1,051	1,005	238	55	8	2	-	1
2019.09	송파구	거여2동	7,222	2,500	1,789	1,425	1,162	263	62	16	2	1	2
2019.09	송파구	마천1동	9,087	3,537	2,113	1,550	1,355	422	83	23	2	2	-
2019.09	송파구	마천2동	8,654	3,106	2,109	1,627	1,347	338	98	19	8	1	1
2019.09	송파구	방이1동	6,226	1,795	1,202	1,321	1,464	341	75	19	7	1	1
2019.09	송파구	방이2동	13,489	7,183	2,705	1,825	1,364	323	69	14	5	-	1
2019.09	송파구	오륜동	5,970	662	1,068	1,592	2,076	459	78	24	6	3	2
2019.09	송파구	오금동	15,719	4,242	3,555	3,586	3,335	776	176	40	8	1	-
2019.09	송파구	송파1동	12,440	5,862	2,661	1,903	1,502	381	86	34	7	3	1
2019.09	송파구	송파2동	7,359	1,559	1,521	1,759	1,939	450	97	20	9	4	1
2019.09	송파구	석촌동	16,855	8,394	3,508	2,471	1,893	432	124	19	7	7	-
2019.09	송파구	삼전동	16,319	8,209	3,284	2,382	1,897	429	85	24	4	2	3
2019.09	송파구	가락본동	11,870	4,508	2,472	2,247	2,018	504	90	26	3	-	2
2019.09	송파구	가락1동	9,693	1,665	2,460	2,510	2,462	459	107	21	5	3	1
2019.09	송파구	가락2동	12,283	2,890	2,452	2,943	3,171	627	150	38	12	-	-
2019.09	송파구	문정1동	8,576	2,776	1,874	1,741	1,673	396	84	17	12	2	1
2019.09	송파구	문정2동	15,470	8,417	2,775	1,959	1,800	370	105	24	14	3	3
2019.09	송파구	장지동	13,326	3,718	3,174	2,965	2,663	631	129	33	12	1	-
2019.09	송파구	위례동	8,990	1,055	1,743	2,305	2,919	761	168	26	11	2	-
2019.09	송파구	잠실본동	15,087	8,018	2,936	2,026	1,605	368	109	16	8	-	1
2019.09	송파구	잠실4동	7,543	1,236	1,431	2,063	2,250	430	99	19	8	6	1
2019.09	송파구	잠실6동	5,942	945	1,350	1,591	1,546	382	89	30	5	2	2
2019.09	송파구	잠실7동	3,480	511	815	894	979	218	45	13	4	1	-
2019.09	송파구	잠실2동	11,995	1,841	1,864	3,100	4,307	705	139	28	9	2	-
2019.09	송파구	잠실3동	12,239	1,935	2,568	3,239	3,607	702	137	34	10	3	4
2019.09	강동구	소계	178,969	63,399	38,945	34,697	32,157	7,578	1,616	412	111	27	27
2019.09	강동구	강일동	11,189	2,231	2,578	2,242	2,863	1,043	189	28	11	2	2
2019.09	강동구	상일동	4,154	1,150	905	918	898	216	43	19	3	-	2
2019.09	강동구	명일1동	9,675	2,263	2,120	2,352	2,325	478	101	20	12	3	1
2019.09	강동구	명일2동	6,018	1,121	1,070	1,339	1,946	418	86	25	10	1	2
2019.09	강동구	고덕1동	9,111	1,584	1,593	2,303	2,900	586	106	27	7	-	5
2019.09	강동구	고덕2동	3,403	1,480	781	570	421	115	22	9	3	-	2
2019.09	강동구	암사2동	5,895	1,820	1,363	1,266	1,162	217	50	9	3	4	1
2019.09	강동구	암사3동	6,360	1,063	1,351	1,616	1,763	418	99	28	14	4	4
2019.09	강동구	천호1동	12,846	5,185	2,954	2,377	1,788	429	78	25	7	2	1
2019.09	강동구	천호3동	13,714	6,546	2,948	2,197	1,559	353	83	27	-	-	1
2019.09	강동구	성내1동	8,116	2,366	1,836	1,792	1,638	386	75	20	1	-	2
2019.09	강동구	성내2동	12,460	6,156	2,721	1,921	1,250	313	77	13	7	2	-
2019.09	강동구	성내3동	10,249	3,808	2,270	1,947	1,732	395	74	16	5	1	1
2019.09	강동구	둔촌1동	167	116	21	12	14	2	2	-	-	-	-
2019.09	강동구	둔촌2동	11,226	3,550	2,463	2,336	2,271	476	99	27	2	1	1
2019.09	강동구	암사1동	16,169	6,142	3,727	3,075	2,516	545	120	33	10	-	1
2019.09	강동구	천호2동	17,659	8,560	3,871	2,692	1,967	425	108	29	5	2	-
2019.09	강동구	길동	20,558	8,258	4,373	3,742	3,144	763	204	57	11	5	1