기간	자치구	행정동	전체세대수	1인세대	2인세대	3인세대	4인세대	5인세대	6인세대	7인세대	8인세대	9인세대	10인세대 이상
2019.10	합계	합계	4,319,322	1,744,681	913,949	766,297	683,929	161,354	36,032	9,098	2,582	792	608
2019.10	종로구	소계	73,906	36,589	14,095	10,873	8,956	2,513	602	188	53	25	12
2019.10	종로구	사직동	4,581	2,252	892	693	512	169	30	24	5	2	2
2019.10	종로구	삼청동	1,392	738	253	179	152	47	16	6	1	-	-
2019.10	종로구	부암동	4,261	1,621	938	737	695	186	54	20	6	2	2
2019.10	종로구	평창동	7,528	2,425	1,696	1,494	1,364	419	84	28	11	7	-
2019.10	종로구	무악동	3,185	740	697	743	759	188	40	11	3	2	2
2019.10	종로구	교남동	4,588	1,631	1,104	905	753	145	32	11	5	2	-
2019.10	종로구	가회동	2,055	928	439	338	244	69	29	6	1	-	1
2019.10	종로구	종로1.2.3.4가동	5,261	4,177	516	293	202	54	14	3	2	-	-
2019.10	종로구	종로5·6가동	3,261	2,204	500	295	190	54	13	3	1	1	-
2019.10	종로구	이화동	4,462	2,688	790	491	355	105	23	8	1	1	-
2019.10	종로구	창신1동	2,939	1,728	568	331	210	81	16	5	-	-	-
2019.10	종로구	창신2동	4,112	1,898	888	645	479	154	35	9	3	1	-
2019.10	종로구	창신3동	2,906	921	663	643	476	162	36	1	4	-	-
2019.10	종로구	숭인1동	2,973	1,354	646	483	355	99	27	8	-	-	1
2019.10	종로구	숭인2동	5,719	3,747	904	549	397	96	20	4	2	-	-
2019.10	종로구	청운효자동	5,351	1,931	1,156	993	934	242	63	22	5	5	-
2019.10	종로구	혜화동	9,332	5,606	1,445	1,061	879	243	70	19	3	2	4
2019.10	중구	소계	62,608	30,891	13,088	9,191	7,080	1,738	445	114	26	12	23
2019.10	중구	소공동	1,097	618	206	148	99	17	6	1	-	-	2
2019.10	중구	회현동	3,172	2,127	438	289	228	67	13	8	2	-	-
2019.10	중구	명동	1,474	1,002	215	137	78	26	8	4	1	-	3
2019.10	중구	필동	2,295	1,407	427	226	168	52	9	4	1	-	1
2019.10	중구	장충동	2,692	1,687	445	243	222	69	19	2	2	-	3
2019.10	중구	광희동	2,958	1,902	509	285	188	48	20	4	1	-	1
2019.10	중구	을지로동	1,343	1,069	155	67	39	10	3	-	-	-	-
2019.10	중구	신당5동	5,287	2,631	1,095	784	584	140	38	11	2	2	-
2019.10	중구	황학동	6,779	3,660	1,432	903	588	153	33	7	-	1	2
2019.10	중구	중림동	5,828	2,476	1,256	1,046	815	171	46	13	5	-	-
2019.10	중구	신당동	4,415	2,725	814	441	335	69	24	4	2	1	-
2019.10	중구	다산동	6,939	3,104	1,634	1,057	887	189	44	16	3	2	3
2019.10	중구	약수동	7,787	2,864	1,995	1,539	1,041	260	67	14	3	1	3
2019.10	중구	청구동	6,389	2,481	1,512	1,154	942	234	50	8	1	4	3
2019.10	중구	동화동	4,153	1,138	955	872	866	233	65	18	3	1	2
2019.10	용산구	소계	109,909	51,975	22,651	16,869	13,653	3,527	881	227	71	31	24
2019.10	용산구	후암동	8,563	4,031	1,754	1,379	1,010	285	75	16	4	5	4
2019.10	용산구	용산2가동	5,432	2,773	1,209	763	521	128	27	9	2	-	-
2019.10	용산구	남영동	5,406	4,168	599	302	246	67	12	8	1	1	2
2019.10	용산구	원효로2동	6,009	2,074	1,292	1,173	1,082	282	76	16	10	2	2
2019.10	용산구	효창동	4,234	1,487	973	789	716	192	61	12	2	1	1
2019.10	용산구	용문동	5,369	1,916	1,292	1,031	846	218	51	9	3	2	1
2019.10	용산구	이촌1동	10,277	2,214	2,281	2,605	2,439	547	135	36	13	6	1
2019.10	용산구	이촌2동	3,861	1,317	1,045	771	535	138	33	13	9	-	-
2019.10	용산구	이태원1동	3,771	2,173	714	436	324	82	33	8	-	-	1
2019.10	용산구	이태원2동	4,882	2,597	1,009	642	459	122	40	9	3	1	-
2019.10	용산구	서빙고동	5,274	1,713	1,116	949	1,070	338	68	18	1	-	1
2019.10	용산구	보광동	7,646	4,033	1,680	1,007	693	184	35	10	2	2	-
2019.10	용산구	청파동	10,696	6,215	1,962	1,207	952	270	64	18	4	1	3
2019.10	용산구	원효로1동	7,769	3,675	1,657	1,209	941	228	44	6	4	3	2
2019.10	용산구	한강로동	9,677	5,460	1,822	1,225	892	195	57	17	6	2	1
2019.10	용산구	한남동	11,043	6,129	2,246	1,381	927	251	70	22	7	5	5
2019.10	성동구	소계	136,196	55,578	29,600	24,789	20,174	4,577	1,089	273	80	20	16
2019.10	성동구	왕십리2동	7,620	2,931	1,677	1,441	1,197	264	89	14	2	3	2
2019.10	성동구	마장동	10,877	4,825	2,292	1,758	1,497	371	90	28	9	2	5
2019.10	성동구	사근동	7,467	5,292	959	565	477	137	26	8	2	1	-
2019.10	성동구	행당1동	7,306	3,050	1,538	1,327	1,082	235	51	17	5	-	1
2019.10	성동구	행당2동	9,467	2,372	2,335	2,199	2,022	404	99	25	8	1	2
2019.10	성동구	응봉동	6,166	1,625	1,385	1,414	1,335	316	70	12	7	1	1
2019.10	성동구	금호1가동	6,613	2,094	1,626	1,454	1,111	254	60	12	2	-	-
2019.10	성동구	금호4가동	6,441	2,127	1,580	1,487	976	211	41	14	4	-	1
2019.10	성동구	성수1가1동	7,621	3,106	1,664	1,313	1,216	250	54	11	4	1	2
2019.10	성동구	성수1가2동	6,878	3,107	1,431	1,135	922	220	44	13	5	1	-
2019.10	성동구	성수2가1동	8,533	4,137	1,788	1,306	1,008	224	59	7	4	-	-
2019.10	성동구	성수2가3동	5,679	2,901	1,079	797	659	178	50	15	-	-	-
2019.10	성동구	송정동	5,535	2,764	1,134	820	620	157	33	5	-	2	-
2019.10	성동구	용답동	6,889	4,064	1,217	792	614	148	39	13	-	1	1
2019.10	성동구	왕십리도선동	11,781	4,421	2,493	2,313	1,992	432	94	25	8	3	-
2019.10	성동구	금호2.3가동	10,327	3,572	2,554	2,125	1,607	345	85	25	11	2	1
2019.10	성동구	옥수동	10,996	3,190	2,848	2,543	1,839	431	105	29	9	2	-
2019.10	광진구	소계	164,232	73,500	33,368	26,732	23,707	5,282	1,185	317	96	28	17
2019.10	광진구	화양동	16,013	12,576	1,964	729	594	109	30	9	1	-	1
2019.10	광진구	군자동	10,666	5,931	2,011	1,371	1,034	235	56	20	5	2	1
2019.10	광진구	중곡1동	8,040	3,893	1,833	1,221	840	189	43	12	7	2	-
2019.10	광진구	중곡2동	10,452	4,526	2,360	1,778	1,383	308	77	14	5	1	-
2019.10	광진구	중곡3동	8,466	3,986	1,901	1,312	963	245	45	11	2	1	-
2019.10	광진구	중곡4동	13,218	4,938	3,093	2,563	1,998	472	111	29	9	3	2
2019.10	광진구	능동	6,246	3,499	1,281	727	526	148	52	9	2	2	-
2019.10	광진구	구의1동	11,824	6,329	2,407	1,570	1,138	294	67	17	2	-	-
2019.10	광진구	구의2동	11,667	4,129	2,629	2,282	1,998	478	102	36	6	4	3
2019.10	광진구	구의3동	12,163	4,017	2,570	2,468	2,430	535	100	29	10	3	1
2019.10	광진구	광장동	12,037	2,195	1,929	2,995	3,974	720	164	38	18	3	1
2019.10	광진구	자양1동	11,467	5,584	2,452	1,683	1,346	311	65	18	4	2	2
2019.10	광진구	자양2동	11,261	3,991	2,524	2,221	1,932	453	101	29	5	2	3
2019.10	광진구	자양3동	11,020	2,851	2,409	2,454	2,594	535	126	30	16	2	3
2019.10	광진구	자양4동	9,692	5,055	2,005	1,358	957	250	46	16	4	1	-
2019.10	동대문구	소계	163,666	75,188	33,181	26,171	21,932	5,426	1,322	334	73	25	14
2019.10	동대문구	회기동	6,041	3,898	877	598	490	140	27	7	3	1	-
2019.10	동대문구	휘경1동	7,568	4,080	1,366	1,006	846	202	51	14	-	2	1
2019.10	동대문구	휘경2동	11,532	5,477	2,092	1,793	1,638	406	88	30	4	3	1
2019.10	동대문구	청량리동	10,458	4,973	2,319	1,559	1,176	335	82	12	1	-	1
2019.10	동대문구	용신동	17,088	10,132	3,085	1,911	1,478	363	90	25	4	-	-
2019.10	동대문구	제기동	13,006	6,941	2,585	1,703	1,284	363	101	24	1	3	1
2019.10	동대문구	전농1동	14,990	7,267	2,967	2,383	1,805	441	88	24	9	2	4
2019.10	동대문구	전농2동	7,749	2,221	1,839	1,728	1,449	382	99	25	5	-	1
2019.10	동대문구	답십리1동	12,693	4,851	2,610	2,449	2,097	513	129	35	5	3	1
2019.10	동대문구	답십리2동	12,748	4,355	3,112	2,472	2,184	482	108	26	8	1	-
2019.10	동대문구	장안1동	17,558	7,345	3,804	3,060	2,529	622	153	33	9	3	-
2019.10	동대문구	장안2동	13,206	4,535	2,873	2,706	2,358	548	145	32	6	2	1
2019.10	동대문구	이문1동	10,569	6,335	1,738	1,144	1,013	249	65	15	6	2	2
2019.10	동대문구	이문2동	8,460	2,778	1,914	1,659	1,585	380	96	32	12	3	1
2019.10	중랑구	소계	181,382	74,464	41,378	31,998	25,639	6,211	1,248	329	84	17	14
2019.10	중랑구	면목2동	12,232	5,453	2,730	1,976	1,588	382	83	13	7	-	-
2019.10	중랑구	면목4동	9,275	3,926	2,144	1,630	1,215	283	57	16	4	-	-
2019.10	중랑구	면목5동	4,565	1,913	1,079	800	606	133	25	7	2	-	-
2019.10	중랑구	면목7동	10,017	4,240	2,330	1,724	1,328	303	68	18	5	1	-
2019.10	중랑구	상봉1동	10,242	3,091	2,356	2,214	2,075	404	74	22	5	1	-
2019.10	중랑구	상봉2동	10,959	6,353	2,205	1,307	852	171	49	11	8	2	1
2019.10	중랑구	중화1동	8,986	3,171	2,215	1,812	1,361	344	51	21	7	2	2
2019.10	중랑구	중화2동	14,257	7,323	3,195	1,986	1,337	328	64	18	4	1	1
2019.10	중랑구	묵1동	14,582	4,659	3,280	3,059	2,725	654	151	40	10	2	2
2019.10	중랑구	묵2동	9,180	3,870	2,106	1,639	1,179	306	61	14	2	1	2
2019.10	중랑구	망우3동	8,439	3,686	2,028	1,426	996	234	57	7	2	3	-
2019.10	중랑구	신내1동	14,745	3,459	3,365	3,175	3,400	1,072	201	62	10	-	1
2019.10	중랑구	신내2동	9,065	2,774	2,274	1,983	1,613	334	65	13	7	1	1
2019.10	중랑구	면목본동	17,605	8,372	3,956	2,740	1,974	456	77	24	2	1	3
2019.10	중랑구	면목3.8동	12,576	5,563	2,900	2,126	1,535	348	78	22	4	-	-
2019.10	중랑구	망우본동	14,657	6,611	3,215	2,401	1,855	459	87	21	5	2	1
2019.10	성북구	소계	192,307	74,432	40,792	35,369	31,771	7,578	1,738	455	101	32	39
2019.10	성북구	돈암1동	6,286	1,755	1,571	1,344	1,228	295	70	20	-	2	1
2019.10	성북구	돈암2동	8,616	1,620	1,770	2,229	2,254	562	122	37	16	2	4
2019.10	성북구	안암동	9,186	5,932	1,440	892	726	148	36	8	2	-	2
2019.10	성북구	보문동	7,974	3,799	1,603	1,276	1,009	232	39	11	3	-	2
2019.10	성북구	정릉1동	7,445	2,200	1,641	1,652	1,480	341	95	31	2	1	2
2019.10	성북구	정릉2동	9,645	3,042	2,305	1,993	1,752	408	104	31	3	5	2
2019.10	성북구	정릉3동	7,757	4,009	1,521	1,064	864	234	48	12	1	1	3
2019.10	성북구	정릉4동	10,987	3,651	2,583	2,231	1,914	457	107	32	9	1	2
2019.10	성북구	길음1동	12,854	2,528	2,440	3,171	3,755	737	177	31	7	2	6
2019.10	성북구	길음2동	6,807	2,306	1,462	1,402	1,268	295	58	16	-	-	-
2019.10	성북구	월곡1동	10,827	3,205	2,433	2,287	2,214	523	125	29	9	2	-
2019.10	성북구	월곡2동	9,215	4,077	1,889	1,495	1,317	335	76	14	8	2	2
2019.10	성북구	장위1동	8,997	3,382	2,140	1,660	1,368	334	82	24	5	1	1
2019.10	성북구	장위2동	6,288	2,478	1,558	1,122	832	222	56	15	4	1	-
2019.10	성북구	장위3동	6,485	2,123	1,391	1,381	1,240	279	55	12	3	1	-
2019.10	성북구	성북동	8,033	3,700	1,727	1,217	964	301	84	27	6	1	6
2019.10	성북구	삼선동	12,596	6,122	2,519	1,775	1,644	415	95	16	7	3	-
2019.10	성북구	동선동	9,077	5,739	1,472	965	669	177	40	9	4	1	1
2019.10	성북구	종암동	17,110	6,352	3,541	3,232	3,020	753	156	45	3	4	4
2019.10	성북구	석관동	16,122	6,412	3,786	2,981	2,253	530	113	35	9	2	1
2019.10	강북구	소계	143,881	59,276	33,564	25,196	19,496	4,907	1,095	218	85	21	23
2019.10	강북구	번1동	10,268	5,470	2,144	1,429	940	218	59	3	5	-	-
2019.10	강북구	번2동	7,632	2,752	2,059	1,507	987	245	67	10	3	-	2
2019.10	강북구	번3동	7,606	2,272	2,152	1,541	1,230	317	75	16	2	1	-
2019.10	강북구	수유1동	10,358	4,689	2,322	1,698	1,232	318	72	14	8	1	4
2019.10	강북구	수유2동	9,569	3,439	2,493	1,780	1,366	379	83	22	4	1	2
2019.10	강북구	수유3동	12,658	6,780	2,589	1,797	1,138	279	54	13	4	2	2
2019.10	강북구	삼양동	11,502	4,576	2,738	2,056	1,591	425	80	19	11	4	2
2019.10	강북구	미아동	11,373	5,697	2,431	1,647	1,216	299	66	8	7	1	1
2019.10	강북구	송중동	13,413	5,691	2,935	2,366	1,817	470	97	26	6	2	3
2019.10	강북구	송천동	13,706	6,209	3,171	2,190	1,646	396	72	14	7	1	-
2019.10	강북구	삼각산동	11,770	2,538	2,485	2,729	3,146	685	139	31	14	3	-
2019.10	강북구	우이동	9,455	3,535	2,440	1,753	1,255	350	93	14	6	4	5
2019.10	강북구	인수동	14,571	5,628	3,605	2,703	1,932	526	138	28	8	1	2
2019.10	도봉구	소계	138,530	44,742	33,392	28,551	24,323	5,777	1,285	324	87	38	11
2019.10	도봉구	쌍문1동	9,350	3,146	2,306	1,889	1,465	410	104	21	6	2	1
2019.10	도봉구	쌍문2동	8,632	3,008	2,211	1,705	1,293	312	81	16	3	1	2
2019.10	도봉구	쌍문3동	7,818	3,132	1,902	1,384	1,067	265	49	16	1	1	1
2019.10	도봉구	쌍문4동	7,168	1,509	1,593	1,736	1,854	389	68	13	3	3	-
2019.10	도봉구	방학1동	12,852	4,676	2,993	2,379	2,090	548	121	33	7	3	2
2019.10	도봉구	방학2동	9,550	3,766	2,333	1,769	1,264	315	80	18	4	1	-
2019.10	도봉구	방학3동	10,086	1,796	2,391	2,518	2,582	605	143	34	12	5	-
2019.10	도봉구	창1동	10,939	3,595	2,558	2,299	1,988	381	87	25	3	2	1
2019.10	도봉구	창2동	12,363	3,742	3,043	2,716	2,172	521	119	33	11	6	-
2019.10	도봉구	창3동	6,689	2,603	1,674	1,197	923	230	45	15	1	1	-
2019.10	도봉구	창4동	10,582	2,783	2,310	2,355	2,455	537	103	24	12	3	-
2019.10	도봉구	창5동	10,069	2,810	2,329	2,269	2,077	447	97	26	9	4	1
2019.10	도봉구	도봉1동	10,262	4,109	2,694	1,794	1,213	351	62	25	7	4	3
2019.10	도봉구	도봉2동	12,170	4,067	3,055	2,541	1,880	466	126	25	8	2	-
2019.10	노원구	소계	216,819	69,155	48,453	44,295	43,248	9,235	1,853	394	122	42	22
2019.10	노원구	월계1동	10,488	4,363	2,204	1,797	1,601	432	72	16	1	1	1
2019.10	노원구	월계2동	11,228	3,900	2,907	2,153	1,729	424	91	17	4	2	1
2019.10	노원구	월계3동	12,941	3,755	3,524	2,787	2,235	482	122	25	8	2	1
2019.10	노원구	공릉2동	16,322	5,491	3,107	3,249	3,518	737	160	38	12	9	1
2019.10	노원구	하계1동	12,358	4,794	2,399	2,174	2,361	508	79	21	16	1	5
2019.10	노원구	하계2동	8,295	1,648	1,773	1,994	2,319	456	88	12	3	2	-
2019.10	노원구	중계본동	8,960	2,041	1,418	1,921	2,744	672	126	28	7	2	1
2019.10	노원구	중계1동	9,125	1,417	1,346	2,320	3,331	599	82	18	11	1	-
2019.10	노원구	중계4동	8,491	2,535	1,983	1,675	1,806	388	81	17	3	2	1
2019.10	노원구	상계1동	15,527	4,325	3,617	3,366	3,177	816	173	34	11	4	4
2019.10	노원구	상계2동	8,772	3,187	1,713	1,638	1,749	361	99	20	3	1	1
2019.10	노원구	상계5동	10,968	3,885	2,625	2,179	1,745	417	85	19	9	3	1
2019.10	노원구	상계8동	9,240	2,237	2,246	2,329	2,011	350	50	13	4	-	-
2019.10	노원구	상계9동	8,450	2,045	2,094	2,058	1,857	326	55	11	2	2	-
2019.10	노원구	상계10동	6,596	1,723	1,747	1,499	1,359	202	47	12	4	3	-
2019.10	노원구	상계3.4동	11,555	4,553	2,814	1,974	1,628	430	117	27	10	2	-
2019.10	노원구	상계6.7동	13,989	4,216	3,281	3,038	2,821	527	79	20	3	1	3
2019.10	노원구	중계2.3동	15,382	4,837	3,966	3,173	2,724	558	100	18	3	1	2
2019.10	노원구	공릉1동	18,132	8,203	3,689	2,971	2,533	550	147	28	8	3	-
2019.10	은평구	소계	207,458	76,420	48,038	39,316	32,726	8,338	1,952	472	124	40	32
2019.10	은평구	녹번동	17,022	6,569	4,155	3,183	2,376	583	107	37	9	1	2
2019.10	은평구	불광1동	17,868	6,553	4,290	3,521	2,685	615	154	41	7	2	-
2019.10	은평구	갈현1동	11,220	4,599	2,642	1,987	1,518	361	82	22	7	2	-
2019.10	은평구	갈현2동	12,586	4,222	3,050	2,586	2,079	491	123	23	7	3	2
2019.10	은평구	구산동	13,130	4,038	3,157	2,739	2,368	630	139	36	14	1	8
2019.10	은평구	대조동	14,088	6,821	3,077	2,195	1,496	367	104	22	3	2	1
2019.10	은평구	응암1동	11,361	4,752	2,472	1,949	1,648	410	98	14	6	5	7
2019.10	은평구	응암2동	9,801	2,796	2,292	2,257	1,883	436	92	29	10	4	2
2019.10	은평구	신사1동	11,717	3,715	2,897	2,472	1,991	482	113	35	8	4	-
2019.10	은평구	신사2동	9,196	3,185	2,142	1,832	1,532	380	96	22	4	2	1
2019.10	은평구	증산동	6,919	2,453	1,726	1,264	1,099	300	56	18	3	-	-
2019.10	은평구	수색동	3,864	1,391	922	749	588	163	43	8	-	-	-
2019.10	은평구	진관동	21,543	6,140	4,146	4,230	5,039	1,515	373	69	21	6	4
2019.10	은평구	불광2동	13,802	5,903	3,310	2,348	1,678	440	91	22	7	2	1
2019.10	은평구	응암3동	12,578	5,840	2,884	1,941	1,448	337	91	27	6	-	4
2019.10	은평구	역촌동	20,763	7,443	4,876	4,063	3,298	828	190	47	12	6	-
2019.10	서대문구	소계	139,984	58,728	29,662	24,138	20,800	5,035	1,174	319	92	21	15
2019.10	서대문구	천연동	8,210	3,324	1,744	1,475	1,289	294	56	18	5	2	3
2019.10	서대문구	홍제1동	10,307	3,438	2,462	2,082	1,738	447	95	32	6	4	3
2019.10	서대문구	홍제3동	7,119	2,631	1,699	1,327	1,119	266	60	9	8	-	-
2019.10	서대문구	홍제2동	5,837	1,749	1,393	1,273	1,103	246	52	14	5	1	1
2019.10	서대문구	홍은1동	9,247	3,089	2,138	1,816	1,641	430	103	25	4	-	1
2019.10	서대문구	홍은2동	12,175	4,743	2,772	2,195	1,826	457	120	45	15	2	-
2019.10	서대문구	남가좌1동	6,102	1,464	1,221	1,482	1,482	353	74	21	3	1	1
2019.10	서대문구	남가좌2동	11,201	4,591	2,432	1,955	1,726	371	93	26	7	-	-
2019.10	서대문구	북가좌1동	7,012	1,607	1,656	1,628	1,599	396	89	23	11	1	2
2019.10	서대문구	북가좌2동	14,759	5,548	3,514	2,751	2,229	548	127	36	6	-	-
2019.10	서대문구	충현동	8,815	4,438	1,724	1,250	1,048	265	67	18	3	1	1
2019.10	서대문구	북아현동	7,524	2,835	1,691	1,477	1,216	241	47	12	3	2	-
2019.10	서대문구	신촌동	12,363	9,178	1,528	808	636	151	41	12	4	2	3
2019.10	서대문구	연희동	19,313	10,093	3,688	2,619	2,148	570	150	28	12	5	-
2019.10	마포구	소계	174,466	78,113	35,752	28,594	24,581	5,714	1,242	312	102	26	30
2019.10	마포구	용강동	9,113	3,168	1,961	1,845	1,670	354	85	23	5	2	-
2019.10	마포구	대흥동	7,161	4,820	1,110	601	487	108	25	6	1	-	3
2019.10	마포구	염리동	5,727	2,462	1,188	988	844	186	38	15	4	-	2
2019.10	마포구	신수동	9,937	3,794	2,068	1,929	1,677	355	81	21	10	2	-
2019.10	마포구	서교동	14,080	8,770	2,392	1,486	1,073	274	58	17	5	4	1
2019.10	마포구	합정동	9,558	4,966	2,128	1,260	908	213	52	17	7	1	6
2019.10	마포구	망원1동	10,641	5,056	2,416	1,523	1,264	303	59	15	3	-	2
2019.10	마포구	망원2동	8,273	3,058	1,915	1,490	1,402	324	65	13	6	-	-
2019.10	마포구	연남동	8,665	4,883	1,691	1,067	744	218	43	10	4	2	3
2019.10	마포구	성산1동	9,340	4,166	2,061	1,498	1,169	339	72	21	8	3	3
2019.10	마포구	성산2동	18,798	8,027	3,854	3,221	2,860	658	133	29	14	1	1
2019.10	마포구	상암동	12,763	4,233	2,455	2,461	2,675	733	151	37	11	4	3
2019.10	마포구	도화동	9,595	3,618	2,031	1,824	1,611	386	94	21	6	2	2
2019.10	마포구	서강동	11,674	5,234	2,257	1,934	1,763	389	66	22	6	1	2
2019.10	마포구	공덕동	18,960	8,655	3,980	3,111	2,511	526	140	25	9	3	-
2019.10	마포구	아현동	10,181	3,203	2,245	2,356	1,923	348	80	20	3	1	2
2019.10	양천구	소계	177,244	50,444	37,477	38,268	39,803	8,787	1,844	425	136	28	32
2019.10	양천구	목1동	10,489	1,606	1,713	2,894	3,437	652	132	41	12	1	1
2019.10	양천구	목2동	13,070	4,581	2,866	2,574	2,324	559	125	28	6	3	4
2019.10	양천구	목3동	9,945	3,568	2,398	1,966	1,570	317	90	26	6	3	1
2019.10	양천구	목4동	10,133	2,949	1,890	2,075	2,515	542	126	23	10	1	2
2019.10	양천구	신월1동	10,143	4,370	2,322	1,788	1,270	303	70	15	4	1	-
2019.10	양천구	신월2동	8,581	2,381	2,010	1,911	1,669	462	98	37	9	1	3
2019.10	양천구	신월3동	8,161	3,928	1,790	1,226	884	251	65	13	1	-	3
2019.10	양천구	신월4동	6,886	1,496	1,588	1,637	1,605	419	111	23	5	2	-
2019.10	양천구	신월5동	6,435	2,178	1,484	1,301	1,100	279	70	18	1	3	1
2019.10	양천구	신월6동	2,500	652	556	551	566	136	31	7	-	1	-
2019.10	양천구	신월7동	9,249	2,972	2,583	1,863	1,439	298	73	13	7	-	1
2019.10	양천구	신정1동	7,243	1,391	1,227	1,675	2,347	495	82	15	8	-	3
2019.10	양천구	신정2동	7,178	1,580	1,274	1,543	2,205	477	81	12	3	2	1
2019.10	양천구	신정3동	17,923	4,463	4,108	3,894	4,071	1,127	196	44	16	2	2
2019.10	양천구	신정6동	8,166	1,018	1,455	2,271	2,771	519	103	16	10	1	2
2019.10	양천구	신정7동	11,611	2,951	2,583	2,613	2,805	525	97	23	13	-	1
2019.10	양천구	목5동	13,537	1,655	2,056	3,657	5,077	860	164	42	17	6	3
2019.10	양천구	신정4동	15,994	6,705	3,574	2,829	2,148	566	130	29	8	1	4
2019.10	강서구	소계	262,293	103,007	58,017	47,660	41,028	9,783	2,068	541	126	40	23
2019.10	강서구	염창동	15,648	3,838	3,037	3,773	4,044	779	129	42	5	1	-
2019.10	강서구	등촌1동	12,092	6,413	2,255	1,647	1,405	282	59	25	4	2	-
2019.10	강서구	등촌2동	8,686	2,614	1,990	1,871	1,659	407	106	28	8	3	-
2019.10	강서구	등촌3동	14,767	5,616	3,918	2,650	2,044	418	91	24	4	1	1
2019.10	강서구	화곡본동	16,503	7,015	3,721	2,874	2,199	533	108	34	14	3	2
2019.10	강서구	화곡2동	8,241	2,843	2,042	1,675	1,229	365	63	14	6	3	1
2019.10	강서구	화곡3동	9,445	3,266	2,137	1,908	1,580	415	113	18	3	3	2
2019.10	강서구	화곡4동	9,657	3,565	2,418	1,883	1,357	327	77	24	6	-	-
2019.10	강서구	화곡6동	11,513	5,080	2,430	1,908	1,598	380	91	18	3	2	3
2019.10	강서구	화곡8동	11,674	4,316	3,077	2,163	1,622	388	79	25	1	2	1
2019.10	강서구	가양1동	19,099	12,008	2,566	2,103	1,858	446	87	27	2	1	1
2019.10	강서구	가양2동	8,088	4,013	2,166	1,113	601	132	42	14	5	1	1
2019.10	강서구	가양3동	7,920	3,211	2,404	1,399	685	185	25	10	1	-	-
2019.10	강서구	발산1동	13,529	2,749	2,895	3,094	3,663	908	168	36	10	4	2
2019.10	강서구	공항동	12,705	5,568	2,673	2,110	1,788	458	87	21	-	-	-
2019.10	강서구	방화1동	17,417	4,881	3,786	3,647	3,812	1,015	208	51	10	6	1
2019.10	강서구	방화2동	11,585	5,467	2,541	1,769	1,310	372	93	27	4	-	2
2019.10	강서구	방화3동	11,249	4,532	2,847	1,997	1,373	372	102	14	11	1	-
2019.10	강서구	화곡1동	26,331	12,212	6,020	4,366	2,821	690	156	48	11	3	4
2019.10	강서구	우장산동	16,144	3,800	3,094	3,710	4,380	911	184	41	18	4	2
2019.10	구로구	소계	176,105	65,686	39,934	32,815	28,575	7,013	1,558	360	109	37	18
2019.10	구로구	신도림동	13,408	2,940	2,888	3,302	3,363	690	169	37	12	6	1
2019.10	구로구	구로1동	8,236	2,161	1,796	1,845	1,942	408	59	15	7	2	1
2019.10	구로구	구로3동	13,151	7,598	2,214	1,616	1,292	323	73	29	4	2	-
2019.10	구로구	구로4동	10,556	4,973	2,533	1,642	1,086	244	58	10	6	2	2
2019.10	구로구	구로5동	14,481	6,927	2,859	2,245	1,872	425	111	32	7	2	1
2019.10	구로구	고척1동	9,543	2,928	2,193	1,949	1,932	417	97	17	7	3	-
2019.10	구로구	고척2동	11,643	3,730	2,743	2,349	2,175	504	115	19	6	2	-
2019.10	구로구	개봉2동	12,604	3,132	3,208	2,939	2,484	628	166	34	10	2	1
2019.10	구로구	개봉3동	8,832	2,598	2,323	1,903	1,542	374	72	11	7	2	-
2019.10	구로구	오류1동	11,148	5,421	2,411	1,671	1,224	328	69	11	7	2	4
2019.10	구로구	오류2동	20,134	5,637	4,889	4,150	4,006	1,150	223	53	17	5	4
2019.10	구로구	수궁동	9,857	2,819	2,509	2,158	1,736	496	115	18	3	3	-
2019.10	구로구	가리봉동	5,820	3,887	999	497	323	87	18	6	2	-	1
2019.10	구로구	구로2동	12,744	6,143	2,952	1,866	1,308	350	82	30	9	3	1
2019.10	구로구	개봉1동	13,948	4,792	3,417	2,683	2,290	589	131	38	5	1	2
2019.10	금천구	소계	110,164	49,564	23,836	17,652	14,398	3,596	850	187	53	13	15
2019.10	금천구	가산동	13,722	9,846	1,763	1,114	761	177	52	6	2	1	-
2019.10	금천구	독산1동	19,789	9,555	3,819	2,999	2,590	629	151	33	7	1	5
2019.10	금천구	독산2동	9,247	4,000	2,163	1,602	1,140	270	57	11	3	-	1
2019.10	금천구	독산3동	12,345	5,717	2,824	1,919	1,441	341	77	18	4	4	-
2019.10	금천구	독산4동	7,637	3,353	1,776	1,239	937	257	55	15	3	1	1
2019.10	금천구	시흥1동	15,879	6,656	3,624	2,680	2,234	548	91	35	7	2	2
2019.10	금천구	시흥2동	8,416	2,044	2,036	1,841	1,843	463	147	29	8	2	3
2019.10	금천구	시흥3동	4,734	1,464	1,267	956	770	214	53	5	5	-	-
2019.10	금천구	시흥4동	9,066	3,110	2,235	1,754	1,472	373	89	18	11	2	2
2019.10	금천구	시흥5동	9,329	3,819	2,329	1,548	1,210	324	78	17	3	-	1
2019.10	영등포구	소계	174,440	80,629	34,786	28,061	23,824	5,479	1,207	317	79	27	31
2019.10	영등포구	여의동	13,520	4,041	2,934	2,978	2,740	609	152	40	14	7	5
2019.10	영등포구	당산1동	10,585	5,370	2,125	1,550	1,170	270	74	16	5	2	3
2019.10	영등포구	당산2동	17,330	8,647	2,934	2,660	2,405	512	120	36	13	2	1
2019.10	영등포구	양평1동	8,993	4,392	1,950	1,361	1,006	212	50	16	3	3	-
2019.10	영등포구	양평2동	10,103	4,150	2,081	1,793	1,650	335	74	14	4	-	2
2019.10	영등포구	신길1동	10,097	6,137	1,772	1,129	794	208	38	13	4	1	1
2019.10	영등포구	신길3동	7,604	2,948	1,628	1,444	1,213	309	46	11	3	2	-
2019.10	영등포구	신길4동	4,299	1,916	954	731	522	144	27	4	1	-	-
2019.10	영등포구	신길5동	4,141	1,772	952	665	559	146	35	9	-	1	2
2019.10	영등포구	신길6동	8,429	3,675	1,803	1,416	1,167	277	62	20	3	-	6
2019.10	영등포구	신길7동	6,527	1,917	1,340	1,364	1,471	342	71	16	3	2	1
2019.10	영등포구	대림1동	6,361	3,019	1,426	933	767	167	36	11	1	-	1
2019.10	영등포구	대림2동	6,861	3,677	1,543	855	580	151	41	9	4	1	-
2019.10	영등포구	대림3동	10,462	3,995	2,410	1,942	1,590	396	92	29	8	-	-
2019.10	영등포구	영등포본동	10,191	4,534	2,023	1,694	1,504	358	56	17	1	2	2
2019.10	영등포구	영등포동	17,186	12,331	2,191	1,339	1,025	230	51	14	1	1	3
2019.10	영등포구	도림동	9,284	4,453	2,039	1,430	1,026	258	55	17	5	1	-
2019.10	영등포구	문래동	12,467	3,655	2,681	2,777	2,635	555	127	25	6	2	4
2019.10	동작구	소계	180,823	77,175	37,458	30,865	27,026	6,358	1,406	382	98	35	20
2019.10	동작구	노량진2동	7,206	4,154	1,425	879	571	132	32	10	2	1	-
2019.10	동작구	상도1동	21,380	9,812	3,897	3,568	3,167	712	169	41	10	2	2
2019.10	동작구	상도2동	12,837	5,144	2,720	2,298	2,073	464	108	23	4	2	1
2019.10	동작구	상도3동	11,870	5,122	2,612	2,045	1,554	378	113	29	10	5	2
2019.10	동작구	상도4동	13,417	5,414	3,071	2,410	1,959	453	78	25	5	-	2
2019.10	동작구	사당1동	13,059	7,488	2,610	1,557	1,084	242	60	11	5	2	-
2019.10	동작구	사당3동	10,626	3,456	2,442	2,187	1,923	470	93	42	7	4	2
2019.10	동작구	사당4동	6,975	3,101	1,574	1,127	911	197	42	15	6	2	-
2019.10	동작구	사당5동	5,695	2,277	1,199	1,062	909	188	46	11	1	1	1
2019.10	동작구	대방동	17,183	6,952	3,240	2,868	3,167	728	160	47	11	5	5
2019.10	동작구	신대방1동	9,933	3,628	1,926	1,814	1,971	458	101	23	8	1	3
2019.10	동작구	신대방2동	9,280	4,149	1,733	1,476	1,420	383	82	29	7	1	-
2019.10	동작구	흑석동	14,328	5,548	3,002	2,699	2,377	572	99	22	6	3	-
2019.10	동작구	노량진1동	15,098	6,789	3,118	2,462	2,061	511	113	32	7	4	1
2019.10	동작구	사당2동	11,936	4,141	2,889	2,413	1,879	470	110	22	9	2	1
2019.10	관악구	소계	268,109	150,224	49,529	33,061	26,736	6,517	1,480	393	109	27	33
2019.10	관악구	보라매동	12,328	5,849	2,701	1,857	1,464	364	72	15	-	3	3
2019.10	관악구	청림동	6,559	1,970	1,589	1,466	1,198	254	56	15	8	1	2
2019.10	관악구	행운동	17,024	10,503	2,883	1,801	1,378	342	89	18	8	2	-
2019.10	관악구	낙성대동	10,763	7,538	1,485	853	655	170	43	13	4	-	2
2019.10	관악구	중앙동	9,298	6,073	1,536	838	649	150	39	9	1	2	1
2019.10	관악구	인헌동	14,071	7,678	2,679	1,771	1,477	363	69	26	5	1	2
2019.10	관악구	남현동	9,392	4,717	1,916	1,352	1,049	264	65	20	5	1	3
2019.10	관악구	서원동	13,871	8,736	2,542	1,389	891	228	67	13	4	1	-
2019.10	관악구	신원동	10,485	6,097	2,124	1,181	830	190	43	13	1	3	3
2019.10	관악구	서림동	14,091	9,050	2,271	1,386	1,019	268	67	23	5	-	2
2019.10	관악구	신사동	13,262	8,155	2,294	1,422	1,086	233	58	8	6	-	-
2019.10	관악구	신림동	16,690	13,573	1,940	669	389	90	24	3	-	1	1
2019.10	관악구	난향동	6,451	1,914	1,512	1,321	1,272	325	74	24	6	1	2
2019.10	관악구	조원동	10,268	6,431	1,795	1,001	802	177	37	16	7	2	-
2019.10	관악구	대학동	15,732	11,678	1,782	1,138	851	209	61	8	4	-	1
2019.10	관악구	은천동	15,864	6,675	3,494	2,653	2,313	553	137	26	10	2	1
2019.10	관악구	성현동	12,764	3,876	3,010	2,599	2,524	601	114	27	9	1	3
2019.10	관악구	청룡동	20,666	14,494	2,833	1,595	1,323	323	76	15	5	-	2
2019.10	관악구	난곡동	12,912	5,089	3,188	2,278	1,803	412	97	34	9	1	1
2019.10	관악구	삼성동	11,471	4,660	2,762	1,909	1,582	431	91	27	4	3	2
2019.10	관악구	미성동	14,147	5,468	3,193	2,582	2,181	570	101	40	8	2	2
2019.10	서초구	소계	173,183	58,287	34,422	34,050	35,013	8,495	2,071	549	194	52	50
2019.10	서초구	서초1동	9,422	3,994	1,739	1,586	1,522	411	126	32	10	1	1
2019.10	서초구	서초2동	8,357	3,712	1,510	1,407	1,326	294	81	17	7	2	1
2019.10	서초구	서초3동	13,546	5,725	2,627	2,279	2,095	573	169	41	20	7	10
2019.10	서초구	서초4동	11,014	2,377	1,933	2,583	3,273	657	129	45	12	4	1
2019.10	서초구	잠원동	14,037	4,695	2,632	2,977	2,999	568	111	32	16	4	3
2019.10	서초구	반포본동	4,126	759	833	962	1,240	252	57	17	3	1	2
2019.10	서초구	반포1동	14,352	6,303	2,246	2,312	2,668	621	145	35	17	5	-
2019.10	서초구	반포2동	5,140	724	828	1,307	1,698	466	83	21	9	2	2
2019.10	서초구	반포3동	7,037	1,302	1,374	1,866	1,997	399	65	23	7	1	3
2019.10	서초구	반포4동	7,316	1,893	1,469	1,770	1,620	410	112	23	9	7	3
2019.10	서초구	방배본동	7,863	2,086	1,543	1,690	1,903	475	112	38	8	3	5
2019.10	서초구	방배1동	7,620	2,932	1,726	1,368	1,198	289	78	19	6	1	3
2019.10	서초구	방배2동	8,822	3,120	2,062	1,681	1,467	385	70	21	7	3	6
2019.10	서초구	방배3동	8,465	2,240	1,896	1,868	1,865	434	116	32	11	1	2
2019.10	서초구	방배4동	9,786	3,407	2,014	1,808	1,922	464	132	28	10	-	1
2019.10	서초구	양재1동	18,219	5,953	3,976	3,419	3,436	1,067	270	73	17	5	3
2019.10	서초구	양재2동	10,750	4,931	2,210	1,622	1,452	389	106	25	12	1	2
2019.10	서초구	내곡동	7,311	2,134	1,804	1,545	1,332	341	109	27	13	4	2
2019.10	강남구	소계	232,534	91,683	43,549	41,447	42,894	9,851	2,173	634	182	82	39
2019.10	강남구	신사동	7,474	2,945	1,553	1,297	1,222	328	83	25	12	6	3
2019.10	강남구	논현1동	14,193	9,335	2,450	1,227	824	249	69	24	8	5	2
2019.10	강남구	논현2동	11,340	6,195	2,044	1,541	1,200	269	64	19	7	1	-
2019.10	강남구	삼성1동	5,897	1,991	1,197	1,181	1,114	297	77	29	9	1	1
2019.10	강남구	삼성2동	13,387	5,786	2,316	2,265	2,340	485	130	47	11	5	2
2019.10	강남구	대치1동	7,431	576	899	1,980	3,138	645	139	36	10	5	3
2019.10	강남구	대치4동	10,252	5,406	1,648	1,395	1,394	310	73	21	4	-	1
2019.10	강남구	역삼1동	23,765	16,878	3,570	1,696	1,164	330	84	25	10	6	2
2019.10	강남구	역삼2동	15,451	6,370	2,290	2,789	3,160	652	130	33	10	8	9
2019.10	강남구	도곡1동	8,554	2,528	1,559	1,842	2,065	418	97	29	10	6	-
2019.10	강남구	도곡2동	11,822	2,179	2,323	2,987	3,437	699	146	36	9	4	2
2019.10	강남구	개포1동	2,765	859	626	513	581	154	22	7	2	1	-
2019.10	강남구	개포4동	7,733	2,921	1,538	1,451	1,374	356	60	22	6	3	2
2019.10	강남구	일원본동	8,194	1,485	1,490	2,043	2,543	504	98	22	5	3	1
2019.10	강남구	일원1동	7,514	3,128	1,762	1,286	973	284	62	17	2	-	-
2019.10	강남구	일원2동	7,345	2,198	1,772	1,562	1,482	275	40	14	1	-	1
2019.10	강남구	수서동	7,856	3,335	2,292	1,254	720	190	48	10	7	-	-
2019.10	강남구	세곡동	17,784	5,813	3,806	3,256	3,370	1,141	304	68	17	6	3
2019.10	강남구	압구정동	10,693	2,991	2,383	2,395	2,227	532	114	35	5	9	2
2019.10	강남구	청담동	12,509	4,681	2,447	2,403	2,226	538	129	53	22	6	4
2019.10	강남구	대치2동	12,967	2,445	2,005	3,221	4,269	830	134	45	11	6	1
2019.10	강남구	개포2동	7,608	1,638	1,579	1,863	2,071	365	70	17	4	1	-
2019.10	송파구	소계	278,118	94,924	58,358	55,175	54,129	11,980	2,670	615	190	47	30
2019.10	송파구	풍납1동	6,580	2,524	1,584	1,190	1,019	198	53	8	3	1	-
2019.10	송파구	풍납2동	10,409	3,909	2,021	2,067	1,888	401	92	25	6	-	-
2019.10	송파구	거여1동	5,463	1,836	1,280	1,040	1,003	235	55	11	2	-	1
2019.10	송파구	거여2동	7,207	2,507	1,790	1,414	1,150	262	62	17	2	1	2
2019.10	송파구	마천1동	9,078	3,523	2,129	1,543	1,350	425	80	23	3	2	-
2019.10	송파구	마천2동	8,651	3,137	2,099	1,627	1,333	332	96	18	7	1	1
2019.10	송파구	방이1동	6,229	1,806	1,195	1,325	1,465	337	74	18	7	1	1
2019.10	송파구	방이2동	13,467	7,197	2,687	1,822	1,356	319	66	14	5	-	1
2019.10	송파구	오륜동	5,969	661	1,057	1,593	2,089	455	78	26	6	2	2
2019.10	송파구	오금동	15,753	4,255	3,574	3,610	3,322	770	174	39	8	1	-
2019.10	송파구	송파1동	12,411	5,832	2,677	1,885	1,512	373	88	34	6	3	1
2019.10	송파구	송파2동	7,362	1,577	1,532	1,750	1,923	451	94	19	11	4	1
2019.10	송파구	석촌동	16,902	8,454	3,520	2,458	1,882	432	125	17	8	5	1
2019.10	송파구	삼전동	16,312	8,217	3,290	2,371	1,892	426	85	22	5	1	3
2019.10	송파구	가락본동	11,885	4,521	2,482	2,233	2,023	507	91	23	3	-	2
2019.10	송파구	가락1동	9,732	1,664	2,459	2,521	2,487	460	110	21	6	2	2
2019.10	송파구	가락2동	12,284	2,898	2,462	2,950	3,142	628	151	40	12	1	-
2019.10	송파구	문정1동	8,533	2,772	1,856	1,731	1,665	393	82	20	12	1	1
2019.10	송파구	문정2동	15,453	8,420	2,787	1,939	1,785	373	106	23	14	3	3
2019.10	송파구	장지동	13,240	3,697	3,159	2,930	2,653	628	130	30	12	1	-
2019.10	송파구	위례동	8,998	1,033	1,785	2,305	2,907	766	167	23	10	2	-
2019.10	송파구	잠실본동	15,070	8,039	2,924	2,011	1,597	361	111	18	8	-	1
2019.10	송파구	잠실4동	7,520	1,223	1,435	2,055	2,241	431	97	22	9	6	1
2019.10	송파구	잠실6동	5,945	953	1,341	1,597	1,549	379	88	30	4	2	2
2019.10	송파구	잠실7동	3,475	510	817	891	979	217	43	13	4	1	-
2019.10	송파구	잠실2동	11,973	1,843	1,859	3,081	4,305	711	138	27	7	2	-
2019.10	송파구	잠실3동	12,217	1,916	2,557	3,236	3,612	710	134	34	10	4	4
2019.10	강동구	소계	180,965	64,007	39,569	35,161	32,417	7,637	1,594	419	110	26	25
2019.10	강동구	강일동	11,160	2,245	2,586	2,224	2,840	1,025	197	30	10	2	1
2019.10	강동구	상일동	4,109	1,134	892	920	884	211	43	19	4	-	2
2019.10	강동구	명일1동	9,801	2,277	2,221	2,351	2,336	479	101	20	12	3	1
2019.10	강동구	명일2동	5,977	1,117	1,071	1,338	1,909	421	80	28	10	1	2
2019.10	강동구	고덕1동	9,086	1,598	1,588	2,301	2,873	581	106	27	7	-	5
2019.10	강동구	고덕2동	5,457	1,785	1,243	1,148	1,027	205	33	10	4	-	2
2019.10	강동구	암사2동	5,875	1,833	1,377	1,260	1,127	214	48	9	2	4	1
2019.10	강동구	암사3동	6,349	1,072	1,364	1,619	1,729	419	96	29	13	4	4
2019.10	강동구	천호1동	12,813	5,195	2,942	2,375	1,762	427	80	22	7	2	1
2019.10	강동구	천호3동	13,760	6,619	2,946	2,184	1,547	353	84	26	-	-	1
2019.10	강동구	성내1동	8,134	2,385	1,838	1,811	1,620	383	73	21	1	-	2
2019.10	강동구	성내2동	12,454	6,188	2,715	1,914	1,236	309	70	13	7	2	-
2019.10	강동구	성내3동	10,259	3,827	2,298	1,927	1,721	395	67	18	4	1	1
2019.10	강동구	둔촌1동	166	116	20	12	14	2	2	-	-	-	-
2019.10	강동구	둔촌2동	11,228	3,581	2,482	2,317	2,245	475	96	28	2	1	1
2019.10	강동구	암사1동	16,155	6,181	3,723	3,070	2,471	552	113	34	11	-	-
2019.10	강동구	천호2동	17,585	8,510	3,875	2,701	1,931	427	107	28	5	1	-
2019.10	강동구	길동	20,597	8,344	4,388	3,689	3,145	759	198	57	11	5	1
2019.11	합계	합계	4,322,454	1,748,915	915,659	765,959	681,789	161,064	36,008	9,105	2,564	795	596
2019.11	종로구	소계	73,951	36,641	14,140	10,858	8,929	2,515	596	184	52	24	12
2019.11	종로구	사직동	4,586	2,246	899	690	518	171	30	23	5	2	2
2019.11	종로구	삼청동	1,392	743	257	176	145	48	15	6	2	-	-
2019.11	종로구	부암동	4,286	1,622	951	734	713	183	53	20	6	2	2
2019.11	종로구	평창동	7,525	2,429	1,701	1,482	1,365	421	82	27	11	7	-
2019.11	종로구	무악동	3,185	745	697	739	764	185	39	11	1	2	2
2019.11	종로구	교남동	4,583	1,634	1,103	910	741	149	31	9	5	1	-
2019.11	종로구	가회동	2,062	929	440	346	242	68	30	5	1	-	1
2019.11	종로구	종로1.2.3.4가동	5,229	4,155	509	288	203	54	14	4	2	-	-
2019.11	종로구	종로5·6가동	3,323	2,258	505	299	189	55	12	3	1	1	-
2019.11	종로구	이화동	4,467	2,692	795	493	351	103	23	8	1	1	-
2019.11	종로구	창신1동	2,936	1,716	575	332	211	81	16	5	-	-	-
2019.11	종로구	창신2동	4,112	1,909	884	650	469	152	35	10	2	1	-
2019.11	종로구	창신3동	2,910	925	666	647	468	165	34	1	4	-	-
2019.11	종로구	숭인1동	2,960	1,346	650	473	356	101	25	7	1	-	1
2019.11	종로구	숭인2동	5,740	3,767	904	551	394	97	20	5	2	-	-
2019.11	종로구	청운효자동	5,360	1,951	1,163	984	922	244	65	22	4	5	-
2019.11	종로구	혜화동	9,295	5,574	1,441	1,064	878	238	72	18	4	2	4
2019.11	중구	소계	62,633	30,936	13,126	9,165	7,037	1,743	444	121	25	14	22
2019.11	중구	소공동	1,098	618	205	151	97	18	6	1	-	-	2
2019.11	중구	회현동	3,162	2,112	444	289	225	68	13	9	2	-	-
2019.11	중구	명동	1,495	1,027	207	142	76	26	8	5	1	-	3
2019.11	중구	필동	2,291	1,407	428	221	167	51	11	4	1	-	1
2019.11	중구	장충동	2,692	1,691	441	244	219	72	18	2	2	-	3
2019.11	중구	광희동	2,952	1,900	508	287	185	47	18	5	1	-	1
2019.11	중구	을지로동	1,338	1,064	153	69	38	11	3	-	-	-	-
2019.11	중구	신당5동	5,272	2,610	1,115	768	582	142	40	11	2	2	-
2019.11	중구	황학동	6,813	3,693	1,442	899	585	150	34	7	-	1	2
2019.11	중구	중림동	5,830	2,484	1,254	1,049	804	174	47	14	4	-	-
2019.11	중구	신당동	4,404	2,719	817	438	331	68	24	4	2	1	-
2019.11	중구	다산동	6,947	3,122	1,624	1,058	885	189	45	16	3	2	3
2019.11	중구	약수동	7,794	2,854	2,017	1,535	1,041	257	67	15	3	2	3
2019.11	중구	청구동	6,391	2,488	1,519	1,143	940	238	48	8	1	4	2
2019.11	중구	동화동	4,154	1,147	952	872	862	232	62	20	3	2	2
2019.11	용산구	소계	109,964	52,069	22,652	16,896	13,593	3,517	878	232	73	30	24
2019.11	용산구	후암동	8,568	4,044	1,762	1,370	995	294	73	17	4	5	4
2019.11	용산구	용산2가동	5,422	2,774	1,201	767	512	130	25	9	3	-	1
2019.11	용산구	남영동	5,420	4,181	602	298	248	66	13	8	1	1	2
2019.11	용산구	원효로2동	5,996	2,065	1,303	1,179	1,067	277	75	16	10	2	2
2019.11	용산구	효창동	4,260	1,482	991	802	721	191	58	12	2	1	-
2019.11	용산구	용문동	5,353	1,922	1,272	1,032	846	215	50	10	3	2	1
2019.11	용산구	이촌1동	10,261	2,198	2,284	2,611	2,422	548	136	42	13	6	1
2019.11	용산구	이촌2동	3,860	1,313	1,048	770	533	141	33	13	9	-	-
2019.11	용산구	이태원1동	3,772	2,177	708	446	321	79	31	9	-	-	1
2019.11	용산구	이태원2동	4,884	2,604	1,013	641	453	120	41	8	3	1	-
2019.11	용산구	서빙고동	5,273	1,714	1,110	952	1,072	335	70	18	1	-	1
2019.11	용산구	보광동	7,618	4,021	1,679	995	697	177	37	8	2	2	-
2019.11	용산구	청파동	10,727	6,253	1,959	1,200	954	268	68	17	3	1	4
2019.11	용산구	원효로1동	7,810	3,721	1,659	1,210	935	226	44	6	5	2	2
2019.11	용산구	한강로동	9,703	5,477	1,821	1,235	892	196	57	16	6	2	1
2019.11	용산구	한남동	11,037	6,123	2,240	1,388	925	254	67	23	8	5	4
2019.11	성동구	소계	136,000	55,564	29,575	24,756	20,069	4,551	1,090	284	75	21	15
2019.11	성동구	왕십리2동	7,604	2,924	1,690	1,431	1,184	269	86	14	2	3	1
2019.11	성동구	마장동	10,875	4,835	2,297	1,765	1,482	366	88	27	8	2	5
2019.11	성동구	사근동	7,440	5,270	955	563	476	139	25	9	2	1	-
2019.11	성동구	행당1동	7,293	3,048	1,534	1,326	1,074	234	51	19	6	-	1
2019.11	성동구	행당2동	9,458	2,357	2,349	2,198	2,013	404	101	25	8	1	2
2019.11	성동구	응봉동	6,177	1,623	1,401	1,416	1,329	312	73	15	6	1	1
2019.11	성동구	금호1가동	6,622	2,120	1,620	1,454	1,097	256	59	14	2	-	-
2019.11	성동구	금호4가동	6,448	2,149	1,575	1,480	975	208	41	16	3	-	1
2019.11	성동구	성수1가1동	7,591	3,103	1,659	1,307	1,206	244	54	11	4	1	2
2019.11	성동구	성수1가2동	6,838	3,091	1,426	1,137	901	218	47	12	5	1	-
2019.11	성동구	성수2가1동	8,517	4,143	1,780	1,302	1,003	220	58	7	4	-	-
2019.11	성동구	성수2가3동	5,676	2,906	1,080	792	655	179	50	14	-	-	-
2019.11	성동구	송정동	5,519	2,752	1,129	821	623	154	33	5	-	2	-
2019.11	성동구	용답동	6,826	4,024	1,210	782	612	145	38	13	-	1	1
2019.11	성동구	왕십리도선동	11,788	4,423	2,491	2,315	1,996	431	97	25	8	2	-
2019.11	성동구	금호2.3가동	10,327	3,571	2,549	2,134	1,604	343	88	26	8	3	1
2019.11	성동구	옥수동	11,001	3,225	2,830	2,533	1,839	429	101	32	9	3	-
2019.11	광진구	소계	164,258	73,722	33,333	26,737	23,559	5,256	1,190	320	98	27	16
2019.11	광진구	화양동	16,065	12,605	1,991	729	588	108	33	9	1	-	1
2019.11	광진구	군자동	10,690	5,962	2,012	1,375	1,026	234	55	18	5	2	1
2019.11	광진구	중곡1동	8,030	3,897	1,825	1,219	839	186	43	13	6	2	-
2019.11	광진구	중곡2동	10,465	4,563	2,347	1,776	1,363	314	79	14	7	2	-
2019.11	광진구	중곡3동	8,476	3,997	1,917	1,314	945	244	47	9	2	1	-
2019.11	광진구	중곡4동	13,196	4,934	3,091	2,557	1,993	465	112	29	10	3	2
2019.11	광진구	능동	6,287	3,531	1,284	736	525	146	51	10	2	2	-
2019.11	광진구	구의1동	11,807	6,326	2,402	1,574	1,131	288	67	16	2	-	1
2019.11	광진구	구의2동	11,655	4,158	2,610	2,263	1,997	474	104	35	7	4	3
2019.11	광진구	구의3동	12,161	4,037	2,544	2,488	2,411	542	97	28	11	2	1
2019.11	광진구	광장동	12,014	2,181	1,939	2,998	3,952	718	165	38	19	3	1
2019.11	광진구	자양1동	11,492	5,630	2,455	1,674	1,330	310	66	20	3	2	2
2019.11	광진구	자양2동	11,250	3,999	2,509	2,227	1,925	451	98	33	5	1	2
2019.11	광진구	자양3동	11,031	2,872	2,413	2,449	2,590	530	127	31	15	2	2
2019.11	광진구	자양4동	9,639	5,030	1,994	1,358	944	246	46	17	3	1	-
2019.11	동대문구	소계	163,900	75,409	33,297	26,145	21,873	5,434	1,300	334	69	26	13
2019.11	동대문구	회기동	6,043	3,911	876	589	488	140	28	7	3	1	-
2019.11	동대문구	휘경1동	7,574	4,082	1,369	1,008	842	204	52	14	-	2	1
2019.11	동대문구	휘경2동	11,539	5,494	2,099	1,788	1,628	407	86	30	4	2	1
2019.11	동대문구	청량리동	10,440	4,976	2,324	1,548	1,170	325	83	12	1	-	1
2019.11	동대문구	용신동	17,157	10,200	3,101	1,914	1,462	363	90	22	5	-	-
2019.11	동대문구	제기동	12,988	6,936	2,574	1,703	1,277	368	103	22	1	3	1
2019.11	동대문구	전농1동	15,011	7,294	2,981	2,369	1,801	440	87	24	9	2	4
2019.11	동대문구	전농2동	7,737	2,223	1,836	1,713	1,454	385	93	27	5	-	1
2019.11	동대문구	답십리1동	12,699	4,868	2,612	2,442	2,101	508	125	34	5	3	1
2019.11	동대문구	답십리2동	12,781	4,398	3,117	2,483	2,154	491	104	26	7	1	-
2019.11	동대문구	장안1동	17,558	7,347	3,825	3,055	2,514	626	144	36	8	3	-
2019.11	동대문구	장안2동	13,416	4,570	2,947	2,759	2,406	549	145	32	5	2	1
2019.11	동대문구	이문1동	10,519	6,321	1,724	1,137	1,003	247	63	15	5	2	2
2019.11	동대문구	이문2동	8,438	2,789	1,912	1,637	1,573	381	97	33	11	5	-
2019.11	중랑구	소계	181,400	74,675	41,456	31,861	25,538	6,201	1,229	326	82	17	15
2019.11	중랑구	면목2동	12,246	5,486	2,743	1,964	1,583	369	80	14	7	-	-
2019.11	중랑구	면목4동	9,263	3,926	2,147	1,621	1,210	283	57	15	4	-	-
2019.11	중랑구	면목5동	4,563	1,924	1,084	787	600	134	25	7	2	-	-
2019.11	중랑구	면목7동	9,986	4,230	2,332	1,703	1,327	305	65	19	4	1	-
2019.11	중랑구	상봉1동	10,242	3,101	2,364	2,218	2,055	403	74	22	4	1	-
2019.11	중랑구	상봉2동	10,978	6,377	2,216	1,290	854	171	50	9	8	2	1
2019.11	중랑구	중화1동	8,992	3,190	2,209	1,817	1,349	342	53	21	7	2	2
2019.11	중랑구	중화2동	14,183	7,326	3,165	1,965	1,314	328	61	18	3	1	2
2019.11	중랑구	묵1동	14,602	4,677	3,286	3,069	2,705	658	152	41	10	2	2
2019.11	중랑구	묵2동	9,171	3,877	2,113	1,625	1,171	308	58	14	1	2	2
2019.11	중랑구	망우3동	8,450	3,696	2,022	1,432	999	235	55	6	2	3	-
2019.11	중랑구	신내1동	14,812	3,491	3,402	3,181	3,408	1,064	194	58	13	-	1
2019.11	중랑구	신내2동	9,055	2,788	2,270	1,965	1,608	335	67	13	7	1	1
2019.11	중랑구	면목본동	17,629	8,398	3,958	2,735	1,972	456	80	24	2	1	3
2019.11	중랑구	면목3.8동	12,571	5,564	2,913	2,109	1,528	359	71	24	3	-	-
2019.11	중랑구	망우본동	14,657	6,624	3,232	2,380	1,855	451	87	21	5	1	1
2019.11	성북구	소계	192,535	74,599	40,894	35,468	31,626	7,584	1,740	450	103	32	39
2019.11	성북구	돈암1동	6,272	1,759	1,568	1,337	1,220	292	74	19	-	2	1
2019.11	성북구	돈암2동	8,610	1,622	1,776	2,215	2,245	569	124	38	16	1	4
2019.11	성북구	안암동	9,179	5,933	1,437	897	717	145	39	7	2	-	2
2019.11	성북구	보문동	7,947	3,793	1,601	1,261	1,003	236	38	11	2	-	2
2019.11	성북구	정릉1동	7,451	2,190	1,644	1,667	1,473	345	94	32	3	1	2
2019.11	성북구	정릉2동	9,639	3,053	2,305	1,987	1,751	400	106	28	3	4	2
2019.11	성북구	정릉3동	7,738	4,000	1,517	1,073	850	233	48	12	1	1	3
2019.11	성북구	정릉4동	10,977	3,643	2,603	2,227	1,888	466	105	31	10	2	2
2019.11	성북구	길음1동	12,810	2,514	2,441	3,187	3,709	735	176	30	10	2	6
2019.11	성북구	길음2동	6,808	2,308	1,455	1,410	1,268	297	54	16	-	-	-
2019.11	성북구	월곡1동	10,835	3,219	2,448	2,281	2,201	523	123	29	9	2	-
2019.11	성북구	월곡2동	9,205	4,086	1,881	1,492	1,309	331	78	15	8	3	2
2019.11	성북구	장위1동	8,991	3,396	2,139	1,662	1,345	337	81	26	3	1	1
2019.11	성북구	장위2동	6,270	2,497	1,541	1,111	822	226	53	14	4	2	-
2019.11	성북구	장위3동	6,950	2,256	1,485	1,499	1,354	287	55	10	3	1	-
2019.11	성북구	성북동	8,046	3,718	1,746	1,208	951	297	86	28	5	1	6
2019.11	성북구	삼선동	12,506	6,074	2,499	1,772	1,627	410	95	19	7	3	-
2019.11	성북구	동선동	9,069	5,741	1,474	961	655	185	38	9	4	1	1
2019.11	성북구	종암동	17,092	6,362	3,546	3,228	2,993	746	161	44	4	4	4
2019.11	성북구	석관동	16,140	6,435	3,788	2,993	2,245	524	112	32	9	1	1
2019.11	강북구	소계	144,155	59,517	33,650	25,247	19,412	4,899	1,084	218	85	21	22
2019.11	강북구	번1동	10,242	5,438	2,153	1,445	927	214	57	3	5	-	-
2019.11	강북구	번2동	7,630	2,764	2,065	1,501	973	248	64	11	3	-	1
2019.11	강북구	번3동	7,594	2,269	2,147	1,548	1,219	317	75	16	2	1	-
2019.11	강북구	수유1동	10,365	4,689	2,341	1,689	1,229	319	70	15	8	1	4
2019.11	강북구	수유2동	9,588	3,478	2,473	1,792	1,361	371	84	22	4	1	2
2019.11	강북구	수유3동	12,659	6,819	2,572	1,796	1,125	273	53	13	4	2	2
2019.11	강북구	삼양동	11,498	4,598	2,735	2,039	1,587	422	81	19	11	4	2
2019.11	강북구	미아동	11,375	5,718	2,423	1,646	1,204	305	62	8	7	1	1
2019.11	강북구	송중동	13,745	5,786	3,038	2,430	1,867	488	98	27	6	2	3
2019.11	강북구	송천동	13,688	6,220	3,156	2,197	1,633	390	72	12	7	1	-
2019.11	강북구	삼각산동	11,756	2,551	2,475	2,736	3,126	681	140	31	14	2	-
2019.11	강북구	우이동	9,474	3,560	2,455	1,745	1,239	354	91	14	6	5	5
2019.11	강북구	인수동	14,541	5,627	3,617	2,683	1,922	517	137	27	8	1	2
2019.11	도봉구	소계	138,479	44,860	33,452	28,513	24,151	5,755	1,286	323	89	39	11
2019.11	도봉구	쌍문1동	9,327	3,148	2,304	1,877	1,454	412	102	20	7	2	1
2019.11	도봉구	쌍문2동	8,638	3,027	2,221	1,693	1,281	318	75	17	3	1	2
2019.11	도봉구	쌍문3동	7,814	3,130	1,904	1,390	1,061	262	48	16	1	1	1
2019.11	도봉구	쌍문4동	7,167	1,519	1,582	1,752	1,842	382	71	14	2	3	-
2019.11	도봉구	방학1동	12,838	4,683	2,993	2,375	2,076	543	124	32	7	3	2
2019.11	도봉구	방학2동	9,559	3,781	2,349	1,760	1,252	312	81	19	4	1	-
2019.11	도봉구	방학3동	10,081	1,789	2,405	2,515	2,563	607	149	36	12	5	-
2019.11	도봉구	창1동	10,931	3,603	2,558	2,294	1,976	382	87	24	4	2	1
2019.11	도봉구	창2동	12,365	3,762	3,054	2,721	2,135	524	117	35	11	6	-
2019.11	도봉구	창3동	6,673	2,607	1,660	1,201	916	229	46	12	2	-	-
2019.11	도봉구	창4동	10,576	2,795	2,326	2,345	2,428	536	105	24	14	3	-
2019.11	도봉구	창5동	10,077	2,816	2,338	2,266	2,073	447	98	25	8	5	1
2019.11	도봉구	도봉1동	10,280	4,137	2,691	1,795	1,212	347	60	24	7	4	3
2019.11	도봉구	도봉2동	12,153	4,063	3,067	2,529	1,882	454	123	25	7	3	-
2019.11	노원구	소계	216,861	69,304	48,491	44,277	43,152	9,236	1,822	396	121	41	21
2019.11	노원구	월계1동	10,491	4,369	2,210	1,802	1,595	425	72	15	1	1	1
2019.11	노원구	월계2동	11,423	3,975	2,956	2,190	1,763	420	95	17	4	2	1
2019.11	노원구	월계3동	12,947	3,777	3,519	2,794	2,219	482	121	24	8	2	1
2019.11	노원구	공릉2동	16,327	5,496	3,118	3,264	3,494	742	152	39	12	9	1
2019.11	노원구	하계1동	12,315	4,776	2,384	2,170	2,363	502	79	21	14	1	5
2019.11	노원구	하계2동	8,279	1,642	1,779	1,981	2,316	459	84	13	3	2	-
2019.11	노원구	중계본동	8,921	2,034	1,406	1,915	2,731	671	126	28	7	2	1
2019.11	노원구	중계1동	9,114	1,405	1,341	2,344	3,321	594	78	19	11	1	-
2019.11	노원구	중계4동	8,473	2,536	1,976	1,675	1,792	388	81	19	3	2	1
2019.11	노원구	상계1동	15,529	4,352	3,624	3,342	3,170	821	167	34	12	3	4
2019.11	노원구	상계2동	8,767	3,196	1,707	1,639	1,741	359	101	19	3	1	1
2019.11	노원구	상계5동	10,955	3,892	2,608	2,182	1,741	416	86	17	9	4	-
2019.11	노원구	상계8동	9,241	2,227	2,266	2,329	2,001	352	50	12	4	-	-
2019.11	노원구	상계9동	8,466	2,060	2,117	2,048	1,847	322	56	12	1	3	-
2019.11	노원구	상계10동	6,589	1,725	1,736	1,502	1,357	206	44	12	4	3	-
2019.11	노원구	상계3.4동	11,545	4,546	2,812	1,972	1,632	430	114	27	10	2	-
2019.11	노원구	상계6.7동	13,975	4,215	3,275	3,032	2,817	526	82	21	3	1	3
2019.11	노원구	중계2.3동	15,383	4,867	3,971	3,151	2,711	563	96	18	3	1	2
2019.11	노원구	공릉1동	18,121	8,214	3,686	2,945	2,541	558	138	29	9	1	-
2019.11	은평구	소계	207,454	76,604	48,020	39,266	32,639	8,290	1,975	469	122	39	30
2019.11	은평구	녹번동	17,086	6,609	4,172	3,193	2,365	585	111	37	10	2	2
2019.11	은평구	불광1동	17,910	6,598	4,297	3,528	2,676	603	154	44	7	3	-
2019.11	은평구	갈현1동	11,232	4,628	2,640	1,987	1,504	363	80	21	7	2	-
2019.11	은평구	갈현2동	12,592	4,239	3,040	2,588	2,081	478	132	22	7	3	2
2019.11	은평구	구산동	13,146	4,071	3,171	2,720	2,354	632	140	35	14	1	8
2019.11	은평구	대조동	13,836	6,743	3,000	2,131	1,471	362	103	20	3	2	1
2019.11	은평구	응암1동	11,404	4,783	2,487	1,956	1,645	399	102	14	6	5	7
2019.11	은평구	응암2동	9,921	2,814	2,329	2,288	1,916	439	91	29	10	3	2
2019.11	은평구	신사1동	11,713	3,721	2,887	2,480	1,982	484	117	31	8	3	-
2019.11	은평구	신사2동	9,217	3,209	2,142	1,830	1,532	379	97	22	4	1	1
2019.11	은평구	증산동	6,911	2,455	1,716	1,263	1,097	303	55	19	3	-	-
2019.11	은평구	수색동	3,850	1,386	934	733	586	161	42	7	1	-	-
2019.11	은평구	진관동	21,535	6,140	4,131	4,247	5,029	1,510	379	72	17	6	4
2019.11	은평구	불광2동	13,802	5,919	3,297	2,351	1,674	435	93	23	7	2	1
2019.11	은평구	응암3동	12,577	5,843	2,901	1,929	1,440	340	90	24	7	1	2
2019.11	은평구	역촌동	20,722	7,446	4,876	4,042	3,287	817	189	49	11	5	-
2019.11	서대문구	소계	139,990	58,848	29,637	24,123	20,760	5,009	1,176	314	87	21	15
2019.11	서대문구	천연동	8,195	3,315	1,752	1,476	1,281	286	57	18	5	2	3
2019.11	서대문구	홍제1동	10,329	3,458	2,467	2,080	1,741	444	95	30	8	3	3
2019.11	서대문구	홍제3동	7,114	2,633	1,670	1,351	1,117	269	58	8	8	-	-
2019.11	서대문구	홍제2동	5,835	1,749	1,397	1,264	1,107	247	50	15	4	1	1
2019.11	서대문구	홍은1동	9,232	3,085	2,140	1,816	1,638	416	106	26	4	-	1
2019.11	서대문구	홍은2동	12,172	4,745	2,778	2,190	1,818	459	121	46	13	2	-
2019.11	서대문구	남가좌1동	6,088	1,473	1,214	1,484	1,478	341	72	21	3	1	1
2019.11	서대문구	남가좌2동	11,220	4,597	2,442	1,946	1,742	371	93	22	6	1	-
2019.11	서대문구	북가좌1동	7,017	1,617	1,648	1,636	1,594	399	90	21	9	1	2
2019.11	서대문구	북가좌2동	14,748	5,562	3,502	2,758	2,212	545	126	37	6	-	-
2019.11	서대문구	충현동	8,820	4,450	1,740	1,232	1,047	261	65	20	3	1	1
2019.11	서대문구	북아현동	7,498	2,817	1,680	1,483	1,211	244	47	11	3	2	-
2019.11	서대문구	신촌동	12,389	9,220	1,511	809	634	150	44	12	4	2	3
2019.11	서대문구	연희동	19,333	10,127	3,696	2,598	2,140	577	152	27	11	5	-
2019.11	마포구	소계	174,795	78,439	35,864	28,532	24,531	5,718	1,231	319	104	27	30
2019.11	마포구	용강동	9,144	3,184	1,962	1,861	1,664	360	83	22	5	3	-
2019.11	마포구	대흥동	7,144	4,803	1,114	597	489	108	24	5	1	-	3
2019.11	마포구	염리동	5,733	2,466	1,182	996	845	186	37	15	4	-	2
2019.11	마포구	신수동	10,050	3,823	2,110	1,948	1,690	363	83	22	9	2	-
2019.11	마포구	서교동	14,056	8,765	2,389	1,471	1,071	274	60	18	3	4	1
2019.11	마포구	합정동	9,585	4,992	2,140	1,256	908	208	52	15	7	1	6
2019.11	마포구	망원1동	10,666	5,079	2,433	1,510	1,264	304	57	14	3	-	2
2019.11	마포구	망원2동	8,339	3,117	1,941	1,480	1,395	318	67	14	6	-	1
2019.11	마포구	연남동	8,687	4,930	1,683	1,059	740	212	43	11	5	1	3
2019.11	마포구	성산1동	9,339	4,192	2,053	1,491	1,163	335	69	22	8	4	2
2019.11	마포구	성산2동	18,830	8,076	3,851	3,222	2,848	658	131	26	15	2	1
2019.11	마포구	상암동	12,760	4,245	2,462	2,455	2,659	731	153	37	11	4	3
2019.11	마포구	도화동	9,595	3,619	2,048	1,804	1,611	387	94	22	6	2	2
2019.11	마포구	서강동	11,690	5,247	2,270	1,930	1,754	390	65	24	7	1	2
2019.11	마포구	공덕동	18,968	8,683	3,979	3,089	2,512	530	134	28	11	2	-
2019.11	마포구	아현동	10,209	3,218	2,247	2,363	1,918	354	79	24	3	1	2
2019.11	양천구	소계	177,212	50,522	37,525	38,271	39,663	8,754	1,851	425	139	32	30
2019.11	양천구	목1동	10,490	1,606	1,722	2,894	3,427	656	128	42	12	1	2
2019.11	양천구	목2동	13,079	4,606	2,867	2,574	2,311	556	124	26	7	4	4
2019.11	양천구	목3동	9,949	3,590	2,387	1,959	1,566	318	91	27	7	3	1
2019.11	양천구	목4동	10,128	2,933	1,905	2,078	2,509	542	126	22	11	1	1
2019.11	양천구	신월1동	10,125	4,355	2,322	1,792	1,260	307	68	17	3	1	-
2019.11	양천구	신월2동	8,568	2,386	2,016	1,892	1,664	458	105	34	9	1	3
2019.11	양천구	신월3동	8,139	3,926	1,778	1,228	867	260	62	14	1	-	3
2019.11	양천구	신월4동	6,888	1,492	1,604	1,642	1,596	413	111	23	5	2	-
2019.11	양천구	신월5동	6,430	2,172	1,485	1,296	1,103	279	71	19	-	4	1
2019.11	양천구	신월6동	2,496	644	571	546	559	136	32	7	-	1	-
2019.11	양천구	신월7동	9,250	2,985	2,583	1,869	1,424	296	73	12	7	-	1
2019.11	양천구	신정1동	7,251	1,398	1,227	1,680	2,344	493	83	15	8	-	3
2019.11	양천구	신정2동	7,169	1,585	1,267	1,554	2,196	470	78	12	3	3	1
2019.11	양천구	신정3동	17,936	4,494	4,121	3,892	4,059	1,108	199	43	16	2	2
2019.11	양천구	신정6동	8,163	1,023	1,445	2,271	2,765	523	106	17	10	1	2
2019.11	양천구	신정7동	11,630	2,965	2,587	2,632	2,790	521	99	23	13	-	-
2019.11	양천구	목5동	13,534	1,650	2,054	3,655	5,073	866	166	44	17	6	3
2019.11	양천구	신정4동	15,987	6,712	3,584	2,817	2,150	552	129	28	10	2	3
2019.11	강서구	소계	262,442	103,405	58,065	47,649	40,758	9,785	2,057	535	123	43	22
2019.11	강서구	염창동	15,686	3,864	3,056	3,800	4,007	786	122	44	5	2	-
2019.11	강서구	등촌1동	12,084	6,413	2,253	1,664	1,385	281	60	22	4	2	-
2019.11	강서구	등촌2동	8,682	2,617	1,993	1,867	1,661	401	106	26	8	3	-
2019.11	강서구	등촌3동	14,766	5,637	3,913	2,641	2,033	422	88	26	4	1	1
2019.11	강서구	화곡본동	16,511	7,052	3,714	2,875	2,177	538	104	35	11	3	2
2019.11	강서구	화곡2동	8,246	2,843	2,053	1,680	1,224	356	65	14	7	3	1
2019.11	강서구	화곡3동	9,451	3,267	2,156	1,902	1,581	407	113	17	3	3	2
2019.11	강서구	화곡4동	9,636	3,569	2,412	1,893	1,334	324	76	23	5	-	-
2019.11	강서구	화곡6동	11,606	5,181	2,428	1,919	1,577	381	92	19	4	2	3
2019.11	강서구	화곡8동	11,678	4,328	3,091	2,148	1,619	388	75	25	1	2	1
2019.11	강서구	가양1동	19,078	12,002	2,567	2,109	1,826	456	88	26	2	1	1
2019.11	강서구	가양2동	8,082	4,038	2,149	1,116	589	130	42	12	4	1	1
2019.11	강서구	가양3동	7,928	3,237	2,388	1,397	682	188	26	9	1	-	-
2019.11	강서구	발산1동	13,534	2,761	2,915	3,091	3,637	920	157	37	9	5	2
2019.11	강서구	공항동	12,718	5,588	2,681	2,095	1,787	459	85	22	1	-	-
2019.11	강서구	방화1동	17,438	4,922	3,774	3,659	3,786	1,016	216	49	9	6	1
2019.11	강서구	방화2동	11,584	5,468	2,535	1,774	1,312	368	94	26	5	-	2
2019.11	강서구	방화3동	11,256	4,548	2,853	1,987	1,366	373	103	14	10	2	-
2019.11	강서구	화곡1동	26,394	12,302	6,047	4,320	2,813	689	157	48	11	3	4
2019.11	강서구	우장산동	16,084	3,768	3,087	3,712	4,362	902	188	41	19	4	1
2019.11	구로구	소계	176,437	65,937	40,116	32,764	28,567	6,974	1,565	353	107	38	16
2019.11	구로구	신도림동	13,408	2,950	2,901	3,278	3,373	687	163	36	13	6	1
2019.11	구로구	구로1동	8,250	2,174	1,810	1,847	1,939	392	64	15	7	2	-
2019.11	구로구	구로3동	13,129	7,578	2,215	1,618	1,291	319	76	25	4	3	-
2019.11	구로구	구로4동	10,545	4,991	2,526	1,622	1,084	246	56	10	7	2	1
2019.11	구로구	구로5동	14,489	6,936	2,888	2,227	1,862	425	113	29	7	1	1
2019.11	구로구	고척1동	9,542	2,942	2,212	1,917	1,939	409	96	17	7	3	-
2019.11	구로구	고척2동	11,647	3,730	2,761	2,336	2,168	508	122	18	3	1	-
2019.11	구로구	개봉2동	12,568	3,123	3,202	2,940	2,470	619	166	34	9	4	1
2019.11	구로구	개봉3동	8,838	2,618	2,330	1,891	1,538	367	74	11	7	2	-
2019.11	구로구	오류1동	11,254	5,513	2,426	1,673	1,227	324	69	10	8	-	4
2019.11	구로구	오류2동	20,372	5,669	4,948	4,220	4,073	1,158	225	54	15	6	4
2019.11	구로구	수궁동	9,865	2,831	2,529	2,144	1,724	499	111	20	4	3	-
2019.11	구로구	가리봉동	5,823	3,909	984	500	316	87	18	6	2	-	1
2019.11	구로구	구로2동	12,760	6,162	2,967	1,862	1,298	345	83	30	9	3	1
2019.11	구로구	개봉1동	13,947	4,811	3,417	2,689	2,265	589	129	38	5	2	2
2019.11	금천구	소계	110,339	49,815	23,901	17,586	14,340	3,577	847	194	50	15	14
2019.11	금천구	가산동	13,774	9,891	1,776	1,115	756	172	56	5	2	1	-
2019.11	금천구	독산1동	19,834	9,589	3,850	2,989	2,582	630	147	34	6	2	5
2019.11	금천구	독산2동	9,258	4,028	2,160	1,597	1,130	269	59	11	3	-	1
2019.11	금천구	독산3동	12,371	5,739	2,843	1,924	1,422	345	72	18	4	4	-
2019.11	금천구	독산4동	7,638	3,377	1,770	1,231	931	252	57	15	3	1	1
2019.11	금천구	시흥1동	15,878	6,707	3,607	2,654	2,222	550	89	37	8	2	2
2019.11	금천구	시흥2동	8,430	2,056	2,039	1,832	1,850	465	144	31	8	2	3
2019.11	금천구	시흥3동	4,745	1,477	1,274	946	776	212	50	5	5	-	-
2019.11	금천구	시흥4동	9,088	3,138	2,238	1,751	1,472	366	90	20	9	3	1
2019.11	금천구	시흥5동	9,323	3,813	2,344	1,547	1,199	316	83	18	2	-	1
2019.11	영등포구	소계	174,494	80,736	34,873	28,047	23,693	5,474	1,215	321	79	25	31
2019.11	영등포구	여의동	13,528	4,057	2,931	2,983	2,730	609	155	39	13	6	5
2019.11	영등포구	당산1동	10,607	5,383	2,153	1,538	1,160	272	77	15	5	1	3
2019.11	영등포구	당산2동	17,350	8,661	2,939	2,660	2,406	511	120	35	15	2	1
2019.11	영등포구	양평1동	8,989	4,406	1,936	1,357	999	219	49	16	4	3	-
2019.11	영등포구	양평2동	10,101	4,136	2,088	1,800	1,648	331	78	14	4	-	2
2019.11	영등포구	신길1동	10,117	6,146	1,789	1,132	790	205	37	13	3	1	1
2019.11	영등포구	신길3동	7,602	2,941	1,637	1,456	1,197	308	46	11	4	2	-
2019.11	영등포구	신길4동	4,306	1,927	955	727	526	140	26	4	1	-	-
2019.11	영등포구	신길5동	4,123	1,768	943	661	559	144	36	9	-	1	2
2019.11	영등포구	신길6동	8,443	3,688	1,817	1,419	1,154	274	63	19	3	-	6
2019.11	영등포구	신길7동	6,520	1,929	1,327	1,377	1,455	342	67	17	3	2	1
2019.11	영등포구	대림1동	6,355	3,015	1,432	929	767	162	37	11	1	-	1
2019.11	영등포구	대림2동	6,858	3,687	1,542	849	570	156	41	9	3	1	-
2019.11	영등포구	대림3동	10,494	4,027	2,424	1,943	1,572	397	90	34	7	-	-
2019.11	영등포구	영등포본동	10,188	4,534	2,033	1,685	1,502	354	58	17	1	2	2
2019.11	영등포구	영등포동	17,173	12,313	2,208	1,333	1,019	229	52	14	1	1	3
2019.11	영등포구	도림동	9,268	4,465	2,030	1,421	1,017	257	56	16	5	1	-
2019.11	영등포구	문래동	12,472	3,653	2,689	2,777	2,622	564	127	28	6	2	4
2019.11	동작구	소계	180,747	77,250	37,515	30,847	26,855	6,349	1,411	373	95	33	19
2019.11	동작구	노량진2동	7,212	4,183	1,419	869	563	133	32	9	3	1	-
2019.11	동작구	상도1동	21,348	9,775	3,907	3,590	3,145	710	166	40	11	2	2
2019.11	동작구	상도2동	12,833	5,148	2,731	2,289	2,060	468	108	23	3	2	1
2019.11	동작구	상도3동	11,905	5,168	2,618	2,041	1,547	378	110	26	10	5	2
2019.11	동작구	상도4동	13,414	5,429	3,091	2,383	1,951	453	77	23	5	-	2
2019.11	동작구	사당1동	13,068	7,521	2,605	1,548	1,075	242	60	10	5	2	-
2019.11	동작구	사당3동	10,616	3,469	2,427	2,190	1,917	466	94	40	7	4	2
2019.11	동작구	사당4동	6,967	3,081	1,600	1,125	902	197	40	14	6	2	-
2019.11	동작구	사당5동	5,684	2,272	1,197	1,066	897	194	45	11	-	1	1
2019.11	동작구	대방동	17,162	6,946	3,237	2,881	3,131	737	161	50	9	5	5
2019.11	동작구	신대방1동	9,935	3,637	1,939	1,805	1,962	456	103	21	8	1	3
2019.11	동작구	신대방2동	9,291	4,175	1,722	1,472	1,420	380	86	29	6	1	-
2019.11	동작구	흑석동	14,310	5,514	3,027	2,704	2,370	564	100	23	6	2	-
2019.11	동작구	노량진1동	15,092	6,778	3,144	2,458	2,050	502	116	33	7	3	1
2019.11	동작구	사당2동	11,910	4,154	2,851	2,426	1,865	469	113	21	9	2	-
2019.11	관악구	소계	268,218	150,468	49,623	32,995	26,607	6,467	1,500	387	109	30	32
2019.11	관악구	보라매동	12,337	5,850	2,719	1,850	1,461	362	74	15	-	3	3
2019.11	관악구	청림동	6,564	1,968	1,593	1,476	1,189	252	61	13	9	1	2
2019.11	관악구	행운동	17,008	10,484	2,897	1,808	1,357	341	93	18	8	2	-
2019.11	관악구	낙성대동	10,756	7,541	1,470	851	663	168	44	13	4	-	2
2019.11	관악구	중앙동	9,343	6,101	1,558	827	657	149	36	11	-	3	1
2019.11	관악구	인헌동	14,071	7,686	2,697	1,763	1,461	355	75	26	5	1	2
2019.11	관악구	남현동	9,392	4,714	1,921	1,358	1,045	262	63	17	6	2	4
2019.11	관악구	서원동	13,890	8,743	2,557	1,393	887	225	65	15	4	1	-
2019.11	관악구	신원동	10,494	6,123	2,129	1,176	821	179	44	15	1	3	3
2019.11	관악구	서림동	14,094	9,061	2,271	1,388	1,015	266	63	23	5	-	2
2019.11	관악구	신사동	13,241	8,150	2,295	1,419	1,073	234	55	9	6	-	-
2019.11	관악구	신림동	16,688	13,581	1,933	667	385	91	26	3	-	1	1
2019.11	관악구	난향동	6,458	1,921	1,516	1,328	1,260	326	75	23	6	1	2
2019.11	관악구	조원동	10,281	6,449	1,795	988	809	178	37	16	6	3	-
2019.11	관악구	대학동	15,732	11,681	1,798	1,124	843	211	63	9	3	-	-
2019.11	관악구	은천동	15,875	6,687	3,500	2,651	2,317	542	140	25	10	2	1
2019.11	관악구	성현동	12,569	3,808	2,971	2,548	2,496	591	114	27	10	2	2
2019.11	관악구	청룡동	20,910	14,665	2,859	1,626	1,334	329	76	14	5	-	2
2019.11	관악구	난곡동	12,908	5,118	3,174	2,271	1,792	413	99	30	9	1	1
2019.11	관악구	삼성동	11,469	4,663	2,773	1,908	1,574	422	93	28	4	2	2
2019.11	관악구	미성동	14,138	5,474	3,197	2,575	2,168	571	104	37	8	2	2
2019.11	서초구	소계	173,113	58,214	34,490	33,984	35,001	8,502	2,068	560	194	50	50
2019.11	서초구	서초1동	9,384	3,962	1,738	1,594	1,519	401	125	34	9	1	1
2019.11	서초구	서초2동	8,378	3,730	1,503	1,411	1,337	291	81	18	4	2	1
2019.11	서초구	서초3동	13,540	5,724	2,635	2,268	2,092	571	170	44	19	7	10
2019.11	서초구	서초4동	11,023	2,389	1,926	2,582	3,275	662	126	46	12	4	1
2019.11	서초구	잠원동	14,053	4,679	2,669	2,968	3,001	561	117	32	19	4	3
2019.11	서초구	반포본동	4,130	757	832	967	1,238	252	59	19	3	1	2
2019.11	서초구	반포1동	14,357	6,304	2,230	2,325	2,672	621	147	36	17	5	-
2019.11	서초구	반포2동	5,122	705	827	1,305	1,693	469	89	20	9	3	2
2019.11	서초구	반포3동	7,055	1,318	1,376	1,860	1,996	404	65	25	8	-	3
2019.11	서초구	반포4동	7,329	1,894	1,490	1,757	1,617	415	114	25	8	6	3
2019.11	서초구	방배본동	7,874	2,091	1,546	1,685	1,907	479	110	39	9	3	5
2019.11	서초구	방배1동	7,608	2,916	1,739	1,365	1,191	292	75	20	6	1	3
2019.11	서초구	방배2동	8,784	3,111	2,065	1,654	1,467	383	66	23	6	3	6
2019.11	서초구	방배3동	8,437	2,219	1,885	1,862	1,877	434	112	34	11	1	2
2019.11	서초구	방배4동	9,773	3,421	2,010	1,796	1,911	465	132	26	11	-	1
2019.11	서초구	양재1동	18,219	5,936	3,995	3,430	3,428	1,070	265	70	18	4	3
2019.11	서초구	양재2동	10,739	4,923	2,219	1,608	1,458	387	105	24	12	1	2
2019.11	서초구	내곡동	7,308	2,135	1,805	1,547	1,322	345	110	25	13	4	2
2019.11	강남구	소계	232,750	91,836	43,636	41,362	42,935	9,873	2,178	633	179	76	42
2019.11	강남구	신사동	7,462	2,939	1,545	1,296	1,226	321	89	28	11	4	3
2019.11	강남구	논현1동	14,222	9,392	2,433	1,219	826	250	65	22	8	5	2
2019.11	강남구	논현2동	11,360	6,231	2,033	1,547	1,190	268	66	17	7	1	-
2019.11	강남구	삼성1동	5,916	2,001	1,201	1,179	1,120	294	80	30	9	1	1
2019.11	강남구	삼성2동	13,448	5,833	2,333	2,237	2,364	490	127	48	10	3	3
2019.11	강남구	대치1동	7,412	585	892	1,960	3,125	660	137	34	10	6	3
2019.11	강남구	대치4동	10,246	5,399	1,661	1,375	1,410	304	71	21	4	-	1
2019.11	강남구	역삼1동	23,693	16,827	3,553	1,685	1,182	317	86	26	10	5	2
2019.11	강남구	역삼2동	15,475	6,394	2,306	2,779	3,157	648	131	34	9	7	10
2019.11	강남구	도곡1동	8,564	2,528	1,562	1,858	2,065	404	101	29	10	7	-
2019.11	강남구	도곡2동	11,820	2,175	2,305	2,995	3,443	704	148	34	11	2	3
2019.11	강남구	개포1동	2,745	843	622	514	582	153	22	6	2	1	-
2019.11	강남구	개포4동	7,732	2,925	1,541	1,451	1,372	351	61	20	6	3	2
2019.11	강남구	일원본동	8,183	1,470	1,493	2,029	2,554	510	95	24	4	3	1
2019.11	강남구	일원1동	7,516	3,130	1,786	1,265	971	286	58	17	3	-	-
2019.11	강남구	일원2동	7,345	2,202	1,780	1,549	1,486	273	39	14	-	1	1
2019.11	강남구	수서동	7,872	3,342	2,321	1,240	713	192	48	9	7	-	-
2019.11	강남구	세곡동	17,793	5,828	3,796	3,278	3,345	1,144	307	72	15	5	3
2019.11	강남구	압구정동	10,669	2,972	2,394	2,383	2,206	550	113	35	5	9	2
2019.11	강남구	청담동	12,528	4,699	2,455	2,395	2,218	549	128	53	21	6	4
2019.11	강남구	대치2동	12,935	2,434	1,997	3,201	4,278	832	131	45	11	5	1
2019.11	강남구	개포2동	7,814	1,687	1,627	1,927	2,102	373	75	15	6	2	-
2019.11	송파구	소계	278,233	95,221	58,413	55,111	53,975	11,941	2,693	615	188	46	30
2019.11	송파구	풍납1동	6,577	2,532	1,581	1,186	1,019	195	51	9	3	1	-
2019.11	송파구	풍납2동	10,495	3,938	2,064	2,079	1,890	400	94	25	5	-	-
2019.11	송파구	거여1동	5,482	1,859	1,284	1,040	999	231	53	13	2	-	1
2019.11	송파구	거여2동	7,194	2,499	1,791	1,406	1,155	263	58	17	2	1	2
2019.11	송파구	마천1동	9,068	3,516	2,133	1,542	1,349	419	81	23	3	2	-
2019.11	송파구	마천2동	8,686	3,157	2,113	1,625	1,329	340	95	17	8	1	1
2019.11	송파구	방이1동	6,245	1,823	1,190	1,321	1,466	339	79	18	7	1	1
2019.11	송파구	방이2동	13,446	7,193	2,684	1,818	1,351	313	66	15	5	-	1
2019.11	송파구	오륜동	5,969	672	1,051	1,598	2,073	458	79	29	5	2	2
2019.11	송파구	오금동	15,797	4,288	3,588	3,612	3,322	762	177	39	8	1	-
2019.11	송파구	송파1동	12,419	5,863	2,670	1,890	1,497	363	95	31	6	3	1
2019.11	송파구	송파2동	7,378	1,616	1,521	1,745	1,916	451	94	19	11	4	1
2019.11	송파구	석촌동	16,925	8,479	3,518	2,461	1,887	426	123	17	8	5	1
2019.11	송파구	삼전동	16,300	8,208	3,290	2,382	1,866	433	89	23	5	1	3
2019.11	송파구	가락본동	11,897	4,557	2,464	2,233	2,006	514	95	23	3	-	2
2019.11	송파구	가락1동	9,770	1,676	2,462	2,521	2,503	464	113	21	6	2	2
2019.11	송파구	가락2동	12,307	2,920	2,450	2,954	3,158	620	154	38	12	1	-
2019.11	송파구	문정1동	8,561	2,775	1,886	1,720	1,672	395	81	17	13	1	1
2019.11	송파구	문정2동	15,447	8,399	2,809	1,937	1,783	370	107	23	13	3	3
2019.11	송파구	장지동	13,059	3,653	3,138	2,888	2,587	624	128	30	10	1	-
2019.11	송파구	위례동	9,011	1,035	1,788	2,315	2,903	767	170	22	10	1	-
2019.11	송파구	잠실본동	15,132	8,115	2,925	2,018	1,574	365	109	18	7	-	1
2019.11	송파구	잠실4동	7,505	1,229	1,434	2,030	2,245	428	99	25	8	6	1
2019.11	송파구	잠실6동	5,930	960	1,336	1,594	1,537	377	87	31	4	2	2
2019.11	송파구	잠실7동	3,476	515	823	887	979	212	41	12	6	1	-
2019.11	송파구	잠실2동	11,970	1,841	1,874	3,070	4,308	702	142	24	7	2	-
2019.11	송파구	잠실3동	12,187	1,903	2,546	3,239	3,601	710	133	36	11	4	4
2019.11	강동구	소계	182,094	64,324	39,915	35,499	32,526	7,660	1,582	419	116	28	25
2019.11	강동구	강일동	11,148	2,271	2,567	2,232	2,805	1,032	198	32	9	2	-
2019.11	강동구	상일동	4,079	1,129	885	914	878	209	41	18	2	1	2
2019.11	강동구	명일1동	9,881	2,286	2,282	2,361	2,341	473	100	20	13	4	1
2019.11	강동구	명일2동	5,982	1,134	1,068	1,353	1,886	427	76	27	8	1	2
2019.11	강동구	고덕1동	9,051	1,618	1,568	2,293	2,845	581	106	26	7	-	7
2019.11	강동구	고덕2동	6,577	1,904	1,545	1,461	1,343	261	41	13	7	-	2
2019.11	강동구	암사2동	5,906	1,854	1,392	1,273	1,107	218	44	11	2	4	1
2019.11	강동구	암사3동	6,358	1,082	1,359	1,627	1,724	421	95	28	16	3	3
2019.11	강동구	천호1동	12,789	5,179	2,941	2,391	1,747	418	81	22	7	2	1
2019.11	강동구	천호3동	13,707	6,609	2,952	2,158	1,533	347	81	25	1	-	1
2019.11	강동구	성내1동	8,138	2,397	1,841	1,812	1,620	372	70	22	2	-	2
2019.11	강동구	성내2동	12,488	6,235	2,719	1,918	1,220	303	68	14	9	2	-
2019.11	강동구	성내3동	10,297	3,870	2,303	1,924	1,718	388	70	18	4	1	1
2019.11	강동구	둔촌1동	164	114	20	12	14	2	2	-	-	-	-
2019.11	강동구	둔촌2동	11,212	3,571	2,476	2,327	2,239	473	96	26	2	1	1
2019.11	강동구	암사1동	16,148	6,179	3,727	3,081	2,454	552	111	33	11	-	-
2019.11	강동구	천호2동	17,589	8,525	3,866	2,697	1,933	426	107	28	6	1	-
2019.11	강동구	길동	20,580	8,367	4,404	3,665	3,119	757	195	56	10	6	1
2019.12	합계	합계	4,327,605	1,754,933	918,378	765,546	679,419	160,376	35,909	9,072	2,574	802	596
2019.12	종로구	소계	73,947	36,716	14,129	10,805	8,917	2,512	593	188	51	24	12
2019.12	종로구	사직동	4,621	2,275	898	681	534	169	32	24	4	2	2
2019.12	종로구	삼청동	1,396	746	256	179	145	47	15	6	2	-	-
2019.12	종로구	부암동	4,298	1,626	953	743	706	185	56	20	5	2	2
2019.12	종로구	평창동	7,520	2,425	1,704	1,483	1,361	420	82	26	12	7	-
2019.12	종로구	무악동	3,187	743	702	741	763	184	37	12	1	2	2
2019.12	종로구	교남동	4,583	1,641	1,106	904	735	149	31	11	5	1	-
2019.12	종로구	가회동	2,068	940	437	344	246	64	30	5	1	-	1
2019.12	종로구	종로1.2.3.4가동	5,210	4,140	508	283	204	54	13	6	2	-	-
2019.12	종로구	종로5·6가동	3,368	2,309	501	297	188	57	11	3	1	1	-
2019.12	종로구	이화동	4,441	2,675	794	487	348	104	23	8	1	1	-
2019.12	종로구	창신1동	2,936	1,721	571	327	212	84	16	5	-	-	-
2019.12	종로구	창신2동	4,121	1,916	900	647	462	149	33	11	2	1	-
2019.12	종로구	창신3동	2,903	933	656	647	463	166	32	2	4	-	-
2019.12	종로구	숭인1동	2,962	1,356	652	469	349	104	23	6	2	-	1
2019.12	종로구	숭인2동	5,739	3,780	903	537	394	97	22	4	2	-	-
2019.12	종로구	청운효자동	5,356	1,961	1,151	981	925	243	65	22	3	5	-
2019.12	종로구	혜화동	9,238	5,529	1,437	1,055	882	236	72	17	4	2	4
2019.12	중구	소계	62,739	31,069	13,162	9,141	7,015	1,717	460	115	24	15	21
2019.12	중구	소공동	1,104	624	207	151	97	17	5	1	-	-	2
2019.12	중구	회현동	3,142	2,091	447	284	229	66	14	10	1	-	-
2019.12	중구	명동	1,532	1,063	208	140	79	25	9	4	1	-	3
2019.12	중구	필동	2,297	1,418	430	220	161	50	12	4	1	-	1
2019.12	중구	장충동	2,696	1,706	427	247	219	71	19	2	2	1	2
2019.12	중구	광희동	2,960	1,910	510	288	183	46	17	4	1	-	1
2019.12	중구	을지로동	1,339	1,065	156	65	38	12	3	-	-	-	-
2019.12	중구	신당5동	5,291	2,624	1,122	770	578	139	43	11	2	2	-
2019.12	중구	황학동	6,832	3,706	1,458	891	589	146	33	6	-	1	2
2019.12	중구	중림동	5,833	2,489	1,265	1,040	799	175	47	14	4	-	-
2019.12	중구	신당동	4,419	2,741	819	430	330	68	24	4	2	1	-
2019.12	중구	다산동	6,961	3,141	1,629	1,056	877	189	46	15	3	2	3
2019.12	중구	약수동	7,803	2,862	2,020	1,535	1,046	246	71	15	3	2	3
2019.12	중구	청구동	6,377	2,478	1,509	1,156	932	235	54	6	1	4	2
2019.12	중구	동화동	4,153	1,151	955	868	858	232	63	19	3	2	2
2019.12	용산구	소계	110,126	52,143	22,716	16,963	13,574	3,511	875	223	70	28	23
2019.12	용산구	후암동	8,576	4,058	1,758	1,382	988	292	69	16	5	4	4
2019.12	용산구	용산2가동	5,421	2,775	1,201	770	509	130	26	7	3	-	-
2019.12	용산구	남영동	5,411	4,170	600	304	242	70	14	7	1	1	2
2019.12	용산구	원효로2동	6,006	2,071	1,302	1,188	1,071	271	72	16	11	2	2
2019.12	용산구	효창동	4,270	1,486	991	814	716	191	58	12	1	1	-
2019.12	용산구	용문동	5,364	1,939	1,271	1,027	843	220	48	10	3	2	1
2019.12	용산구	이촌1동	10,267	2,192	2,281	2,624	2,417	556	137	42	13	4	1
2019.12	용산구	이촌2동	3,855	1,310	1,046	774	529	143	34	11	8	-	-
2019.12	용산구	이태원1동	3,761	2,165	714	439	322	82	30	8	-	-	1
2019.12	용산구	이태원2동	4,875	2,595	1,023	649	440	117	41	7	1	2	-
2019.12	용산구	서빙고동	5,269	1,693	1,126	956	1,067	337	70	19	-	-	1
2019.12	용산구	보광동	7,599	4,017	1,676	988	703	166	39	6	2	2	-
2019.12	용산구	청파동	10,730	6,263	1,970	1,196	947	259	70	17	3	1	4
2019.12	용산구	원효로1동	7,848	3,737	1,663	1,228	939	226	41	6	4	2	2
2019.12	용산구	한강로동	9,772	5,534	1,831	1,235	895	194	57	16	7	2	1
2019.12	용산구	한남동	11,102	6,138	2,263	1,389	946	257	69	23	8	5	4
2019.12	성동구	소계	135,838	55,527	29,636	24,719	19,931	4,540	1,087	293	71	19	15
2019.12	성동구	왕십리2동	7,587	2,914	1,707	1,420	1,171	268	85	16	2	3	1
2019.12	성동구	마장동	10,856	4,817	2,305	1,763	1,470	369	89	28	8	2	5
2019.12	성동구	사근동	7,435	5,267	954	561	477	135	29	9	3	-	-
2019.12	성동구	행당1동	7,270	3,048	1,523	1,320	1,068	233	53	18	6	-	1
2019.12	성동구	행당2동	9,454	2,371	2,350	2,189	1,998	405	104	27	7	1	2
2019.12	성동구	응봉동	6,171	1,620	1,404	1,421	1,329	303	71	16	5	1	1
2019.12	성동구	금호1가동	6,630	2,125	1,631	1,448	1,099	253	58	15	1	-	-
2019.12	성동구	금호4가동	6,461	2,172	1,568	1,480	969	206	44	18	3	-	1
2019.12	성동구	성수1가1동	7,591	3,098	1,677	1,300	1,208	234	54	12	5	1	2
2019.12	성동구	성수1가2동	6,800	3,089	1,413	1,129	889	220	46	9	4	1	-
2019.12	성동구	성수2가1동	8,493	4,134	1,783	1,302	983	226	54	8	3	-	-
2019.12	성동구	성수2가3동	5,675	2,904	1,089	784	660	174	50	14	-	-	-
2019.12	성동구	송정동	5,506	2,738	1,138	817	620	154	32	5	-	2	-
2019.12	성동구	용답동	6,790	3,998	1,213	774	613	139	37	14	-	1	1
2019.12	성동구	왕십리도선동	11,770	4,418	2,492	2,319	1,972	440	92	27	8	2	-
2019.12	성동구	금호2.3가동	10,334	3,595	2,544	2,142	1,587	344	85	25	8	3	1
2019.12	성동구	옥수동	11,015	3,219	2,845	2,550	1,818	437	104	32	8	2	-
2019.12	광진구	소계	164,428	74,064	33,355	26,682	23,430	5,251	1,186	318	97	29	16
2019.12	광진구	화양동	16,154	12,689	1,982	740	589	111	32	9	1	-	1
2019.12	광진구	군자동	10,698	5,985	2,025	1,356	1,015	239	53	17	5	2	1
2019.12	광진구	중곡1동	8,035	3,932	1,829	1,198	829	183	41	15	6	2	-
2019.12	광진구	중곡2동	10,477	4,577	2,361	1,771	1,360	309	75	16	6	2	-
2019.12	광진구	중곡3동	8,461	4,011	1,912	1,303	931	246	47	7	3	1	-
2019.12	광진구	중곡4동	13,239	4,966	3,124	2,537	1,991	465	113	28	10	3	2
2019.12	광진구	능동	6,335	3,563	1,304	734	530	142	48	10	2	2	-
2019.12	광진구	구의1동	11,830	6,365	2,406	1,569	1,123	284	64	16	2	-	1
2019.12	광진구	구의2동	11,649	4,190	2,588	2,261	1,986	471	104	35	8	3	3
2019.12	광진구	구의3동	12,145	4,046	2,522	2,489	2,406	541	98	29	11	2	1
2019.12	광진구	광장동	12,008	2,183	1,929	3,006	3,932	727	174	35	17	4	1
2019.12	광진구	자양1동	11,510	5,648	2,450	1,692	1,314	313	65	20	4	3	1
2019.12	광진구	자양2동	11,233	4,008	2,504	2,224	1,912	447	96	34	4	2	2
2019.12	광진구	자양3동	11,049	2,894	2,421	2,447	2,577	531	128	32	15	2	2
2019.12	광진구	자양4동	9,605	5,007	1,998	1,355	935	242	48	15	3	1	1
2019.12	동대문구	소계	164,191	75,705	33,376	26,168	21,800	5,418	1,286	335	67	24	12
2019.12	동대문구	회기동	6,038	3,908	884	574	493	140	28	6	4	1	-
2019.12	동대문구	휘경1동	7,516	4,049	1,364	1,007	827	201	52	13	-	2	1
2019.12	동대문구	휘경2동	11,530	5,496	2,099	1,793	1,618	400	91	28	3	1	1
2019.12	동대문구	청량리동	10,438	4,988	2,306	1,558	1,165	326	80	13	1	-	1
2019.12	동대문구	용신동	17,256	10,307	3,110	1,903	1,461	359	85	25	6	-	-
2019.12	동대문구	제기동	12,988	6,937	2,582	1,713	1,255	371	101	24	1	3	1
2019.12	동대문구	전농1동	15,017	7,312	2,992	2,371	1,779	434	89	26	8	2	4
2019.12	동대문구	전농2동	7,735	2,245	1,842	1,693	1,444	389	91	25	5	-	1
2019.12	동대문구	답십리1동	12,682	4,851	2,625	2,458	2,078	509	120	33	5	2	1
2019.12	동대문구	답십리2동	12,948	4,562	3,133	2,485	2,143	490	102	24	8	1	-
2019.12	동대문구	장안1동	17,569	7,378	3,829	3,035	2,520	619	142	36	7	3	-
2019.12	동대문구	장안2동	13,573	4,600	2,981	2,795	2,451	557	147	34	5	2	1
2019.12	동대문구	이문1동	10,443	6,272	1,712	1,139	989	244	65	14	5	2	1
2019.12	동대문구	이문2동	8,458	2,800	1,917	1,644	1,577	379	93	34	9	5	-
2019.12	중랑구	소계	181,579	74,943	41,555	31,839	25,378	6,189	1,242	321	79	19	14
2019.12	중랑구	면목2동	12,239	5,501	2,755	1,949	1,560	373	80	14	7	-	-
2019.12	중랑구	면목4동	9,254	3,940	2,142	1,617	1,195	283	58	15	4	-	-
2019.12	중랑구	면목5동	4,553	1,932	1,064	795	599	130	24	7	2	-	-
2019.12	중랑구	면목7동	10,191	4,283	2,407	1,748	1,353	310	67	18	4	1	-
2019.12	중랑구	상봉1동	10,252	3,124	2,367	2,209	2,047	402	76	22	4	1	-
2019.12	중랑구	상봉2동	11,061	6,432	2,245	1,290	856	169	49	9	8	2	1
2019.12	중랑구	중화1동	9,011	3,211	2,224	1,799	1,352	343	49	19	9	3	2
2019.12	중랑구	중화2동	14,069	7,281	3,144	1,944	1,297	320	61	16	3	1	2
2019.12	중랑구	묵1동	14,594	4,674	3,303	3,065	2,686	655	153	46	9	1	2
2019.12	중랑구	묵2동	9,176	3,887	2,123	1,627	1,149	314	59	12	1	2	2
2019.12	중랑구	망우3동	8,443	3,717	2,000	1,427	1,005	226	58	5	2	3	-
2019.12	중랑구	신내1동	14,852	3,519	3,427	3,190	3,372	1,073	202	56	12	-	1
2019.12	중랑구	신내2동	9,053	2,810	2,280	1,959	1,579	333	69	14	6	2	1
2019.12	중랑구	면목본동	17,631	8,421	3,944	2,740	1,965	457	76	23	1	2	2
2019.12	중랑구	면목3.8동	12,535	5,554	2,905	2,102	1,525	352	71	23	3	-	-
2019.12	중랑구	망우본동	14,665	6,657	3,225	2,378	1,838	449	90	22	4	1	1
2019.12	성북구	소계	192,592	74,767	40,957	35,417	31,568	7,560	1,703	441	108	31	40
2019.12	성북구	돈암1동	6,261	1,753	1,565	1,344	1,215	292	70	19	-	2	1
2019.12	성북구	돈암2동	8,617	1,633	1,786	2,194	2,259	566	123	35	15	2	4
2019.12	성북구	안암동	9,172	5,938	1,439	891	714	139	40	7	2	-	2
2019.12	성북구	보문동	7,925	3,772	1,602	1,274	995	230	38	10	2	-	2
2019.12	성북구	정릉1동	7,466	2,203	1,651	1,665	1,477	345	86	31	4	1	3
2019.12	성북구	정릉2동	9,639	3,041	2,326	1,978	1,746	405	106	29	3	3	2
2019.12	성북구	정릉3동	7,728	4,006	1,513	1,071	840	235	45	14	-	1	3
2019.12	성북구	정릉4동	10,991	3,658	2,606	2,231	1,873	472	106	28	12	3	2
2019.12	성북구	길음1동	12,809	2,519	2,436	3,197	3,708	732	170	29	11	2	5
2019.12	성북구	길음2동	6,829	2,320	1,453	1,418	1,274	293	53	17	1	-	-
2019.12	성북구	월곡1동	10,819	3,217	2,468	2,266	2,183	522	123	28	10	2	-
2019.12	성북구	월곡2동	9,233	4,104	1,884	1,508	1,302	327	79	15	9	3	2
2019.12	성북구	장위1동	8,972	3,389	2,132	1,664	1,341	337	78	25	4	1	1
2019.12	성북구	장위2동	6,262	2,503	1,548	1,102	814	226	50	13	4	2	-
2019.12	성북구	장위3동	7,106	2,310	1,521	1,527	1,398	279	56	11	3	1	-
2019.12	성북구	성북동	8,076	3,755	1,757	1,199	948	295	83	27	5	1	6
2019.12	성북구	삼선동	12,338	6,013	2,458	1,737	1,608	403	94	16	7	2	-
2019.12	성북구	동선동	9,057	5,753	1,457	953	650	190	39	9	4	1	1
2019.12	성북구	종암동	17,115	6,398	3,565	3,202	2,988	750	155	46	3	3	5
2019.12	성북구	석관동	16,177	6,482	3,790	2,996	2,235	522	109	32	9	1	1
2019.12	강북구	소계	144,277	59,715	33,804	25,140	19,334	4,858	1,077	223	81	23	22
2019.12	강북구	번1동	10,227	5,440	2,149	1,443	916	216	53	5	5	-	-
2019.12	강북구	번2동	7,634	2,791	2,058	1,502	963	241	63	12	2	1	1
2019.12	강북구	번3동	7,581	2,284	2,151	1,525	1,216	311	77	14	2	1	-
2019.12	강북구	수유1동	10,360	4,700	2,363	1,671	1,210	319	69	16	7	1	4
2019.12	강북구	수유2동	9,607	3,502	2,497	1,781	1,341	372	84	22	5	1	2
2019.12	강북구	수유3동	12,676	6,847	2,578	1,782	1,123	273	51	14	4	2	2
2019.12	강북구	삼양동	11,489	4,612	2,730	2,020	1,591	424	79	17	10	4	2
2019.12	강북구	미아동	11,348	5,705	2,420	1,651	1,193	299	63	8	7	1	1
2019.12	강북구	송중동	13,850	5,793	3,103	2,435	1,892	487	102	27	6	2	3
2019.12	강북구	송천동	13,721	6,264	3,189	2,169	1,623	385	70	14	6	1	-
2019.12	강북구	삼각산동	11,751	2,546	2,484	2,747	3,119	663	143	32	14	3	-
2019.12	강북구	우이동	9,489	3,563	2,466	1,745	1,243	350	91	15	6	5	5
2019.12	강북구	인수동	14,544	5,668	3,616	2,669	1,904	518	132	27	7	1	2
2019.12	도봉구	소계	138,508	45,013	33,537	28,509	23,975	5,730	1,282	322	90	38	12
2019.12	도봉구	쌍문1동	9,322	3,139	2,314	1,877	1,445	415	101	20	8	2	1
2019.12	도봉구	쌍문2동	8,635	3,043	2,219	1,695	1,266	315	75	16	3	1	2
2019.12	도봉구	쌍문3동	7,842	3,159	1,915	1,387	1,060	256	45	17	1	1	1
2019.12	도봉구	쌍문4동	7,170	1,524	1,579	1,761	1,836	386	67	13	2	2	-
2019.12	도봉구	방학1동	12,784	4,666	2,985	2,360	2,057	544	127	34	6	3	2
2019.12	도봉구	방학2동	9,562	3,796	2,353	1,758	1,233	318	81	19	3	1	-
2019.12	도봉구	방학3동	10,084	1,794	2,418	2,507	2,552	609	152	35	11	6	-
2019.12	도봉구	창1동	10,922	3,605	2,575	2,282	1,959	384	87	23	4	2	1
2019.12	도봉구	창2동	12,359	3,754	3,085	2,717	2,118	516	117	35	11	5	1
2019.12	도봉구	창3동	6,661	2,612	1,642	1,211	907	229	46	12	2	-	-
2019.12	도봉구	창4동	10,592	2,815	2,338	2,352	2,413	531	102	23	15	3	-
2019.12	도봉구	창5동	10,111	2,862	2,334	2,282	2,060	435	96	26	10	5	1
2019.12	도봉구	도봉1동	10,285	4,154	2,690	1,794	1,210	339	61	23	7	4	3
2019.12	도봉구	도봉2동	12,179	4,090	3,090	2,526	1,859	453	125	26	7	3	-
2019.12	노원구	소계	216,966	69,471	48,665	44,333	42,949	9,156	1,818	396	117	39	22
2019.12	노원구	월계1동	10,476	4,368	2,213	1,799	1,584	424	70	15	1	1	1
2019.12	노원구	월계2동	11,715	4,034	3,033	2,258	1,839	429	99	17	3	2	1
2019.12	노원구	월계3동	12,955	3,803	3,531	2,794	2,195	475	121	25	8	2	1
2019.12	노원구	공릉2동	16,299	5,491	3,117	3,284	3,467	732	150	36	13	8	1
2019.12	노원구	하계1동	12,215	4,713	2,361	2,170	2,342	507	83	21	12	1	5
2019.12	노원구	하계2동	8,267	1,658	1,772	1,981	2,299	456	79	15	5	2	-
2019.12	노원구	중계본동	8,890	2,024	1,406	1,914	2,716	669	125	26	7	2	1
2019.12	노원구	중계1동	9,107	1,411	1,360	2,340	3,308	572	87	19	9	1	-
2019.12	노원구	중계4동	8,463	2,532	1,985	1,670	1,781	388	81	19	3	2	2
2019.12	노원구	상계1동	15,566	4,386	3,641	3,374	3,143	806	164	35	10	3	4
2019.12	노원구	상계2동	8,779	3,219	1,712	1,630	1,736	358	99	20	3	1	1
2019.12	노원구	상계5동	10,922	3,886	2,609	2,163	1,738	409	87	20	7	3	-
2019.12	노원구	상계8동	9,260	2,245	2,297	2,311	1,989	351	52	11	4	-	-
2019.12	노원구	상계9동	8,444	2,053	2,119	2,052	1,821	325	56	14	1	3	-
2019.12	노원구	상계10동	6,605	1,752	1,732	1,506	1,347	205	44	11	5	3	-
2019.12	노원구	상계3.4동	11,540	4,550	2,810	1,980	1,614	438	109	27	10	2	-
2019.12	노원구	상계6.7동	13,988	4,237	3,286	3,044	2,796	510	85	22	4	1	3
2019.12	노원구	중계2.3동	15,388	4,881	4,003	3,142	2,693	553	93	17	3	1	2
2019.12	노원구	공릉1동	18,087	8,228	3,678	2,921	2,541	549	134	26	9	1	-
2019.12	은평구	소계	207,681	76,987	48,191	39,201	32,476	8,190	1,973	467	124	40	32
2019.12	은평구	녹번동	17,107	6,625	4,193	3,189	2,358	582	109	34	12	2	3
2019.12	은평구	불광1동	17,896	6,633	4,318	3,503	2,646	592	154	39	8	3	-
2019.12	은평구	갈현1동	11,203	4,625	2,640	1,991	1,481	356	79	21	7	2	1
2019.12	은평구	갈현2동	12,623	4,291	3,066	2,570	2,061	471	129	23	7	3	2
2019.12	은평구	구산동	13,202	4,135	3,172	2,731	2,355	615	135	38	13	1	7
2019.12	은평구	대조동	13,818	6,761	3,006	2,109	1,454	360	102	19	4	2	1
2019.12	은평구	응암1동	11,428	4,797	2,508	1,954	1,650	384	104	13	6	5	7
2019.12	은평구	응암2동	9,981	2,823	2,350	2,303	1,922	445	92	31	10	3	2
2019.12	은평구	신사1동	11,743	3,746	2,889	2,489	1,985	474	117	32	7	3	1
2019.12	은평구	신사2동	9,207	3,215	2,152	1,822	1,510	382	98	22	5	-	1
2019.12	은평구	증산동	6,907	2,467	1,708	1,259	1,099	298	54	19	3	-	-
2019.12	은평구	수색동	3,832	1,385	920	724	592	161	43	6	1	-	-
2019.12	은평구	진관동	21,553	6,158	4,168	4,239	5,015	1,499	376	71	17	6	4
2019.12	은평구	불광2동	13,844	5,986	3,274	2,365	1,656	432	97	23	7	3	1
2019.12	은평구	응암3동	12,597	5,856	2,915	1,934	1,428	335	92	28	6	1	2
2019.12	은평구	역촌동	20,740	7,484	4,912	4,019	3,264	804	192	48	11	6	-
2019.12	서대문구	소계	140,157	58,962	29,725	24,184	20,686	4,979	1,184	308	90	24	15
2019.12	서대문구	천연동	8,188	3,312	1,746	1,493	1,268	285	57	17	5	2	3
2019.12	서대문구	홍제1동	10,327	3,476	2,471	2,054	1,751	436	95	30	8	3	3
2019.12	서대문구	홍제3동	7,115	2,658	1,663	1,358	1,090	273	57	8	8	-	-
2019.12	서대문구	홍제2동	5,830	1,733	1,411	1,271	1,098	247	50	14	4	1	1
2019.12	서대문구	홍은1동	9,335	3,114	2,182	1,818	1,664	412	114	26	4	-	1
2019.12	서대문구	홍은2동	12,177	4,744	2,789	2,200	1,823	444	121	40	13	3	-
2019.12	서대문구	남가좌1동	6,086	1,469	1,214	1,479	1,485	339	76	19	3	1	1
2019.12	서대문구	남가좌2동	11,246	4,610	2,454	1,963	1,726	370	92	23	7	1	-
2019.12	서대문구	북가좌1동	7,015	1,598	1,653	1,646	1,598	395	93	20	9	1	2
2019.12	서대문구	북가좌2동	14,756	5,576	3,513	2,768	2,183	546	128	36	6	-	-
2019.12	서대문구	충현동	8,822	4,474	1,733	1,220	1,048	259	63	20	3	1	1
2019.12	서대문구	북아현동	7,499	2,823	1,665	1,505	1,197	246	44	12	3	4	-
2019.12	서대문구	신촌동	12,380	9,221	1,510	807	623	153	41	14	6	2	3
2019.12	서대문구	연희동	19,381	10,154	3,721	2,602	2,132	574	153	29	11	5	-
2019.12	마포구	소계	175,023	78,637	36,006	28,527	24,456	5,692	1,227	315	107	28	28
2019.12	마포구	용강동	9,160	3,185	1,970	1,861	1,667	362	83	23	6	3	-
2019.12	마포구	대흥동	7,133	4,801	1,103	601	490	105	24	5	1	-	3
2019.12	마포구	염리동	5,724	2,446	1,203	983	850	186	38	13	3	-	2
2019.12	마포구	신수동	10,126	3,845	2,138	1,978	1,683	368	83	21	9	1	-
2019.12	마포구	서교동	14,078	8,804	2,386	1,461	1,068	274	59	17	4	4	1
2019.12	마포구	합정동	9,599	5,009	2,139	1,257	909	206	51	14	7	1	6
2019.12	마포구	망원1동	10,647	5,073	2,441	1,499	1,254	302	57	15	4	-	2
2019.12	마포구	망원2동	8,383	3,156	1,967	1,470	1,386	318	65	13	7	-	1
2019.12	마포구	연남동	8,672	4,932	1,684	1,038	749	207	43	11	5	2	1
2019.12	마포구	성산1동	9,347	4,204	2,063	1,484	1,160	330	68	23	9	4	2
2019.12	마포구	성산2동	18,904	8,155	3,888	3,212	2,822	650	131	27	16	2	1
2019.12	마포구	상암동	12,782	4,257	2,482	2,452	2,657	727	151	37	11	5	3
2019.12	마포구	도화동	9,584	3,601	2,049	1,810	1,608	389	98	21	4	2	2
2019.12	마포구	서강동	11,663	5,219	2,252	1,960	1,745	389	65	23	7	1	2
2019.12	마포구	공덕동	19,030	8,739	3,983	3,098	2,503	532	135	27	11	2	-
2019.12	마포구	아현동	10,191	3,211	2,258	2,363	1,905	347	76	25	3	1	2
2019.12	양천구	소계	177,256	50,670	37,641	38,222	39,546	8,724	1,827	423	139	35	29
2019.12	양천구	목1동	10,487	1,588	1,723	2,913	3,414	662	131	39	13	2	2
2019.12	양천구	목2동	13,134	4,663	2,869	2,590	2,299	548	123	27	7	4	4
2019.12	양천구	목3동	9,975	3,617	2,406	1,955	1,554	317	88	28	6	3	1
2019.12	양천구	목4동	10,127	2,951	1,899	2,090	2,487	545	123	20	10	1	1
2019.12	양천구	신월1동	10,115	4,362	2,334	1,775	1,253	308	63	16	3	1	-
2019.12	양천구	신월2동	8,542	2,386	2,011	1,887	1,651	456	101	37	9	1	3
2019.12	양천구	신월3동	8,113	3,906	1,765	1,235	869	259	61	14	1	-	3
2019.12	양천구	신월4동	6,898	1,508	1,619	1,624	1,599	407	112	23	4	2	-
2019.12	양천구	신월5동	6,420	2,172	1,489	1,286	1,096	281	73	18	-	4	1
2019.12	양천구	신월6동	2,497	645	582	537	557	138	31	7	-	-	-
2019.12	양천구	신월7동	9,253	3,005	2,592	1,869	1,399	294	71	15	7	-	1
2019.12	양천구	신정1동	7,256	1,404	1,240	1,676	2,338	491	79	16	8	1	3
2019.12	양천구	신정2동	7,158	1,578	1,276	1,549	2,188	468	77	13	5	3	1
2019.12	양천구	신정3동	17,921	4,512	4,136	3,870	4,046	1,096	199	41	16	3	2
2019.12	양천구	신정6동	8,162	1,011	1,453	2,268	2,775	518	109	16	9	1	2
2019.12	양천구	신정7동	11,639	2,961	2,598	2,621	2,800	526	98	23	12	-	-
2019.12	양천구	목5동	13,555	1,667	2,052	3,669	5,072	863	160	44	18	8	2
2019.12	양천구	신정4동	16,004	6,734	3,597	2,808	2,149	547	128	26	11	1	3
2019.12	강서구	소계	262,708	103,796	58,314	47,461	40,655	9,708	2,052	534	124	42	22
2019.12	강서구	염창동	15,720	3,881	3,082	3,801	3,999	787	120	45	4	1	-
2019.12	강서구	등촌1동	12,155	6,460	2,284	1,666	1,382	271	65	21	4	2	-
2019.12	강서구	등촌2동	8,704	2,653	1,995	1,856	1,666	395	103	24	8	4	-
2019.12	강서구	등촌3동	14,768	5,671	3,908	2,631	2,019	420	88	25	4	1	1
2019.12	강서구	화곡본동	16,515	7,054	3,748	2,845	2,180	538	101	33	12	3	1
2019.12	강서구	화곡2동	8,214	2,830	2,059	1,665	1,215	354	65	13	9	3	1
2019.12	강서구	화곡3동	9,456	3,278	2,165	1,895	1,569	410	114	17	3	3	2
2019.12	강서구	화곡4동	9,643	3,574	2,424	1,884	1,337	324	73	22	5	-	-
2019.12	강서구	화곡6동	11,690	5,263	2,438	1,916	1,582	373	91	18	4	2	3
2019.12	강서구	화곡8동	11,684	4,342	3,103	2,147	1,603	379	79	27	1	2	1
2019.12	강서구	가양1동	19,130	12,077	2,556	2,101	1,824	452	89	27	2	1	1
2019.12	강서구	가양2동	8,076	4,036	2,153	1,113	588	125	43	12	3	2	1
2019.12	강서구	가양3동	7,921	3,232	2,397	1,384	682	187	29	9	1	-	-
2019.12	강서구	발산1동	13,554	2,772	2,945	3,078	3,634	912	160	36	11	4	2
2019.12	강서구	공항동	12,722	5,577	2,690	2,100	1,790	459	83	22	1	-	-
2019.12	강서구	방화1동	17,431	4,931	3,799	3,637	3,773	1,008	219	50	8	5	1
2019.12	강서구	방화2동	11,566	5,471	2,539	1,763	1,304	368	89	26	4	-	2
2019.12	강서구	방화3동	11,260	4,571	2,850	1,985	1,354	373	99	16	10	2	-
2019.12	강서구	화곡1동	26,415	12,339	6,074	4,301	2,798	681	154	50	10	3	5
2019.12	강서구	우장산동	16,084	3,784	3,105	3,693	4,356	892	188	41	20	4	1
2019.12	구로구	소계	176,568	66,167	40,217	32,761	28,414	6,940	1,555	355	110	32	17
2019.12	구로구	신도림동	13,396	2,964	2,880	3,294	3,353	683	168	34	13	6	1
2019.12	구로구	구로1동	8,256	2,169	1,811	1,874	1,927	386	64	16	7	2	-
2019.12	구로구	구로3동	13,150	7,607	2,229	1,608	1,282	319	75	24	4	2	-
2019.12	구로구	구로4동	10,541	5,017	2,517	1,606	1,077	246	57	11	8	1	1
2019.12	구로구	구로5동	14,467	6,938	2,894	2,222	1,845	419	110	30	7	1	1
2019.12	구로구	고척1동	9,562	2,961	2,216	1,920	1,930	415	94	16	8	2	-
2019.12	구로구	고척2동	11,649	3,728	2,776	2,332	2,175	499	115	20	3	1	-
2019.12	구로구	개봉2동	12,536	3,128	3,204	2,931	2,450	611	163	36	10	2	1
2019.12	구로구	개봉3동	8,846	2,632	2,335	1,898	1,524	365	72	11	7	2	-
2019.12	구로구	오류1동	11,321	5,579	2,449	1,651	1,226	323	69	12	7	-	5
2019.12	구로구	오류2동	20,494	5,702	4,975	4,259	4,093	1,160	228	51	16	6	4
2019.12	구로구	수궁동	9,863	2,834	2,544	2,143	1,709	498	109	19	4	3	-
2019.12	구로구	가리봉동	5,831	3,936	973	500	310	83	19	7	2	-	1
2019.12	구로구	구로2동	12,734	6,155	2,983	1,845	1,281	347	81	29	9	3	1
2019.12	구로구	개봉1동	13,922	4,817	3,431	2,678	2,232	586	131	39	5	1	2
2019.12	금천구	소계	110,622	50,136	24,003	17,565	14,271	3,550	821	192	53	16	15
2019.12	금천구	가산동	13,767	9,891	1,790	1,097	756	171	53	5	3	1	-
2019.12	금천구	독산1동	20,130	9,801	3,895	3,018	2,602	621	144	36	6	2	5
2019.12	금천구	독산2동	9,273	4,055	2,159	1,592	1,132	264	56	11	3	-	1
2019.12	금천구	독산3동	12,398	5,803	2,838	1,912	1,408	345	67	17	4	4	-
2019.12	금천구	독산4동	7,618	3,380	1,773	1,215	928	246	57	14	3	1	1
2019.12	금천구	시흥1동	15,888	6,731	3,640	2,651	2,183	544	92	35	8	2	2
2019.12	금천구	시흥2동	8,416	2,066	2,027	1,828	1,846	463	140	30	10	3	3
2019.12	금천구	시흥3동	4,734	1,473	1,269	959	762	216	45	6	4	-	-
2019.12	금천구	시흥4동	9,095	3,139	2,252	1,759	1,462	360	88	21	10	3	1
2019.12	금천구	시흥5동	9,303	3,797	2,360	1,534	1,192	320	79	17	2	-	2
2019.12	영등포구	소계	174,806	81,133	34,950	28,053	23,555	5,427	1,231	319	82	25	31
2019.12	영등포구	여의동	13,556	4,083	2,956	2,984	2,715	597	159	38	13	6	5
2019.12	영등포구	당산1동	10,627	5,400	2,155	1,535	1,160	274	77	16	6	1	3
2019.12	영등포구	당산2동	17,425	8,736	2,944	2,660	2,394	517	122	34	15	2	1
2019.12	영등포구	양평1동	9,023	4,451	1,938	1,358	992	207	53	17	4	3	-
2019.12	영등포구	양평2동	10,079	4,107	2,098	1,811	1,638	327	79	14	3	-	2
2019.12	영등포구	신길1동	10,158	6,206	1,783	1,130	779	205	37	13	3	1	1
2019.12	영등포구	신길3동	7,631	2,960	1,653	1,465	1,182	306	47	12	4	2	-
2019.12	영등포구	신길4동	4,298	1,930	957	722	516	141	27	4	1	-	-
2019.12	영등포구	신길5동	4,133	1,788	942	661	553	141	36	9	-	1	2
2019.12	영등포구	신길6동	8,445	3,705	1,826	1,402	1,146	273	67	17	3	-	6
2019.12	영등포구	신길7동	6,548	1,947	1,331	1,385	1,455	341	67	16	3	2	1
2019.12	영등포구	대림1동	6,375	3,047	1,431	923	768	158	35	11	1	-	1
2019.12	영등포구	대림2동	6,840	3,682	1,536	853	558	157	40	10	3	1	-
2019.12	영등포구	대림3동	10,460	4,012	2,421	1,942	1,556	396	92	34	7	-	-
2019.12	영등포구	영등포본동	10,221	4,581	2,031	1,684	1,493	348	60	19	1	2	2
2019.12	영등포구	영등포동	17,233	12,358	2,230	1,339	1,016	224	47	12	3	1	3
2019.12	영등포구	도림동	9,291	4,496	2,028	1,422	1,015	251	57	16	5	1	-
2019.12	영등포구	문래동	12,463	3,644	2,690	2,777	2,619	564	129	27	7	2	4
2019.12	동작구	소계	180,753	77,390	37,542	30,826	26,772	6,300	1,410	365	94	35	19
2019.12	동작구	노량진2동	7,195	4,171	1,428	863	559	129	32	10	2	1	-
2019.12	동작구	상도1동	21,298	9,738	3,910	3,594	3,123	712	165	39	12	3	2
2019.12	동작구	상도2동	12,827	5,162	2,716	2,294	2,054	464	109	22	3	2	1
2019.12	동작구	상도3동	11,929	5,197	2,625	2,045	1,541	372	107	26	9	5	2
2019.12	동작구	상도4동	13,434	5,485	3,083	2,376	1,932	449	80	22	5	-	2
2019.12	동작구	사당1동	13,089	7,554	2,595	1,555	1,071	240	57	10	5	2	-
2019.12	동작구	사당3동	10,587	3,469	2,422	2,188	1,897	460	100	38	7	4	2
2019.12	동작구	사당4동	7,003	3,107	1,598	1,134	907	194	41	13	7	2	-
2019.12	동작구	사당5동	5,677	2,277	1,191	1,063	894	194	45	11	-	1	1
2019.12	동작구	대방동	17,152	6,928	3,260	2,871	3,135	732	158	50	7	6	5
2019.12	동작구	신대방1동	9,929	3,639	1,949	1,794	1,950	460	105	20	8	1	3
2019.12	동작구	신대방2동	9,307	4,177	1,737	1,462	1,433	380	84	27	6	1	-
2019.12	동작구	흑석동	14,302	5,514	3,026	2,708	2,365	549	107	25	7	1	-
2019.12	동작구	노량진1동	15,113	6,806	3,148	2,454	2,042	509	111	31	7	4	1
2019.12	동작구	사당2동	11,911	4,166	2,854	2,425	1,869	456	109	21	9	2	-
2019.12	관악구	소계	268,559	151,175	49,650	32,849	26,395	6,447	1,485	383	110	33	32
2019.12	관악구	보라매동	12,364	5,881	2,726	1,859	1,445	361	70	16	-	3	3
2019.12	관악구	청림동	6,578	1,980	1,617	1,462	1,179	256	59	13	9	1	2
2019.12	관악구	행운동	17,032	10,541	2,909	1,780	1,344	339	90	18	9	2	-
2019.12	관악구	낙성대동	10,757	7,576	1,457	840	654	166	44	12	5	1	2
2019.12	관악구	중앙동	9,409	6,168	1,563	825	651	151	36	11	-	3	1
2019.12	관악구	인헌동	14,098	7,706	2,712	1,770	1,447	354	72	28	6	1	2
2019.12	관악구	남현동	9,394	4,727	1,921	1,344	1,049	261	63	17	6	2	4
2019.12	관악구	서원동	13,893	8,769	2,548	1,392	877	222	66	14	4	1	-
2019.12	관악구	신원동	10,530	6,191	2,113	1,163	819	176	46	15	1	3	3
2019.12	관악구	서림동	14,106	9,096	2,268	1,373	1,006	267	68	21	5	-	2
2019.12	관악구	신사동	13,240	8,151	2,312	1,416	1,057	235	53	10	6	-	-
2019.12	관악구	신림동	16,720	13,623	1,931	664	383	88	26	3	-	1	1
2019.12	관악구	난향동	6,460	1,925	1,531	1,316	1,253	328	74	24	7	-	2
2019.12	관악구	조원동	10,305	6,481	1,800	986	797	179	38	15	6	3	-
2019.12	관악구	대학동	15,751	11,696	1,812	1,113	848	209	61	9	3	-	-
2019.12	관악구	은천동	15,879	6,735	3,491	2,630	2,284	559	143	25	9	2	1
2019.12	관악구	성현동	12,444	3,790	2,934	2,530	2,461	582	102	31	9	3	2
2019.12	관악구	청룡동	21,054	14,777	2,857	1,656	1,339	326	78	14	5	-	2
2019.12	관악구	난곡동	12,943	5,177	3,189	2,258	1,769	411	101	27	9	1	1
2019.12	관악구	삼성동	11,461	4,700	2,770	1,878	1,574	414	91	25	3	4	2
2019.12	관악구	미성동	14,141	5,485	3,189	2,594	2,159	563	104	35	8	2	2
2019.12	서초구	소계	173,199	58,281	34,529	33,997	34,943	8,508	2,069	566	202	52	52
2019.12	서초구	서초1동	9,364	3,946	1,744	1,582	1,518	404	123	32	12	2	1
2019.12	서초구	서초2동	8,406	3,753	1,499	1,423	1,331	289	79	21	5	2	4
2019.12	서초구	서초3동	13,544	5,732	2,652	2,264	2,084	559	173	43	19	8	10
2019.12	서초구	서초4동	11,039	2,381	1,939	2,588	3,276	663	127	46	12	6	1
2019.12	서초구	잠원동	14,042	4,666	2,636	2,988	3,012	566	117	32	19	4	2
2019.12	서초구	반포본동	4,133	757	818	972	1,243	257	58	22	3	1	2
2019.12	서초구	반포1동	14,373	6,313	2,236	2,337	2,656	625	145	39	18	4	-
2019.12	서초구	반포2동	5,117	694	827	1,295	1,710	467	90	20	9	3	2
2019.12	서초구	반포3동	7,053	1,304	1,393	1,856	1,987	412	66	22	9	1	3
2019.12	서초구	반포4동	7,321	1,873	1,506	1,773	1,609	404	115	24	9	5	3
2019.12	서초구	방배본동	7,891	2,103	1,548	1,689	1,898	483	112	40	10	3	5
2019.12	서초구	방배1동	7,617	2,931	1,743	1,348	1,201	290	73	20	7	1	3
2019.12	서초구	방배2동	8,792	3,116	2,066	1,661	1,472	375	63	24	6	3	6
2019.12	서초구	방배3동	8,444	2,233	1,870	1,870	1,876	434	114	34	10	1	2
2019.12	서초구	방배4동	9,747	3,414	2,026	1,779	1,888	467	132	27	13	-	1
2019.12	서초구	양재1동	18,243	5,971	4,000	3,417	3,419	1,074	268	70	17	4	3
2019.12	서초구	양재2동	10,776	4,964	2,217	1,614	1,449	390	102	26	12	-	2
2019.12	서초구	내곡동	7,297	2,130	1,809	1,541	1,314	349	112	24	12	4	2
2019.12	강남구	소계	232,981	92,008	43,728	41,405	42,892	9,840	2,182	632	176	76	42
2019.12	강남구	신사동	7,429	2,919	1,530	1,306	1,222	316	91	28	10	4	3
2019.12	강남구	논현1동	14,275	9,446	2,452	1,221	810	245	61	25	9	4	2
2019.12	강남구	논현2동	11,370	6,249	2,038	1,543	1,182	268	64	18	7	1	-
2019.12	강남구	삼성1동	5,945	2,038	1,200	1,187	1,109	295	77	29	8	1	1
2019.12	강남구	삼성2동	13,501	5,891	2,322	2,227	2,374	493	127	50	10	3	4
2019.12	강남구	대치1동	7,401	578	897	1,948	3,119	668	143	31	8	6	3
2019.12	강남구	대치4동	10,181	5,333	1,674	1,372	1,406	302	68	21	5	-	-
2019.12	강남구	역삼1동	23,650	16,828	3,525	1,688	1,171	316	81	25	9	6	1
2019.12	강남구	역삼2동	15,528	6,422	2,291	2,798	3,178	641	139	33	9	7	10
2019.12	강남구	도곡1동	8,556	2,506	1,577	1,859	2,064	404	95	32	11	8	-
2019.12	강남구	도곡2동	11,813	2,164	2,320	2,972	3,449	714	146	32	10	3	3
2019.12	강남구	개포1동	2,737	841	619	517	580	148	23	6	2	1	-
2019.12	강남구	개포4동	7,745	2,923	1,566	1,458	1,363	340	63	21	6	3	2
2019.12	강남구	일원본동	8,181	1,461	1,491	2,041	2,559	507	94	21	3	2	2
2019.12	강남구	일원1동	7,519	3,148	1,784	1,248	977	282	60	17	3	-	-
2019.12	강남구	일원2동	7,356	2,207	1,795	1,536	1,484	277	42	13	-	1	1
2019.12	강남구	수서동	7,872	3,367	2,318	1,231	703	192	45	9	7	-	-
2019.12	강남구	세곡동	17,833	5,865	3,827	3,268	3,344	1,132	302	72	16	5	2
2019.12	강남구	압구정동	10,687	2,993	2,396	2,393	2,195	541	118	36	5	8	2
2019.12	강남구	청담동	12,553	4,727	2,442	2,390	2,228	550	136	51	20	5	4
2019.12	강남구	대치2동	12,920	2,425	2,011	3,208	4,249	832	130	45	12	6	2
2019.12	강남구	개포2동	7,929	1,677	1,653	1,994	2,126	377	77	17	6	2	-
2019.12	송파구	소계	278,711	95,719	58,596	55,022	53,880	11,923	2,698	610	185	47	31
2019.12	송파구	풍납1동	6,581	2,546	1,588	1,172	1,015	195	52	9	3	1	-
2019.12	송파구	풍납2동	10,694	4,014	2,108	2,125	1,910	408	97	27	5	-	-
2019.12	송파구	거여1동	5,493	1,868	1,300	1,038	992	227	55	10	2	-	1
2019.12	송파구	거여2동	7,187	2,507	1,778	1,413	1,146	262	59	17	2	1	2
2019.12	송파구	마천1동	9,072	3,526	2,129	1,554	1,345	410	80	23	3	2	-
2019.12	송파구	마천2동	8,686	3,170	2,112	1,611	1,335	335	95	19	7	1	1
2019.12	송파구	방이1동	6,262	1,845	1,194	1,315	1,467	335	81	16	7	1	1
2019.12	송파구	방이2동	13,511	7,290	2,687	1,802	1,336	313	63	14	5	-	1
2019.12	송파구	오륜동	5,957	672	1,060	1,577	2,077	457	76	28	7	1	2
2019.12	송파구	오금동	15,838	4,320	3,594	3,615	3,322	762	179	37	7	2	-
2019.12	송파구	송파1동	12,446	5,889	2,676	1,895	1,486	367	91	31	6	3	2
2019.12	송파구	송파2동	7,414	1,640	1,528	1,752	1,915	452	93	18	11	4	1
2019.12	송파구	석촌동	16,993	8,566	3,525	2,440	1,880	427	123	18	8	5	1
2019.12	송파구	삼전동	16,269	8,213	3,292	2,365	1,856	420	92	23	4	1	3
2019.12	송파구	가락본동	11,901	4,572	2,479	2,213	2,010	501	95	25	4	-	2
2019.12	송파구	가락1동	9,810	1,644	2,492	2,516	2,535	476	120	16	6	3	2
2019.12	송파구	가락2동	12,326	2,940	2,466	2,949	3,142	626	151	39	12	1	-
2019.12	송파구	문정1동	8,555	2,774	1,878	1,730	1,654	405	83	15	14	1	1
2019.12	송파구	문정2동	15,486	8,458	2,796	1,930	1,779	376	104	25	13	2	3
2019.12	송파구	장지동	12,957	3,627	3,117	2,885	2,544	615	129	29	10	1	-
2019.12	송파구	위례동	9,011	1,047	1,792	2,304	2,899	762	172	24	10	1	-
2019.12	송파구	잠실본동	15,191	8,153	2,962	2,007	1,571	363	109	18	7	-	1
2019.12	송파구	잠실4동	7,482	1,213	1,441	2,015	2,250	424	98	27	7	6	1
2019.12	송파구	잠실6동	5,926	961	1,336	1,578	1,552	375	85	30	5	2	2
2019.12	송파구	잠실7동	3,481	520	825	890	973	214	42	13	3	1	-
2019.12	송파구	잠실2동	11,986	1,839	1,869	3,091	4,298	712	143	25	6	3	-
2019.12	송파구	잠실3동	12,196	1,905	2,572	3,240	3,591	704	131	34	11	4	4
2019.12	강동구	소계	183,390	64,739	40,394	35,757	32,607	7,706	1,586	428	123	28	22
2019.12	강동구	강일동	11,159	2,271	2,592	2,232	2,791	1,036	194	32	9	2	-
2019.12	강동구	상일동	4,109	1,140	906	917	866	217	45	14	2	1	1
2019.12	강동구	명일1동	9,915	2,276	2,316	2,358	2,345	479	100	24	13	3	1
2019.12	강동구	명일2동	5,985	1,142	1,074	1,352	1,880	419	76	28	11	1	2
2019.12	강동구	고덕1동	9,069	1,626	1,583	2,301	2,831	577	109	28	8	1	5
2019.12	강동구	고덕2동	7,501	2,049	1,745	1,697	1,632	300	49	18	9	-	2
2019.12	강동구	암사2동	6,054	1,893	1,442	1,307	1,122	230	43	10	2	4	1
2019.12	강동구	암사3동	6,366	1,098	1,369	1,625	1,707	419	98	29	15	3	3
2019.12	강동구	천호1동	12,807	5,201	2,941	2,400	1,737	415	82	22	6	2	1
2019.12	강동구	천호3동	13,720	6,642	2,975	2,146	1,505	341	84	25	1	-	1
2019.12	강동구	성내1동	8,143	2,408	1,861	1,792	1,615	372	68	22	3	-	2
2019.12	강동구	성내2동	12,513	6,275	2,717	1,916	1,211	299	68	16	9	2	-
2019.12	강동구	성내3동	10,330	3,922	2,305	1,911	1,710	390	68	18	4	1	1
2019.12	강동구	둔촌1동	164	114	20	12	14	2	2	-	-	-	-
2019.12	강동구	둔촌2동	11,212	3,575	2,484	2,332	2,225	473	93	25	3	1	1
2019.12	강동구	암사1동	16,144	6,182	3,744	3,076	2,447	541	111	33	10	-	-
2019.12	강동구	천호2동	17,602	8,529	3,895	2,689	1,915	432	108	26	7	1	-
2019.12	강동구	길동	20,597	8,396	4,425	3,694	3,054	764	188	58	11	6	1