기간	자치구	동	전체세대수	1인세대	2인세대	3인세대	4인세대	5인세대	6인세대	7인세대	8인세대	9인세대	10인세대 이상
2020.01	합계	합계	4,334,918	1,761,091	920,864	765,895	678,382	159,958	35,735	9,034	2,572	801	586
2020.01	종로구	계	73,925	36,662	14,191	10,801	8,918	2,491	582	195	50	21	14
2020.01	종로구	사직동	4,628	2,269	904	688	540	164	31	25	3	2	2
2020.01	종로구	삼청동	1,400	743	260	178	149	46	16	6	1	-	1
2020.01	종로구	부암동	4,298	1,627	945	760	696	186	55	20	5	2	2
2020.01	종로구	평창동	7,514	2,412	1,718	1,484	1,353	417	80	31	13	5	1
2020.01	종로구	무악동	3,185	739	705	731	767	190	36	12	1	2	2
2020.01	종로구	교남동	4,595	1,646	1,099	905	745	150	32	12	5	1	-
2020.01	종로구	가회동	2,063	932	442	342	249	64	26	6	1	-	1
2020.01	종로구	종로1.2.3.4가동	5,189	4,115	512	287	199	55	13	6	2	-	-
2020.01	종로구	종로5·6가동	3,386	2,325	507	293	191	54	11	2	2	1	-
2020.01	종로구	이화동	4,435	2,669	799	482	347	104	24	8	1	1	-
2020.01	종로구	창신1동	2,948	1,733	584	320	211	79	16	5	-	-	-
2020.01	종로구	창신2동	4,126	1,925	905	647	456	147	33	10	2	1	-
2020.01	종로구	창신3동	2,900	925	658	648	466	164	32	3	4	-	-
2020.01	종로구	숭인1동	2,964	1,359	645	473	355	101	24	6	-	1	-
2020.01	종로구	숭인2동	5,747	3,789	913	522	399	97	21	4	2	-	-
2020.01	종로구	청운효자동	5,381	1,987	1,150	991	920	242	61	22	4	4	-
2020.01	종로구	혜화동	9,166	5,467	1,445	1,050	875	231	71	17	4	1	5
2020.01	중구	계	62,814	31,115	13,227	9,130	6,997	1,709	456	123	23	15	19
2020.01	중구	소공동	1,114	624	208	156	101	17	5	1	-	-	2
2020.01	중구	회현동	3,142	2,088	448	287	229	65	14	10	1	-	-
2020.01	중구	명동	1,548	1,083	203	140	82	22	9	5	1	-	3
2020.01	중구	필동	2,299	1,431	419	222	160	52	10	3	1	-	1
2020.01	중구	장충동	2,689	1,702	431	245	217	70	18	1	2	1	2
2020.01	중구	광희동	2,968	1,916	522	281	181	46	16	4	1	-	1
2020.01	중구	을지로동	1,336	1,065	154	63	40	11	3	-	-	-	-
2020.01	중구	신당5동	5,304	2,620	1,135	770	582	142	41	10	3	1	-
2020.01	중구	황학동	6,858	3,713	1,489	885	582	146	33	8	-	1	1
2020.01	중구	중림동	5,828	2,490	1,271	1,030	795	174	47	17	4	-	-
2020.01	중구	신당동	4,437	2,754	824	432	327	68	26	4	1	1	-
2020.01	중구	다산동	6,963	3,150	1,621	1,056	875	191	46	16	3	2	3
2020.01	중구	약수동	7,817	2,863	2,038	1,539	1,040	241	74	15	2	2	3
2020.01	중구	청구동	6,363	2,464	1,515	1,153	932	232	53	7	1	5	1
2020.01	중구	동화동	4,148	1,152	949	871	854	232	61	22	3	2	2
2020.01	용산구	계	110,457	52,299	22,771	17,041	13,572	3,555	873	226	68	29	23
2020.01	용산구	후암동	8,596	4,074	1,744	1,397	982	301	69	17	5	3	4
2020.01	용산구	용산2가동	5,442	2,795	1,205	774	501	131	26	7	3	-	-
2020.01	용산구	남영동	5,418	4,174	599	310	240	72	13	6	1	1	2
2020.01	용산구	원효로2동	6,008	2,082	1,295	1,191	1,071	265	75	15	9	3	2
2020.01	용산구	효창동	4,286	1,490	998	816	714	192	61	12	1	2	-
2020.01	용산구	용문동	5,380	1,938	1,292	1,025	840	222	47	10	3	2	1
2020.01	용산구	이촌1동	10,278	2,184	2,278	2,634	2,417	566	136	44	14	4	1
2020.01	용산구	이촌2동	3,848	1,298	1,056	767	535	138	35	12	7	-	-
2020.01	용산구	이태원1동	3,752	2,167	709	442	313	82	31	7	-	-	1
2020.01	용산구	이태원2동	4,887	2,599	1,030	656	433	115	44	7	1	2	-
2020.01	용산구	서빙고동	5,281	1,695	1,118	956	1,082	342	67	20	-	-	1
2020.01	용산구	보광동	7,639	4,044	1,674	1,000	697	176	37	7	2	2	-
2020.01	용산구	청파동	10,761	6,309	1,972	1,189	938	261	66	18	3	1	4
2020.01	용산구	원효로1동	7,886	3,753	1,671	1,241	936	230	41	5	5	2	2
2020.01	용산구	한강로동	9,801	5,546	1,833	1,232	907	197	59	17	7	2	1
2020.01	용산구	한남동	11,194	6,151	2,297	1,411	966	265	66	22	7	5	4
2020.01	성동구	계	135,732	55,547	29,630	24,708	19,844	4,526	1,077	285	77	24	14
2020.01	성동구	왕십리2동	7,592	2,916	1,715	1,425	1,161	265	86	17	2	4	1
2020.01	성동구	마장동	10,859	4,858	2,281	1,761	1,455	372	87	28	10	2	5
2020.01	성동구	사근동	7,359	5,192	954	571	472	132	25	9	4	-	-
2020.01	성동구	행당1동	7,266	3,041	1,531	1,319	1,070	230	49	17	7	1	1
2020.01	성동구	행당2동	9,449	2,362	2,370	2,184	1,981	413	106	23	7	1	2
2020.01	성동구	응봉동	6,159	1,619	1,399	1,432	1,316	300	70	16	5	1	1
2020.01	성동구	금호1가동	6,635	2,127	1,640	1,430	1,113	252	59	12	2	-	-
2020.01	성동구	금호4가동	6,436	2,158	1,573	1,462	973	206	43	17	3	-	1
2020.01	성동구	성수1가1동	7,598	3,103	1,687	1,302	1,194	237	56	10	6	2	1
2020.01	성동구	성수1가2동	6,763	3,078	1,402	1,127	874	222	47	9	3	1	-
2020.01	성동구	성수2가1동	8,486	4,137	1,778	1,295	988	224	53	6	4	1	-
2020.01	성동구	성수2가3동	5,690	2,918	1,082	793	661	175	47	14	-	-	-
2020.01	성동구	송정동	5,513	2,752	1,138	814	617	154	31	5	-	2	-
2020.01	성동구	용답동	6,799	4,015	1,208	769	618	136	37	14	-	1	1
2020.01	성동구	왕십리도선동	11,790	4,413	2,525	2,315	1,969	433	95	29	8	3	-
2020.01	성동구	금호2.3가동	10,311	3,612	2,527	2,144	1,566	337	87	26	8	3	1
2020.01	성동구	옥수동	11,027	3,246	2,820	2,565	1,816	438	99	33	8	2	-
2020.01	광진구	계	164,730	74,450	33,408	26,664	23,362	5,200	1,186	321	92	31	16
2020.01	광진구	화양동	16,221	12,773	1,968	744	583	110	32	10	-	-	1
2020.01	광진구	군자동	10,742	6,030	2,025	1,356	1,019	235	51	18	5	2	1
2020.01	광진구	중곡1동	8,049	3,947	1,843	1,200	811	186	40	14	5	3	-
2020.01	광진구	중곡2동	10,514	4,597	2,396	1,748	1,364	313	72	16	6	2	-
2020.01	광진구	중곡3동	8,468	4,031	1,896	1,317	921	248	45	6	3	1	-
2020.01	광진구	중곡4동	13,232	4,953	3,128	2,538	1,990	468	112	29	10	2	2
2020.01	광진구	능동	6,343	3,578	1,298	733	533	142	45	10	2	2	-
2020.01	광진구	구의1동	11,892	6,456	2,389	1,566	1,110	283	69	16	2	-	1
2020.01	광진구	구의2동	11,635	4,181	2,594	2,269	1,971	466	105	35	8	3	3
2020.01	광진구	구의3동	12,183	4,078	2,542	2,491	2,396	529	104	28	11	3	1
2020.01	광진구	광장동	12,002	2,170	1,938	3,009	3,937	715	179	34	14	4	2
2020.01	광진구	자양1동	11,537	5,699	2,436	1,688	1,315	308	64	20	3	3	1
2020.01	광진구	자양2동	11,242	4,027	2,523	2,200	1,909	443	97	33	6	2	2
2020.01	광진구	자양3동	11,053	2,900	2,434	2,456	2,572	513	126	34	15	2	1
2020.01	광진구	자양4동	9,617	5,030	1,998	1,349	931	241	45	18	2	2	1
2020.01	동대문구	계	164,359	75,943	33,415	26,137	21,735	5,428	1,261	331	73	22	14
2020.01	동대문구	회기동	6,010	3,884	887	572	490	137	28	7	4	1	-
2020.01	동대문구	휘경1동	7,461	4,036	1,350	988	817	205	50	12	-	2	1
2020.01	동대문구	휘경2동	11,505	5,475	2,083	1,803	1,612	407	91	28	4	1	1
2020.01	동대문구	청량리동	10,430	4,983	2,313	1,556	1,157	329	78	12	1	-	1
2020.01	동대문구	용신동	17,396	10,455	3,110	1,919	1,449	353	79	24	7	-	-
2020.01	동대문구	제기동	12,968	6,928	2,581	1,700	1,261	369	98	24	2	3	2
2020.01	동대문구	전농1동	15,048	7,328	3,003	2,379	1,776	437	87	23	9	2	4
2020.01	동대문구	전농2동	7,738	2,255	1,838	1,694	1,440	390	91	24	5	-	1
2020.01	동대문구	답십리2동	12,993	4,599	3,158	2,500	2,107	495	99	26	8	1	-
2020.01	동대문구	장안1동	17,637	7,440	3,847	3,028	2,517	624	138	34	6	3	-
2020.01	동대문구	장안2동	13,634	4,619	2,998	2,792	2,485	553	143	34	7	1	2
2020.01	동대문구	이문1동	10,361	6,214	1,707	1,133	977	244	63	15	5	2	1
2020.01	동대문구	이문2동	8,482	2,840	1,913	1,632	1,577	381	92	35	8	4	-
2020.01	동대문구	답십리1동	12,696	4,887	2,627	2,441	2,070	504	124	33	7	2	1
2020.01	중랑구	계	181,774	75,197	41,682	31,799	25,288	6,139	1,242	317	76	19	15
2020.01	중랑구	면목2동	12,255	5,533	2,757	1,948	1,546	368	82	14	7	-	-
2020.01	중랑구	면목4동	9,249	3,941	2,144	1,610	1,190	287	58	15	4	-	-
2020.01	중랑구	면목5동	4,542	1,928	1,070	790	590	130	24	8	2	-	-
2020.01	중랑구	면목7동	10,305	4,312	2,448	1,784	1,366	302	70	18	4	1	-
2020.01	중랑구	상봉1동	10,268	3,152	2,371	2,199	2,041	403	75	23	3	1	-
2020.01	중랑구	상봉2동	11,148	6,520	2,249	1,294	851	165	49	10	7	2	1
2020.01	중랑구	중화1동	9,018	3,229	2,229	1,781	1,361	338	48	19	7	3	3
2020.01	중랑구	중화2동	13,997	7,261	3,133	1,932	1,275	318	57	16	2	1	2
2020.01	중랑구	묵1동	14,575	4,680	3,307	3,051	2,678	645	157	44	9	2	2
2020.01	중랑구	묵2동	9,177	3,880	2,133	1,630	1,149	307	61	13	-	2	2
2020.01	중랑구	망우3동	8,443	3,731	1,999	1,416	1,006	224	57	5	2	3	-
2020.01	중랑구	신내1동	14,849	3,522	3,456	3,171	3,361	1,074	196	53	15	-	1
2020.01	중랑구	신내2동	9,054	2,822	2,279	1,971	1,564	330	66	14	6	1	1
2020.01	중랑구	면목본동	17,616	8,404	3,962	2,741	1,944	464	75	21	1	2	2
2020.01	중랑구	면목3.8동	12,539	5,563	2,900	2,099	1,534	341	76	23	3	-	-
2020.01	중랑구	망우본동	14,739	6,719	3,245	2,382	1,832	443	91	21	4	1	1
2020.01	성북구	계	192,809	75,051	41,043	35,372	31,517	7,531	1,666	449	107	32	41
2020.01	성북구	돈암1동	6,259	1,768	1,561	1,335	1,216	287	70	19	-	2	1
2020.01	성북구	돈암2동	8,619	1,638	1,816	2,168	2,255	568	117	35	16	2	4
2020.01	성북구	안암동	9,174	5,960	1,427	897	697	142	40	7	2	-	2
2020.01	성북구	보문동	7,931	3,793	1,599	1,255	1,009	225	36	10	2	-	2
2020.01	성북구	정릉1동	7,445	2,194	1,648	1,663	1,476	344	82	30	3	2	3
2020.01	성북구	정릉2동	9,643	3,042	2,333	1,988	1,735	406	102	28	4	3	2
2020.01	성북구	정릉3동	7,726	4,004	1,525	1,070	839	226	44	14	-	1	3
2020.01	성북구	정릉4동	10,964	3,657	2,592	2,236	1,860	464	109	29	12	3	2
2020.01	성북구	길음1동	12,796	2,510	2,442	3,186	3,712	732	165	32	9	3	5
2020.01	성북구	길음2동	6,899	2,346	1,466	1,420	1,300	296	53	17	1	-	-
2020.01	성북구	월곡1동	10,817	3,234	2,463	2,252	2,189	527	113	27	10	2	-
2020.01	성북구	월곡2동	9,287	4,155	1,892	1,503	1,299	331	77	16	8	3	3
2020.01	성북구	장위1동	8,961	3,394	2,132	1,659	1,336	333	75	27	3	1	1
2020.01	성북구	장위2동	6,287	2,521	1,561	1,109	809	216	51	15	3	2	-
2020.01	성북구	장위3동	7,224	2,349	1,550	1,549	1,416	284	58	14	3	1	-
2020.01	성북구	성북동	8,097	3,788	1,746	1,210	942	293	80	26	5	1	6
2020.01	성북구	삼선동	12,226	5,998	2,420	1,725	1,565	402	89	18	7	1	1
2020.01	성북구	동선동	9,088	5,764	1,476	953	652	189	39	9	4	1	1
2020.01	성북구	종암동	17,131	6,407	3,588	3,193	2,985	749	152	46	4	3	4
2020.01	성북구	석관동	16,235	6,529	3,806	3,001	2,225	517	114	30	11	1	1
2020.01	강북구	계	144,431	59,899	33,949	25,107	19,234	4,828	1,065	222	83	23	21
2020.01	강북구	번1동	10,247	5,459	2,157	1,437	915	212	57	5	5	-	-
2020.01	강북구	번2동	7,641	2,809	2,064	1,500	954	238	60	12	2	1	1
2020.01	강북구	번3동	7,569	2,296	2,147	1,517	1,207	309	75	14	3	1	-
2020.01	강북구	수유1동	10,375	4,730	2,364	1,660	1,218	308	67	16	7	2	3
2020.01	강북구	수유2동	9,616	3,506	2,516	1,776	1,326	383	81	20	5	1	2
2020.01	강북구	수유3동	12,683	6,854	2,591	1,776	1,127	265	48	14	4	2	2
2020.01	강북구	삼양동	11,499	4,630	2,728	2,039	1,573	420	77	17	9	4	2
2020.01	강북구	미아동	11,362	5,730	2,436	1,637	1,178	301	61	9	7	1	2
2020.01	강북구	송중동	13,901	5,796	3,146	2,432	1,910	476	104	25	7	2	3
2020.01	강북구	송천동	13,726	6,271	3,206	2,160	1,610	388	70	14	6	1	-
2020.01	강북구	삼각산동	11,742	2,546	2,486	2,755	3,099	664	142	32	15	3	-
2020.01	강북구	우이동	9,505	3,595	2,456	1,744	1,237	353	91	16	5	4	4
2020.01	강북구	인수동	14,565	5,677	3,652	2,674	1,880	511	132	28	8	1	2
2020.01	도봉구	계	138,509	45,195	33,579	28,437	23,853	5,720	1,271	312	91	41	10
2020.01	도봉구	쌍문1동	9,331	3,151	2,310	1,878	1,450	410	100	21	8	2	1
2020.01	도봉구	쌍문2동	8,642	3,069	2,213	1,707	1,247	309	73	17	4	1	2
2020.01	도봉구	쌍문3동	7,854	3,166	1,927	1,386	1,057	257	44	13	2	1	1
2020.01	도봉구	쌍문4동	7,172	1,523	1,578	1,764	1,837	386	65	15	2	2	-
2020.01	도봉구	방학1동	12,766	4,685	2,972	2,349	2,038	546	130	35	6	3	2
2020.01	도봉구	방학2동	9,563	3,815	2,356	1,751	1,212	326	81	18	3	1	-
2020.01	도봉구	방학3동	10,068	1,793	2,431	2,505	2,535	609	147	32	11	5	-
2020.01	도봉구	창1동	10,918	3,611	2,598	2,268	1,950	377	86	21	4	2	1
2020.01	도봉구	창2동	12,370	3,764	3,091	2,705	2,123	517	122	32	10	6	-
2020.01	도봉구	창3동	6,655	2,616	1,645	1,208	897	229	45	13	2	-	-
2020.01	도봉구	창4동	10,597	2,838	2,350	2,344	2,400	526	101	20	14	4	-
2020.01	도봉구	창5동	10,128	2,901	2,321	2,272	2,058	438	97	26	9	6	-
2020.01	도봉구	도봉1동	10,267	4,154	2,678	1,798	1,208	332	60	21	9	4	3
2020.01	도봉구	도봉2동	12,178	4,109	3,109	2,502	1,841	458	120	28	7	4	-
2020.01	노원구	계	217,054	69,581	48,732	44,374	42,873	9,118	1,810	397	108	40	21
2020.01	노원구	월계1동	10,458	4,381	2,199	1,790	1,582	417	70	17	1	1	-
2020.01	노원구	월계2동	11,851	4,069	3,061	2,298	1,865	432	104	16	3	2	1
2020.01	노원구	월계3동	12,970	3,834	3,526	2,798	2,185	478	114	24	8	2	1
2020.01	노원구	공릉2동	16,248	5,471	3,109	3,284	3,456	722	151	34	12	8	1
2020.01	노원구	하계1동	12,147	4,643	2,380	2,168	2,332	501	84	23	10	1	5
2020.01	노원구	하계2동	8,261	1,662	1,765	1,992	2,287	451	80	17	5	2	-
2020.01	노원구	중계본동	8,874	2,022	1,401	1,909	2,721	662	123	27	6	2	1
2020.01	노원구	중계1동	9,111	1,419	1,360	2,341	3,313	564	84	21	8	1	-
2020.01	노원구	중계4동	8,451	2,564	1,961	1,658	1,775	388	80	19	2	2	2
2020.01	노원구	상계1동	15,573	4,395	3,641	3,373	3,142	808	166	32	9	3	4
2020.01	노원구	상계2동	8,759	3,220	1,717	1,619	1,720	359	98	20	4	1	1
2020.01	노원구	상계5동	10,908	3,894	2,606	2,151	1,729	412	86	20	7	3	-
2020.01	노원구	상계8동	9,238	2,266	2,282	2,311	1,960	353	52	11	3	-	-
2020.01	노원구	상계9동	8,442	2,053	2,132	2,051	1,809	326	55	12	1	3	-
2020.01	노원구	상계10동	6,592	1,746	1,738	1,499	1,348	198	42	13	5	3	-
2020.01	노원구	상계3.4동	11,720	4,588	2,848	2,045	1,643	444	112	28	10	2	-
2020.01	노원구	상계6.7동	14,003	4,238	3,313	3,035	2,795	512	81	21	4	1	3
2020.01	노원구	중계2.3동	15,371	4,890	4,013	3,118	2,690	541	96	17	3	1	2
2020.01	노원구	공릉1동	18,077	8,226	3,680	2,934	2,521	550	132	25	7	2	-
2020.01	은평구	계	207,824	77,271	48,376	39,051	32,354	8,155	1,954	461	129	39	34
2020.01	은평구	녹번동	17,146	6,640	4,225	3,197	2,346	574	113	34	12	2	3
2020.01	은평구	불광1동	17,869	6,615	4,338	3,494	2,619	602	149	39	10	3	-
2020.01	은평구	갈현1동	11,214	4,650	2,648	1,996	1,457	357	78	18	7	1	2
2020.01	은평구	갈현2동	12,626	4,300	3,067	2,566	2,062	467	129	23	7	3	2
2020.01	은평구	구산동	13,226	4,152	3,189	2,731	2,346	616	130	41	12	2	7
2020.01	은평구	대조동	13,884	6,853	3,021	2,079	1,442	357	105	20	4	2	1
2020.01	은평구	응암1동	11,458	4,827	2,517	1,946	1,655	381	102	12	6	5	7
2020.01	은평구	응암2동	10,039	2,835	2,380	2,314	1,923	445	98	29	10	2	3
2020.01	은평구	신사1동	11,730	3,752	2,907	2,469	1,974	469	116	32	7	3	1
2020.01	은평구	신사2동	9,197	3,221	2,167	1,797	1,511	374	99	21	6	-	1
2020.01	은평구	증산동	6,913	2,474	1,720	1,255	1,101	289	53	18	3	-	-
2020.01	은평구	수색동	3,826	1,395	921	722	578	163	40	6	1	-	-
2020.01	은평구	진관동	21,550	6,191	4,164	4,219	5,005	1,505	366	72	18	6	4
2020.01	은평구	불광2동	13,838	5,994	3,298	2,330	1,658	430	96	21	7	3	1
2020.01	은평구	응암3동	12,590	5,868	2,903	1,928	1,439	325	92	25	7	1	2
2020.01	은평구	역촌동	20,718	7,504	4,911	4,008	3,238	801	188	50	12	6	-
2020.01	서대문구	계	140,625	59,107	29,877	24,304	20,741	4,975	1,197	294	92	25	13
2020.01	서대문구	천연동	8,173	3,298	1,756	1,492	1,257	286	60	15	5	2	2
2020.01	서대문구	홍제1동	10,328	3,485	2,467	2,068	1,738	431	95	28	11	3	2
2020.01	서대문구	홍제3동	7,095	2,653	1,657	1,358	1,086	270	56	8	7	-	-
2020.01	서대문구	홍제2동	5,825	1,731	1,408	1,268	1,099	255	45	13	4	1	1
2020.01	서대문구	홍은1동	9,439	3,138	2,219	1,827	1,688	418	117	27	4	-	1
2020.01	서대문구	홍은2동	12,189	4,765	2,797	2,196	1,808	443	128	35	14	3	-
2020.01	서대문구	남가좌1동	6,049	1,446	1,211	1,471	1,484	338	76	18	4	1	-
2020.01	서대문구	남가좌2동	11,656	4,683	2,553	2,094	1,814	386	95	24	6	1	-
2020.01	서대문구	북가좌1동	6,999	1,604	1,652	1,643	1,583	394	92	19	8	2	2
2020.01	서대문구	북가좌2동	14,752	5,566	3,528	2,756	2,192	542	129	33	6	-	-
2020.01	서대문구	충현동	8,832	4,479	1,741	1,218	1,049	258	64	18	3	1	1
2020.01	서대문구	북아현동	7,508	2,837	1,676	1,503	1,190	239	44	12	3	4	-
2020.01	서대문구	신촌동	12,416	9,268	1,498	811	620	152	42	13	6	2	4
2020.01	서대문구	연희동	19,364	10,154	3,714	2,599	2,133	563	154	31	11	5	-
2020.01	마포구	계	175,282	78,992	35,994	28,520	24,414	5,669	1,220	312	107	28	26
2020.01	마포구	용강동	9,180	3,206	1,963	1,875	1,662	363	79	23	6	3	-
2020.01	마포구	대흥동	7,158	4,816	1,122	596	493	97	24	4	2	-	4
2020.01	마포구	염리동	5,713	2,462	1,195	984	837	181	38	12	2	-	2
2020.01	마포구	신수동	10,169	3,863	2,138	1,995	1,697	363	82	21	9	1	-
2020.01	마포구	서교동	14,081	8,827	2,366	1,466	1,058	276	62	17	4	4	1
2020.01	마포구	합정동	9,602	5,026	2,126	1,270	898	205	49	15	7	-	6
2020.01	마포구	망원1동	10,666	5,095	2,445	1,497	1,247	306	57	13	4	-	2
2020.01	마포구	망원2동	8,419	3,186	1,977	1,462	1,396	313	66	13	6	-	-
2020.01	마포구	연남동	8,649	4,926	1,684	1,040	732	207	39	13	4	3	1
2020.01	마포구	성산1동	9,387	4,271	2,050	1,491	1,145	325	68	23	9	5	-
2020.01	마포구	성산2동	18,932	8,176	3,903	3,198	2,827	648	134	28	15	2	1
2020.01	마포구	상암동	12,794	4,290	2,502	2,436	2,634	729	150	35	11	4	3
2020.01	마포구	도화동	9,591	3,611	2,043	1,807	1,615	390	95	21	5	2	2
2020.01	마포구	서강동	11,652	5,229	2,240	1,953	1,747	383	67	22	8	1	2
2020.01	마포구	공덕동	19,077	8,788	3,983	3,083	2,511	532	136	29	12	2	1
2020.01	마포구	아현동	10,212	3,220	2,257	2,367	1,915	351	74	23	3	1	1
2020.01	양천구	계	177,326	50,766	37,701	38,276	39,476	8,679	1,804	421	138	36	29
2020.01	양천구	목1동	10,501	1,585	1,729	2,935	3,419	654	122	40	13	2	2
2020.01	양천구	목2동	13,165	4,684	2,875	2,595	2,298	544	126	27	8	4	4
2020.01	양천구	목3동	9,976	3,600	2,426	1,956	1,543	325	87	28	7	3	1
2020.01	양천구	목4동	10,129	2,962	1,895	2,096	2,487	531	122	24	10	1	1
2020.01	양천구	신월1동	10,113	4,369	2,350	1,751	1,260	302	62	15	3	1	-
2020.01	양천구	신월2동	8,559	2,404	2,029	1,879	1,637	462	100	35	8	2	3
2020.01	양천구	신월3동	8,095	3,897	1,774	1,220	873	257	59	10	2	-	3
2020.01	양천구	신월4동	6,904	1,520	1,613	1,637	1,587	408	110	24	3	2	-
2020.01	양천구	신월5동	6,411	2,167	1,478	1,308	1,080	280	74	19	-	4	1
2020.01	양천구	신월6동	2,492	645	587	533	556	134	30	7	-	-	-
2020.01	양천구	신월7동	9,250	3,026	2,579	1,861	1,396	294	69	15	8	1	1
2020.01	양천구	신정1동	7,254	1,396	1,243	1,686	2,345	478	80	14	9	-	3
2020.01	양천구	신정2동	7,163	1,571	1,283	1,546	2,201	467	75	12	4	3	1
2020.01	양천구	신정3동	17,956	4,554	4,134	3,878	4,037	1,092	199	42	15	3	2
2020.01	양천구	신정6동	8,152	1,012	1,456	2,258	2,771	516	111	16	9	1	2
2020.01	양천구	신정7동	11,625	2,960	2,583	2,630	2,796	524	97	22	13	-	-
2020.01	양천구	목5동	13,557	1,643	2,070	3,697	5,058	860	160	42	17	8	2
2020.01	양천구	신정4동	16,024	6,771	3,597	2,810	2,132	551	121	29	9	1	3
2020.01	강서구	계	263,166	104,280	58,591	47,381	40,511	9,644	2,038	536	121	43	21
2020.01	강서구	염창동	15,745	3,895	3,110	3,792	3,990	783	124	45	4	2	-
2020.01	강서구	등촌1동	12,214	6,510	2,304	1,667	1,372	273	60	22	4	2	-
2020.01	강서구	등촌2동	8,726	2,674	2,008	1,859	1,657	389	102	26	8	3	-
2020.01	강서구	등촌3동	14,736	5,667	3,914	2,625	2,002	413	84	26	4	1	-
2020.01	강서구	화곡본동	16,531	7,072	3,765	2,829	2,174	539	105	30	13	3	1
2020.01	강서구	화곡2동	8,194	2,841	2,047	1,657	1,205	356	62	13	9	3	1
2020.01	강서구	화곡3동	9,451	3,287	2,153	1,898	1,570	405	113	17	3	3	2
2020.01	강서구	화곡4동	9,659	3,588	2,449	1,867	1,338	320	72	21	4	-	-
2020.01	강서구	화곡6동	11,802	5,355	2,478	1,895	1,585	371	91	16	5	3	3
2020.01	강서구	화곡8동	11,695	4,367	3,105	2,137	1,600	375	77	29	2	2	1
2020.01	강서구	가양1동	19,227	12,155	2,603	2,095	1,817	445	85	23	2	1	1
2020.01	강서구	가양2동	8,074	4,041	2,152	1,104	588	126	44	13	3	2	1
2020.01	강서구	가양3동	7,927	3,228	2,407	1,389	684	178	31	9	1	-	-
2020.01	강서구	발산1동	13,579	2,789	2,968	3,079	3,622	906	160	39	10	4	2
2020.01	강서구	공항동	12,728	5,587	2,687	2,096	1,791	459	85	21	1	1	-
2020.01	강서구	방화1동	17,448	4,945	3,812	3,652	3,750	1,009	217	51	7	4	1
2020.01	강서구	방화2동	11,594	5,516	2,542	1,752	1,302	365	86	26	3	-	2
2020.01	강서구	방화3동	11,276	4,590	2,855	1,972	1,367	368	95	17	10	2	-
2020.01	강서구	화곡1동	26,464	12,372	6,117	4,305	2,778	671	155	48	10	3	5
2020.01	강서구	우장산동	16,096	3,801	3,115	3,711	4,319	893	190	44	18	4	1
2020.01	구로구	계	176,820	66,385	40,361	32,728	28,353	6,926	1,551	352	114	33	17
2020.01	구로구	신도림동	13,400	2,962	2,888	3,292	3,344	695	168	31	13	6	1
2020.01	구로구	구로1동	8,255	2,171	1,820	1,866	1,927	383	64	15	6	3	-
2020.01	구로구	구로3동	13,157	7,625	2,236	1,604	1,272	321	68	25	4	2	-
2020.01	구로구	구로4동	10,558	5,062	2,516	1,588	1,073	237	60	12	8	1	1
2020.01	구로구	구로5동	14,495	6,974	2,896	2,221	1,837	415	112	31	7	1	1
2020.01	구로구	고척1동	9,552	2,952	2,231	1,910	1,919	421	93	16	8	2	-
2020.01	구로구	고척2동	11,646	3,748	2,778	2,337	2,153	494	112	19	4	1	-
2020.01	구로구	개봉2동	12,524	3,137	3,198	2,927	2,452	601	161	35	10	2	1
2020.01	구로구	개봉3동	8,832	2,621	2,350	1,888	1,505	372	75	12	7	2	-
2020.01	구로구	오류1동	11,347	5,610	2,448	1,653	1,220	322	68	14	7	-	5
2020.01	구로구	수궁동	9,864	2,847	2,556	2,129	1,700	493	113	17	6	3	-
2020.01	구로구	가리봉동	5,845	3,957	972	498	311	82	16	6	2	-	1
2020.01	구로구	구로2동	12,723	6,177	2,972	1,835	1,273	344	81	28	9	3	1
2020.01	구로구	개봉1동	13,903	4,836	3,433	2,650	2,229	575	134	38	4	2	2
2020.01	구로구	오류2동	15,578	4,376	3,903	3,079	3,043	926	179	47	17	4	4
2020.01	구로구	항동	5,141	1,330	1,164	1,251	1,095	245	47	6	2	1	-
2020.01	금천구	계	111,000	50,495	24,103	17,539	14,225	3,540	820	193	53	17	15
2020.01	금천구	가산동	13,894	10,005	1,814	1,092	753	169	53	4	3	1	-
2020.01	금천구	독산1동	20,416	9,988	3,957	3,047	2,607	616	147	40	7	2	5
2020.01	금천구	독산2동	9,276	4,058	2,174	1,588	1,123	264	54	11	3	-	1
2020.01	금천구	독산3동	12,402	5,830	2,830	1,891	1,413	343	69	18	4	4	-
2020.01	금천구	독산4동	7,618	3,387	1,780	1,215	915	249	54	13	3	1	1
2020.01	금천구	시흥1동	15,867	6,721	3,632	2,648	2,181	543	95	35	8	2	2
2020.01	금천구	시흥2동	8,403	2,071	2,019	1,826	1,841	467	137	27	9	3	3
2020.01	금천구	시흥3동	4,720	1,454	1,291	938	761	219	46	7	4	-	-
2020.01	금천구	시흥4동	9,086	3,152	2,248	1,758	1,448	358	86	21	10	4	1
2020.01	금천구	시흥5동	9,318	3,829	2,358	1,536	1,183	312	79	17	2	-	2
2020.01	영등포구	계	175,237	81,549	35,066	28,033	23,489	5,421	1,224	318	83	26	28
2020.01	영등포구	여의동	13,578	4,077	2,962	2,983	2,737	600	156	39	13	6	5
2020.01	영등포구	당산1동	10,654	5,438	2,154	1,540	1,146	271	79	17	5	1	3
2020.01	영등포구	당산2동	17,499	8,789	2,961	2,677	2,377	523	122	32	15	2	1
2020.01	영등포구	양평1동	9,021	4,453	1,943	1,358	980	207	56	18	4	2	-
2020.01	영등포구	양평2동	10,105	4,130	2,111	1,820	1,625	321	78	14	4	-	2
2020.01	영등포구	신길1동	10,198	6,254	1,790	1,115	780	204	39	11	3	1	1
2020.01	영등포구	신길3동	7,665	2,973	1,684	1,464	1,178	305	45	10	4	2	-
2020.01	영등포구	신길4동	4,304	1,946	952	725	512	137	26	5	1	-	-
2020.01	영등포구	신길5동	4,106	1,774	942	663	545	135	34	10	-	1	2
2020.01	영등포구	신길6동	8,468	3,735	1,823	1,410	1,140	267	69	15	4	1	4
2020.01	영등포구	신길7동	6,626	1,968	1,363	1,395	1,462	344	68	20	3	2	1
2020.01	영등포구	대림1동	6,386	3,057	1,430	933	765	152	36	11	1	-	1
2020.01	영등포구	대림2동	6,851	3,694	1,546	839	560	161	37	10	3	1	-
2020.01	영등포구	대림3동	10,441	4,009	2,442	1,920	1,540	401	91	31	7	-	-
2020.01	영등포구	영등포본동	10,218	4,589	2,042	1,671	1,485	347	59	20	1	3	1
2020.01	영등포구	영등포동	17,361	12,503	2,214	1,335	1,021	223	46	12	3	1	3
2020.01	영등포구	도림동	9,296	4,522	2,022	1,418	1,008	250	53	17	5	1	-
2020.01	영등포구	문래동	12,460	3,638	2,685	2,767	2,628	573	130	26	7	2	4
2020.01	동작구	계	180,862	77,645	37,555	30,765	26,703	6,273	1,402	375	93	32	19
2020.01	동작구	노량진2동	7,213	4,189	1,435	857	557	130	33	10	1	1	-
2020.01	동작구	상도1동	21,197	9,665	3,921	3,575	3,111	699	167	43	13	1	2
2020.01	동작구	상도2동	12,828	5,194	2,697	2,288	2,048	464	107	24	3	2	1
2020.01	동작구	상도3동	11,946	5,220	2,630	2,039	1,537	373	103	28	9	5	2
2020.01	동작구	상도4동	13,456	5,511	3,079	2,389	1,920	447	79	24	5	-	2
2020.01	동작구	사당1동	13,117	7,594	2,592	1,554	1,063	241	57	9	6	1	-
2020.01	동작구	사당3동	10,562	3,467	2,423	2,175	1,896	451	100	38	6	4	2
2020.01	동작구	사당4동	7,035	3,139	1,601	1,131	909	194	39	14	6	2	-
2020.01	동작구	사당5동	5,664	2,268	1,197	1,048	898	192	49	10	-	1	1
2020.01	동작구	대방동	17,187	6,985	3,233	2,886	3,127	731	158	48	8	6	5
2020.01	동작구	신대방1동	9,928	3,643	1,961	1,783	1,948	457	104	20	8	1	3
2020.01	동작구	신대방2동	9,356	4,233	1,744	1,467	1,418	378	83	26	6	1	-
2020.01	동작구	흑석동	14,263	5,484	3,021	2,718	2,355	547	106	24	6	2	-
2020.01	동작구	노량진1동	15,193	6,883	3,148	2,458	2,037	511	110	35	7	3	1
2020.01	동작구	사당2동	11,917	4,170	2,873	2,397	1,879	458	107	22	9	2	-
2020.01	관악구	계	269,072	151,916	49,656	32,814	26,236	6,423	1,477	381	106	31	32
2020.01	관악구	보라매동	12,380	5,908	2,732	1,860	1,433	352	73	15	-	4	3
2020.01	관악구	청림동	6,579	1,994	1,626	1,442	1,175	258	59	13	9	1	2
2020.01	관악구	행운동	17,085	10,593	2,920	1,772	1,341	341	93	15	8	2	-
2020.01	관악구	낙성대동	10,768	7,609	1,446	841	643	167	43	12	5	-	2
2020.01	관악구	중앙동	9,445	6,226	1,550	828	640	150	36	11	-	3	1
2020.01	관악구	인헌동	14,159	7,778	2,705	1,782	1,437	353	68	28	5	1	2
2020.01	관악구	남현동	9,381	4,720	1,940	1,335	1,031	263	62	18	6	2	4
2020.01	관악구	서원동	13,906	8,807	2,542	1,387	865	223	64	13	4	1	-
2020.01	관악구	신원동	10,558	6,235	2,104	1,166	806	179	46	15	1	3	3
2020.01	관악구	서림동	14,099	9,110	2,250	1,360	1,018	268	65	21	5	-	2
2020.01	관악구	신사동	13,349	8,278	2,311	1,411	1,051	228	54	9	7	-	-
2020.01	관악구	신림동	16,802	13,728	1,917	663	376	90	23	3	-	1	1
2020.01	관악구	난향동	6,455	1,926	1,526	1,320	1,257	319	74	24	7	-	2
2020.01	관악구	조원동	10,312	6,475	1,819	987	792	178	39	15	5	2	-
2020.01	관악구	대학동	15,739	11,686	1,817	1,111	847	205	61	9	3	-	-
2020.01	관악구	은천동	15,938	6,816	3,477	2,630	2,280	553	143	27	8	3	1
2020.01	관악구	성현동	12,371	3,768	2,941	2,500	2,442	574	100	31	10	3	2
2020.01	관악구	청룡동	21,175	14,853	2,869	1,695	1,330	327	78	16	5	-	2
2020.01	관악구	난곡동	12,961	5,204	3,193	2,257	1,761	409	100	27	8	1	1
2020.01	관악구	삼성동	11,451	4,685	2,781	1,878	1,561	424	93	22	2	3	2
2020.01	관악구	미성동	14,159	5,517	3,190	2,589	2,150	562	103	37	8	1	2
2020.01	서초구	계	173,388	58,374	34,603	34,045	34,925	8,518	2,072	548	202	53	48
2020.01	서초구	서초1동	9,352	3,925	1,745	1,596	1,508	413	121	30	11	2	1
2020.01	서초구	서초2동	8,446	3,765	1,500	1,430	1,348	298	75	20	5	2	3
2020.01	서초구	서초3동	13,634	5,794	2,675	2,260	2,087	568	172	43	19	8	8
2020.01	서초구	서초4동	11,034	2,354	1,962	2,583	3,294	651	125	46	13	5	1
2020.01	서초구	잠원동	14,058	4,668	2,637	2,985	3,029	563	119	32	18	5	2
2020.01	서초구	반포본동	4,126	754	814	979	1,243	253	57	18	4	2	2
2020.01	서초구	반포1동	14,399	6,326	2,236	2,359	2,635	628	156	37	18	4	-
2020.01	서초구	반포2동	5,115	688	822	1,299	1,714	469	92	17	9	3	2
2020.01	서초구	반포3동	7,040	1,294	1,385	1,853	1,993	416	63	24	8	1	3
2020.01	서초구	반포4동	7,319	1,876	1,504	1,774	1,603	405	116	24	9	5	3
2020.01	서초구	방배본동	7,915	2,135	1,538	1,692	1,904	481	111	37	10	2	5
2020.01	서초구	방배1동	7,649	2,935	1,744	1,374	1,197	293	76	18	7	1	4
2020.01	서초구	방배2동	8,783	3,099	2,088	1,650	1,466	373	68	24	6	3	6
2020.01	서초구	방배3동	8,430	2,244	1,888	1,857	1,851	429	116	34	8	1	2
2020.01	서초구	방배4동	9,751	3,409	2,036	1,783	1,896	457	129	27	12	1	1
2020.01	서초구	양재1동	18,233	5,987	3,997	3,423	3,387	1,083	265	66	19	4	2
2020.01	서초구	양재2동	10,795	4,990	2,213	1,604	1,454	393	100	27	13	-	1
2020.01	서초구	내곡동	7,309	2,131	1,819	1,544	1,316	345	111	24	13	4	2
2020.01	강남구	계	233,363	92,174	43,820	41,479	42,945	9,822	2,200	626	181	71	45
2020.01	강남구	신사동	7,414	2,902	1,529	1,305	1,222	318	90	31	10	4	3
2020.01	강남구	논현1동	14,343	9,490	2,476	1,221	806	248	64	24	8	4	2
2020.01	강남구	논현2동	11,414	6,272	2,054	1,557	1,174	266	65	18	7	1	-
2020.01	강남구	삼성1동	5,964	2,059	1,204	1,189	1,109	288	76	28	9	1	1
2020.01	강남구	삼성2동	13,530	5,906	2,316	2,252	2,364	494	129	52	10	2	5
2020.01	강남구	대치1동	7,408	571	906	1,948	3,126	670	142	27	9	6	3
2020.01	강남구	대치4동	10,159	5,305	1,682	1,371	1,405	295	75	21	5	-	-
2020.01	강남구	역삼1동	23,650	16,839	3,520	1,681	1,180	308	83	24	9	4	2
2020.01	강남구	역삼2동	15,601	6,475	2,292	2,784	3,205	653	136	29	10	7	10
2020.01	강남구	도곡1동	8,584	2,529	1,577	1,859	2,069	403	95	31	13	8	-
2020.01	강남구	도곡2동	11,813	2,149	2,310	2,988	3,454	719	142	36	9	3	3
2020.01	강남구	개포1동	2,737	841	615	526	571	150	25	6	2	1	-
2020.01	강남구	개포4동	7,745	2,926	1,573	1,462	1,356	337	58	22	6	3	2
2020.01	강남구	일원본동	8,190	1,472	1,484	2,045	2,562	502	96	20	5	1	3
2020.01	강남구	일원1동	7,560	3,184	1,785	1,254	979	279	61	15	3	-	-
2020.01	강남구	일원2동	7,338	2,211	1,775	1,534	1,487	272	44	13	-	1	1
2020.01	강남구	수서동	7,875	3,379	2,323	1,227	702	184	44	9	7	-	-
2020.01	강남구	세곡동	17,837	5,855	3,859	3,263	3,332	1,131	301	71	19	4	2
2020.01	강남구	압구정동	10,693	2,981	2,410	2,391	2,201	530	129	39	3	8	1
2020.01	강남구	청담동	12,586	4,744	2,442	2,394	2,232	558	136	51	19	6	4
2020.01	강남구	대치2동	12,942	2,429	2,024	3,211	4,255	833	127	43	12	6	2
2020.01	강남구	개포2동	7,980	1,655	1,664	2,017	2,154	384	82	16	6	1	1
2020.01	송파구	계	279,137	96,028	58,659	55,205	53,789	11,909	2,690	602	179	45	31
2020.01	송파구	풍납1동	6,555	2,533	1,579	1,163	1,015	199	52	10	3	1	-
2020.01	송파구	풍납2동	10,802	4,021	2,154	2,156	1,926	415	100	26	4	-	-
2020.01	송파구	거여1동	5,506	1,873	1,306	1,041	991	227	54	11	2	-	1
2020.01	송파구	거여2동	7,177	2,501	1,776	1,420	1,138	258	60	17	3	2	2
2020.01	송파구	마천1동	9,049	3,532	2,097	1,570	1,336	405	81	24	3	1	-
2020.01	송파구	마천2동	8,702	3,177	2,130	1,631	1,313	327	96	20	7	-	1
2020.01	송파구	방이1동	6,286	1,857	1,210	1,317	1,467	332	78	17	6	1	1
2020.01	송파구	방이2동	13,693	7,433	2,727	1,801	1,334	315	65	12	5	-	1
2020.01	송파구	오륜동	5,976	670	1,061	1,590	2,088	455	76	26	7	1	2
2020.01	송파구	오금동	15,843	4,318	3,612	3,630	3,295	769	171	41	6	1	-
2020.01	송파구	송파1동	12,444	5,906	2,674	1,898	1,477	350	98	29	7	2	3
2020.01	송파구	송파2동	7,451	1,657	1,539	1,761	1,917	453	92	17	11	3	1
2020.01	송파구	석촌동	17,014	8,611	3,524	2,431	1,870	421	125	18	8	6	-
2020.01	송파구	삼전동	16,292	8,246	3,304	2,361	1,842	418	92	20	5	1	3
2020.01	송파구	가락본동	11,917	4,570	2,502	2,202	2,028	489	96	25	3	-	2
2020.01	송파구	가락1동	9,841	1,630	2,490	2,529	2,571	475	115	20	5	4	2
2020.01	송파구	가락2동	12,339	2,945	2,478	2,968	3,117	635	145	38	12	1	-
2020.01	송파구	문정1동	8,569	2,772	1,894	1,725	1,656	406	85	16	12	1	2
2020.01	송파구	문정2동	15,521	8,493	2,782	1,944	1,789	370	99	26	12	3	3
2020.01	송파구	잠실본동	15,219	8,204	2,948	2,011	1,558	365	108	17	7	-	1
2020.01	송파구	잠실4동	7,477	1,204	1,431	2,040	2,235	424	101	28	8	5	1
2020.01	송파구	잠실6동	5,924	962	1,324	1,580	1,560	374	85	29	6	2	2
2020.01	송파구	잠실7동	3,480	527	819	892	966	215	45	13	3	-	-
2020.01	송파구	잠실2동	11,996	1,829	1,888	3,085	4,296	728	140	21	6	3	-
2020.01	송파구	잠실3동	12,204	1,916	2,546	3,266	3,583	710	135	30	10	5	3
2020.01	송파구	장지동	12,847	3,599	3,089	2,873	2,511	608	127	29	10	1	-
2020.01	송파구	위례동	9,013	1,042	1,775	2,320	2,910	766	169	22	8	1	-
2020.01	강동구	계	185,222	65,170	40,875	36,185	33,028	7,759	1,597	437	126	25	20
2020.01	강동구	강일동	11,152	2,279	2,608	2,234	2,766	1,026	193	36	8	2	-
2020.01	강동구	상일동	5,376	1,297	1,164	1,259	1,287	293	56	15	3	1	1
2020.01	강동구	명일1동	9,932	2,289	2,327	2,382	2,321	475	94	26	15	3	-
2020.01	강동구	명일2동	5,997	1,157	1,075	1,353	1,883	413	76	26	11	1	2
2020.01	강동구	고덕1동	9,076	1,619	1,601	2,293	2,832	575	114	29	9	1	3
2020.01	강동구	고덕2동	7,805	2,067	1,805	1,784	1,752	315	55	17	8	-	2
2020.01	강동구	암사2동	6,135	1,920	1,462	1,321	1,142	228	45	10	2	3	2
2020.01	강동구	암사3동	6,365	1,101	1,370	1,622	1,702	425	97	28	14	3	3
2020.01	강동구	천호1동	12,819	5,200	2,967	2,395	1,726	418	82	22	6	2	1
2020.01	강동구	천호3동	13,733	6,663	2,958	2,157	1,505	338	84	26	1	-	1
2020.01	강동구	성내1동	8,165	2,420	1,872	1,792	1,619	368	67	22	4	-	1
2020.01	강동구	성내2동	12,552	6,323	2,723	1,908	1,202	300	68	18	8	1	1
2020.01	강동구	성내3동	10,359	3,957	2,308	1,908	1,696	395	70	18	5	1	1
2020.01	강동구	둔촌1동	164	114	20	12	14	2	2	-	-	-	-
2020.01	강동구	둔촌2동	11,218	3,585	2,497	2,332	2,221	463	88	26	4	1	1
2020.01	강동구	암사1동	16,173	6,218	3,757	3,063	2,436	544	112	33	9	1	-
2020.01	강동구	천호2동	17,598	8,528	3,916	2,690	1,892	428	108	29	6	1	-
2020.01	강동구	길동	20,603	8,433	4,445	3,680	3,032	753	186	56	13	4	1
2020.02	합계	합계	4,345,877	1,771,735	923,983	766,380	676,210	159,169	35,527	8,967	2,532	796	578
2020.02	종로구	계	74,028	36,732	14,233	10,807	8,904	2,501	579	191	44	22	15
2020.02	종로구	사직동	4,650	2,292	914	687	532	165	32	22	2	2	2
2020.02	종로구	삼청동	1,385	734	252	181	147	46	17	6	1	-	1
2020.02	종로구	부암동	4,311	1,636	946	764	697	181	57	20	5	2	3
2020.02	종로구	평창동	7,512	2,401	1,731	1,495	1,348	410	77	32	11	5	2
2020.02	종로구	무악동	3,193	750	703	730	761	196	37	11	1	2	2
2020.02	종로구	교남동	4,603	1,641	1,099	910	746	160	31	12	3	1	-
2020.02	종로구	가회동	2,067	940	437	340	251	64	25	8	1	-	1
2020.02	종로구	종로1.2.3.4가동	5,193	4,116	511	291	200	54	13	6	2	-	-
2020.02	종로구	종로5·6가동	3,408	2,346	508	297	185	57	10	2	2	1	-
2020.02	종로구	이화동	4,420	2,660	790	479	353	103	24	9	1	1	-
2020.02	종로구	창신1동	2,949	1,741	574	324	212	77	17	4	-	-	-
2020.02	종로구	창신2동	4,138	1,943	905	644	452	148	33	10	2	1	-
2020.02	종로구	창신3동	2,897	924	669	642	463	164	29	3	3	-	-
2020.02	종로구	숭인1동	2,966	1,357	658	463	358	100	24	4	1	1	-
2020.02	종로구	숭인2동	5,764	3,798	920	522	398	99	21	4	2	-	-
2020.02	종로구	청운효자동	5,396	1,992	1,157	995	922	240	61	22	3	4	-
2020.02	종로구	혜화동	9,176	5,461	1,459	1,043	879	237	71	16	4	2	4
2020.02	중구	계	63,016	31,366	13,231	9,113	6,966	1,699	459	128	23	14	17
2020.02	중구	소공동	1,123	624	214	155	104	18	5	1	-	-	2
2020.02	중구	회현동	3,134	2,082	445	288	232	62	14	10	1	-	-
2020.02	중구	명동	1,560	1,092	208	138	82	23	8	5	1	-	3
2020.02	중구	필동	2,317	1,458	415	220	159	51	9	3	1	-	1
2020.02	중구	장충동	2,694	1,718	429	236	216	71	18	2	2	1	1
2020.02	중구	광희동	2,986	1,935	515	286	181	48	15	4	1	-	1
2020.02	중구	을지로동	1,353	1,080	157	62	39	11	4	-	-	-	-
2020.02	중구	신당5동	5,318	2,631	1,148	759	582	143	42	10	2	1	-
2020.02	중구	황학동	6,891	3,754	1,485	883	582	141	35	9	-	1	1
2020.02	중구	중림동	5,847	2,503	1,281	1,028	790	176	48	17	4	-	-
2020.02	중구	신당동	4,466	2,786	823	434	328	66	23	4	1	1	-
2020.02	중구	다산동	6,966	3,172	1,619	1,044	871	187	48	17	3	2	3
2020.02	중구	약수동	7,829	2,883	2,023	1,552	1,036	237	75	16	2	2	3
2020.02	중구	청구동	6,367	2,482	1,520	1,157	909	230	54	8	1	5	1
2020.02	중구	동화동	4,165	1,166	949	871	855	235	61	22	4	1	1
2020.02	용산구	계	110,770	52,554	22,866	17,030	13,558	3,550	866	226	70	28	22
2020.02	용산구	후암동	8,598	4,083	1,757	1,383	983	292	71	16	6	3	4
2020.02	용산구	용산2가동	5,442	2,818	1,195	761	498	136	24	7	3	-	-
2020.02	용산구	남영동	5,418	4,183	599	304	242	69	11	7	1	1	1
2020.02	용산구	원효로2동	6,003	2,108	1,297	1,176	1,049	267	78	14	9	3	2
2020.02	용산구	효창동	4,291	1,475	1,014	821	713	191	62	12	1	2	-
2020.02	용산구	용문동	5,399	1,963	1,303	1,015	837	220	44	11	3	2	1
2020.02	용산구	이촌1동	10,320	2,194	2,279	2,641	2,438	572	133	45	13	4	1
2020.02	용산구	이촌2동	3,840	1,289	1,061	770	529	138	34	12	7	-	-
2020.02	용산구	이태원1동	3,750	2,171	702	443	311	82	33	6	1	-	1
2020.02	용산구	이태원2동	4,904	2,619	1,027	657	431	115	45	7	1	2	-
2020.02	용산구	서빙고동	5,284	1,698	1,128	960	1,063	349	65	19	1	-	1
2020.02	용산구	보광동	7,644	4,058	1,684	994	691	170	36	7	2	2	-
2020.02	용산구	청파동	10,857	6,396	1,991	1,190	935	256	62	20	2	1	4
2020.02	용산구	원효로1동	7,901	3,750	1,671	1,255	943	226	41	6	5	2	2
2020.02	용산구	한강로동	9,844	5,575	1,843	1,221	922	196	62	15	7	2	1
2020.02	용산구	한남동	11,275	6,174	2,315	1,439	973	271	65	22	8	4	4
2020.02	성동구	계	135,797	55,749	29,749	24,632	19,737	4,478	1,057	281	77	23	14
2020.02	성동구	왕십리2동	7,617	2,940	1,724	1,418	1,159	267	86	15	3	4	1
2020.02	성동구	마장동	10,854	4,855	2,290	1,755	1,460	363	86	28	10	2	5
2020.02	성동구	사근동	7,406	5,229	969	564	473	133	25	10	3	-	-
2020.02	성동구	행당1동	7,222	3,027	1,523	1,323	1,056	218	50	16	7	1	1
2020.02	성동구	행당2동	9,427	2,387	2,360	2,176	1,955	418	98	23	6	1	3
2020.02	성동구	응봉동	6,159	1,631	1,397	1,441	1,310	295	63	16	5	-	1
2020.02	성동구	금호1가동	6,641	2,137	1,639	1,437	1,105	247	62	12	2	-	-
2020.02	성동구	금호4가동	6,436	2,170	1,588	1,440	971	208	39	17	3	-	-
2020.02	성동구	성수1가1동	7,587	3,107	1,685	1,297	1,190	234	55	11	5	2	1
2020.02	성동구	성수1가2동	6,720	3,060	1,403	1,105	878	215	46	9	3	1	-
2020.02	성동구	성수2가1동	8,506	4,145	1,797	1,298	982	220	51	7	5	1	-
2020.02	성동구	성수2가3동	5,721	2,951	1,086	787	666	171	47	13	-	-	-
2020.02	성동구	송정동	5,514	2,760	1,148	806	608	153	33	4	-	2	-
2020.02	성동구	용답동	6,808	4,031	1,220	761	608	133	39	14	-	1	1
2020.02	성동구	왕십리도선동	11,802	4,429	2,538	2,316	1,954	430	95	28	9	3	-
2020.02	성동구	금호2.3가동	10,344	3,640	2,561	2,132	1,546	342	86	25	8	3	1
2020.02	성동구	옥수동	11,033	3,250	2,821	2,576	1,816	431	96	33	8	2	-
2020.02	광진구	계	165,100	74,965	33,476	26,622	23,259	5,134	1,187	321	88	30	18
2020.02	광진구	화양동	16,324	12,885	1,965	741	583	106	31	12	-	-	1
2020.02	광진구	군자동	10,781	6,085	2,020	1,363	1,004	231	52	17	5	2	2
2020.02	광진구	중곡1동	8,077	3,984	1,846	1,183	820	183	39	14	5	3	-
2020.02	광진구	중곡2동	10,542	4,637	2,398	1,747	1,351	316	69	16	6	2	-
2020.02	광진구	중곡3동	8,478	4,067	1,901	1,299	917	241	44	7	1	1	-
2020.02	광진구	중곡4동	13,226	4,936	3,154	2,547	1,978	458	108	30	11	2	2
2020.02	광진구	능동	6,383	3,626	1,294	724	533	143	48	10	2	3	-
2020.02	광진구	구의1동	11,953	6,535	2,388	1,562	1,104	277	70	14	2	-	1
2020.02	광진구	구의2동	11,623	4,173	2,604	2,267	1,968	458	103	35	9	3	3
2020.02	광진구	구의3동	12,160	4,077	2,570	2,465	2,372	525	110	28	10	2	1
2020.02	광진구	광장동	12,037	2,180	1,926	3,045	3,933	718	180	36	13	4	2
2020.02	광진구	자양1동	11,561	5,750	2,429	1,675	1,317	305	59	19	3	3	1
2020.02	광진구	자양2동	11,261	4,057	2,514	2,206	1,913	427	104	32	4	2	2
2020.02	광진구	자양3동	11,059	2,922	2,450	2,455	2,546	511	123	34	15	2	1
2020.02	광진구	자양4동	9,635	5,051	2,017	1,343	920	235	47	17	2	1	2
2020.02	동대문구	계	164,844	76,501	33,514	26,145	21,623	5,361	1,262	327	75	23	13
2020.02	동대문구	회기동	5,994	3,873	882	578	480	141	29	6	4	1	-
2020.02	동대문구	휘경1동	7,450	4,068	1,339	969	813	197	49	12	-	2	1
2020.02	동대문구	휘경2동	11,525	5,506	2,075	1,814	1,610	397	91	26	4	1	1
2020.02	동대문구	청량리동	10,455	5,015	2,323	1,555	1,150	318	77	15	1	-	1
2020.02	동대문구	용신동	17,562	10,604	3,144	1,909	1,444	356	75	23	7	-	-
2020.02	동대문구	제기동	12,985	6,961	2,583	1,697	1,246	371	98	22	2	3	2
2020.02	동대문구	전농1동	15,084	7,360	3,002	2,383	1,782	433	87	22	10	1	4
2020.02	동대문구	전농2동	7,731	2,257	1,849	1,688	1,430	384	94	20	8	-	1
2020.02	동대문구	답십리2동	13,015	4,627	3,182	2,487	2,090	492	102	26	8	1	-
2020.02	동대문구	장안1동	17,691	7,489	3,863	3,043	2,501	614	139	33	6	3	-
2020.02	동대문구	장안2동	13,713	4,665	3,023	2,813	2,480	546	140	37	5	3	1
2020.02	동대문구	이문1동	10,375	6,248	1,686	1,142	972	240	65	14	5	2	1
2020.02	동대문구	이문2동	8,544	2,899	1,921	1,635	1,566	378	97	36	8	4	-
2020.02	동대문구	답십리1동	12,720	4,929	2,642	2,432	2,059	494	119	35	7	2	1
2020.02	중랑구	계	182,034	75,610	41,816	31,722	25,119	6,106	1,238	311	78	20	14
2020.02	중랑구	면목2동	12,259	5,557	2,755	1,943	1,535	370	76	17	6	-	-
2020.02	중랑구	면목4동	9,226	3,942	2,139	1,611	1,168	287	60	15	4	-	-
2020.02	중랑구	면목5동	4,526	1,921	1,073	790	581	128	24	7	2	-	-
2020.02	중랑구	면목7동	10,412	4,361	2,482	1,790	1,378	308	71	17	4	1	-
2020.02	중랑구	상봉1동	10,283	3,194	2,368	2,216	2,012	392	77	20	3	1	-
2020.02	중랑구	상봉2동	11,222	6,585	2,270	1,289	845	169	44	10	7	2	1
2020.02	중랑구	중화1동	9,028	3,244	2,244	1,776	1,349	337	49	18	7	3	1
2020.02	중랑구	중화2동	13,997	7,292	3,132	1,919	1,258	315	59	16	2	2	2
2020.02	중랑구	묵1동	14,599	4,697	3,325	3,040	2,682	644	155	44	8	2	2
2020.02	중랑구	묵2동	9,192	3,896	2,153	1,632	1,137	296	62	11	1	2	2
2020.02	중랑구	망우3동	8,441	3,737	1,996	1,408	1,007	229	54	5	2	3	-
2020.02	중랑구	신내1동	14,842	3,540	3,462	3,144	3,358	1,072	196	52	17	-	1
2020.02	중랑구	신내2동	9,058	2,846	2,290	1,953	1,558	320	67	14	7	1	2
2020.02	중랑구	면목본동	17,641	8,451	3,964	2,733	1,930	462	75	21	1	2	2
2020.02	중랑구	면목3.8동	12,562	5,593	2,929	2,097	1,502	339	77	22	3	-	-
2020.02	중랑구	망우본동	14,746	6,754	3,234	2,381	1,819	438	92	22	4	1	1
2020.02	성북구	계	193,344	75,661	41,134	35,432	31,328	7,514	1,644	454	101	35	41
2020.02	성북구	돈암1동	6,258	1,775	1,576	1,326	1,200	289	72	17	-	2	1
2020.02	성북구	돈암2동	8,633	1,641	1,833	2,183	2,243	560	114	37	16	2	4
2020.02	성북구	안암동	9,234	6,029	1,433	886	697	138	41	6	2	-	2
2020.02	성북구	보문동	7,959	3,831	1,604	1,255	1,003	218	36	8	2	-	2
2020.02	성북구	정릉1동	7,454	2,190	1,645	1,681	1,474	344	83	30	2	2	3
2020.02	성북구	정릉2동	9,656	3,066	2,333	1,994	1,710	413	99	30	5	4	2
2020.02	성북구	정릉3동	7,742	4,033	1,534	1,061	837	216	46	11	-	1	3
2020.02	성북구	정릉4동	10,965	3,694	2,595	2,224	1,845	457	102	31	12	3	2
2020.02	성북구	길음1동	12,817	2,545	2,415	3,223	3,685	736	165	33	7	3	5
2020.02	성북구	길음2동	6,989	2,370	1,470	1,445	1,325	311	51	16	1	-	-
2020.02	성북구	월곡1동	10,805	3,234	2,462	2,269	2,160	530	109	30	9	2	-
2020.02	성북구	월곡2동	9,326	4,173	1,907	1,503	1,299	335	78	16	8	3	4
2020.02	성북구	장위1동	9,001	3,435	2,142	1,654	1,329	336	75	26	2	1	1
2020.02	성북구	장위2동	6,329	2,557	1,571	1,117	799	217	50	13	3	2	-
2020.02	성북구	장위3동	7,319	2,400	1,564	1,569	1,417	295	57	13	3	1	-
2020.02	성북구	성북동	8,116	3,796	1,770	1,213	930	288	83	22	6	2	6
2020.02	성북구	삼선동	12,115	5,989	2,367	1,705	1,543	397	81	23	7	2	1
2020.02	성북구	동선동	9,155	5,846	1,472	935	658	189	39	11	3	1	1
2020.02	성북구	종암동	17,134	6,441	3,594	3,173	2,980	734	153	49	4	3	3
2020.02	성북구	석관동	16,337	6,616	3,847	3,016	2,194	511	110	32	9	1	1
2020.02	강북구	계	144,553	60,169	33,980	25,104	19,109	4,775	1,061	227	83	23	22
2020.02	강북구	번1동	10,255	5,482	2,156	1,426	914	210	56	6	5	-	-
2020.02	강북구	번2동	7,663	2,834	2,083	1,481	947	237	62	14	2	1	2
2020.02	강북구	번3동	7,558	2,302	2,145	1,521	1,189	309	76	12	3	1	-
2020.02	강북구	수유1동	10,371	4,749	2,355	1,659	1,210	302	68	17	7	1	3
2020.02	강북구	수유2동	9,621	3,509	2,523	1,784	1,314	381	84	18	5	1	2
2020.02	강북구	수유3동	12,724	6,914	2,580	1,778	1,121	260	47	16	4	2	2
2020.02	강북구	삼양동	11,473	4,628	2,732	2,036	1,558	405	82	17	9	4	2
2020.02	강북구	미아동	11,379	5,759	2,427	1,647	1,173	294	60	9	7	1	2
2020.02	강북구	송중동	13,948	5,826	3,151	2,431	1,920	474	107	27	7	2	3
2020.02	강북구	송천동	13,741	6,314	3,205	2,140	1,618	375	68	15	4	2	-
2020.02	강북구	삼각산동	11,756	2,581	2,498	2,768	3,056	668	135	32	15	3	-
2020.02	강북구	우이동	9,494	3,595	2,459	1,738	1,237	349	88	14	6	4	4
2020.02	강북구	인수동	14,570	5,676	3,666	2,695	1,852	511	128	30	9	1	2
2020.02	도봉구	계	138,607	45,411	33,724	28,411	23,707	5,643	1,256	314	93	39	9
2020.02	도봉구	쌍문1동	9,333	3,152	2,336	1,877	1,442	400	95	21	7	2	1
2020.02	도봉구	쌍문2동	8,629	3,067	2,222	1,692	1,248	303	70	20	4	1	2
2020.02	도봉구	쌍문3동	7,851	3,180	1,920	1,390	1,042	257	45	13	2	1	1
2020.02	도봉구	쌍문4동	7,174	1,541	1,586	1,763	1,814	381	69	16	3	1	-
2020.02	도봉구	방학1동	12,780	4,700	2,994	2,355	2,023	535	127	36	5	3	2
2020.02	도봉구	방학2동	9,579	3,835	2,370	1,741	1,204	331	77	17	3	1	-
2020.02	도봉구	방학3동	10,075	1,813	2,430	2,510	2,522	601	150	31	13	5	-
2020.02	도봉구	창1동	10,950	3,649	2,612	2,271	1,924	382	83	22	4	2	1
2020.02	도봉구	창2동	12,372	3,781	3,103	2,687	2,115	516	123	31	10	6	-
2020.02	도봉구	창3동	6,632	2,606	1,647	1,199	900	221	44	13	2	-	-
2020.02	도봉구	창4동	10,611	2,846	2,371	2,345	2,401	511	102	18	14	3	-
2020.02	도봉구	창5동	10,126	2,890	2,344	2,289	2,046	424	92	26	10	5	-
2020.02	도봉구	도봉1동	10,331	4,238	2,674	1,798	1,200	323	60	23	8	5	2
2020.02	도봉구	도봉2동	12,164	4,113	3,115	2,494	1,826	458	119	27	8	4	-
2020.02	노원구	계	217,068	69,749	48,846	44,396	42,668	9,072	1,772	394	107	44	20
2020.02	노원구	월계1동	10,472	4,429	2,189	1,776	1,591	401	68	16	1	1	-
2020.02	노원구	월계2동	11,929	4,088	3,090	2,329	1,875	427	99	14	4	2	1
2020.02	노원구	월계3동	12,964	3,857	3,517	2,815	2,155	477	110	23	6	3	1
2020.02	노원구	공릉2동	16,223	5,490	3,128	3,276	3,418	715	142	32	13	8	1
2020.02	노원구	하계1동	12,016	4,536	2,369	2,161	2,329	492	89	24	10	1	5
2020.02	노원구	하계2동	8,264	1,686	1,760	1,995	2,273	443	82	19	4	2	-
2020.02	노원구	중계본동	8,861	2,009	1,405	1,908	2,708	675	117	29	6	3	1
2020.02	노원구	중계1동	9,103	1,427	1,345	2,361	3,304	565	72	20	8	1	-
2020.02	노원구	중계4동	8,433	2,580	1,953	1,654	1,756	383	82	18	3	2	2
2020.02	노원구	상계1동	15,529	4,384	3,654	3,353	3,126	791	173	32	9	3	4
2020.02	노원구	상계2동	8,742	3,220	1,710	1,628	1,702	359	96	20	5	2	-
2020.02	노원구	상계5동	10,872	3,899	2,608	2,139	1,701	413	83	19	7	2	1
2020.02	노원구	상계8동	9,229	2,307	2,284	2,286	1,948	338	52	11	3	-	-
2020.02	노원구	상계9동	8,444	2,073	2,138	2,059	1,785	322	51	12	1	3	-
2020.02	노원구	상계10동	6,605	1,775	1,744	1,488	1,333	198	46	14	4	3	-
2020.02	노원구	상계3.4동	12,006	4,623	2,929	2,118	1,722	464	110	27	11	2	-
2020.02	노원구	상계6.7동	13,973	4,235	3,317	3,034	2,763	513	81	22	4	1	3
2020.02	노원구	중계2.3동	15,344	4,897	4,025	3,096	2,670	544	91	16	2	2	1
2020.02	노원구	공릉1동	18,059	8,234	3,681	2,920	2,509	552	128	26	6	3	-
2020.02	은평구	계	208,153	77,686	48,565	39,069	32,118	8,133	1,928	462	124	34	34
2020.02	은평구	녹번동	17,171	6,691	4,216	3,190	2,334	579	113	33	10	2	3
2020.02	은평구	불광1동	17,893	6,654	4,373	3,483	2,596	598	137	38	11	3	-
2020.02	은평구	갈현1동	11,239	4,673	2,671	2,001	1,438	353	77	17	6	1	2
2020.02	은평구	갈현2동	12,643	4,342	3,075	2,558	2,038	460	134	24	7	3	2
2020.02	은평구	구산동	13,240	4,168	3,222	2,719	2,334	611	123	43	12	1	7
2020.02	은평구	대조동	13,932	6,919	3,029	2,070	1,426	356	103	20	6	2	1
2020.02	은평구	응암1동	11,487	4,851	2,531	1,956	1,635	380	103	13	6	5	7
2020.02	은평구	응암2동	10,075	2,848	2,405	2,309	1,922	449	97	30	10	2	3
2020.02	은평구	신사1동	11,762	3,793	2,906	2,468	1,972	471	113	30	5	3	1
2020.02	은평구	신사2동	9,191	3,218	2,175	1,812	1,482	375	99	23	6	-	1
2020.02	은평구	증산동	6,914	2,482	1,727	1,251	1,091	288	56	16	3	-	-
2020.02	은평구	수색동	3,806	1,396	910	721	572	158	41	7	1	-	-
2020.02	은평구	진관동	21,587	6,183	4,192	4,237	5,004	1,510	367	71	15	4	4
2020.02	은평구	불광2동	13,858	6,020	3,307	2,331	1,644	432	91	22	7	3	1
2020.02	은평구	응암3동	12,657	5,940	2,912	1,931	1,433	315	91	25	7	1	2
2020.02	은평구	역촌동	20,698	7,508	4,914	4,032	3,197	798	183	50	12	4	-
2020.02	서대문구	계	141,279	59,468	30,085	24,390	20,753	4,976	1,199	282	89	25	12
2020.02	서대문구	천연동	8,176	3,303	1,761	1,502	1,247	281	58	15	5	2	2
2020.02	서대문구	홍제1동	10,326	3,486	2,465	2,074	1,731	433	96	26	11	2	2
2020.02	서대문구	홍제3동	7,077	2,655	1,664	1,345	1,069	271	57	8	8	-	-
2020.02	서대문구	홍제2동	5,820	1,737	1,418	1,256	1,090	258	43	12	4	1	1
2020.02	서대문구	홍은1동	9,493	3,152	2,250	1,835	1,686	423	114	27	5	-	1
2020.02	서대문구	홍은2동	12,189	4,778	2,804	2,201	1,804	423	128	34	14	3	-
2020.02	서대문구	남가좌1동	6,015	1,428	1,212	1,469	1,471	339	76	17	2	1	-
2020.02	서대문구	남가좌2동	12,107	4,764	2,645	2,224	1,921	415	105	25	7	1	-
2020.02	서대문구	북가좌1동	7,002	1,608	1,655	1,630	1,600	386	94	19	7	2	1
2020.02	서대문구	북가좌2동	14,760	5,593	3,543	2,747	2,168	548	128	28	5	-	-
2020.02	서대문구	충현동	8,860	4,509	1,758	1,212	1,048	250	63	16	2	1	1
2020.02	서대문구	북아현동	7,515	2,841	1,681	1,508	1,186	237	42	12	3	5	-
2020.02	서대문구	신촌동	12,544	9,415	1,506	803	602	151	43	13	5	2	4
2020.02	서대문구	연희동	19,395	10,199	3,723	2,584	2,130	561	152	30	11	5	-
2020.02	마포구	계	175,694	79,272	36,110	28,600	24,413	5,633	1,205	303	104	30	24
2020.02	마포구	용강동	9,174	3,199	1,956	1,875	1,666	367	79	22	7	3	-
2020.02	마포구	대흥동	7,431	4,881	1,182	670	553	112	25	4	1	-	3
2020.02	마포구	염리동	5,683	2,439	1,189	984	833	184	38	12	2	-	2
2020.02	마포구	신수동	10,205	3,896	2,154	1,985	1,700	361	78	23	7	1	-
2020.02	마포구	서교동	14,075	8,811	2,391	1,461	1,057	270	61	15	4	4	1
2020.02	마포구	합정동	9,612	5,058	2,112	1,267	896	203	48	13	8	-	7
2020.02	마포구	망원1동	10,657	5,105	2,437	1,486	1,253	295	61	13	5	-	2
2020.02	마포구	망원2동	8,431	3,195	2,005	1,448	1,397	306	61	14	5	-	-
2020.02	마포구	연남동	8,652	4,937	1,686	1,042	719	208	40	13	4	2	1
2020.02	마포구	성산1동	9,427	4,312	2,056	1,487	1,151	316	69	22	8	6	-
2020.02	마포구	성산2동	18,950	8,215	3,917	3,190	2,803	647	132	28	14	3	1
2020.02	마포구	상암동	12,838	4,334	2,525	2,433	2,624	723	148	33	11	5	2
2020.02	마포구	도화동	9,587	3,606	2,057	1,806	1,607	390	92	20	5	2	2
2020.02	마포구	서강동	11,638	5,217	2,213	1,977	1,745	390	64	22	8	1	1
2020.02	마포구	공덕동	19,113	8,845	3,978	3,092	2,504	518	135	27	11	2	1
2020.02	마포구	아현동	10,221	3,222	2,252	2,397	1,905	343	74	22	4	1	1
2020.02	양천구	계	177,425	50,977	37,845	38,222	39,320	8,649	1,796	420	134	35	27
2020.02	양천구	목1동	10,536	1,578	1,757	2,949	3,421	653	124	39	11	3	1
2020.02	양천구	목2동	13,203	4,743	2,887	2,585	2,280	543	121	30	8	3	3
2020.02	양천구	목3동	9,993	3,641	2,416	1,952	1,530	329	87	28	7	2	1
2020.02	양천구	목4동	10,142	2,979	1,896	2,088	2,486	538	118	24	11	1	1
2020.02	양천구	신월1동	10,077	4,349	2,371	1,734	1,243	298	64	14	3	1	-
2020.02	양천구	신월2동	8,546	2,401	2,039	1,886	1,616	455	103	33	8	2	3
2020.02	양천구	신월3동	8,088	3,897	1,798	1,209	853	260	56	11	1	-	3
2020.02	양천구	신월4동	6,891	1,530	1,607	1,635	1,575	406	110	22	4	2	-
2020.02	양천구	신월5동	6,415	2,171	1,497	1,300	1,073	279	73	17	1	3	1
2020.02	양천구	신월6동	2,487	641	587	529	554	137	30	9	-	-	-
2020.02	양천구	신월7동	9,276	3,062	2,593	1,856	1,383	289	69	14	8	1	1
2020.02	양천구	신정1동	7,259	1,405	1,241	1,682	2,339	486	80	16	7	-	3
2020.02	양천구	신정2동	7,164	1,578	1,267	1,543	2,213	467	75	13	4	3	1
2020.02	양천구	신정3동	17,960	4,556	4,158	3,871	4,026	1,085	200	44	14	4	2
2020.02	양천구	신정6동	8,179	1,010	1,479	2,263	2,775	517	109	13	9	2	2
2020.02	양천구	신정7동	11,604	2,980	2,574	2,609	2,797	513	97	23	11	-	-
2020.02	양천구	목5동	13,574	1,644	2,079	3,725	5,050	852	156	41	18	7	2
2020.02	양천구	신정4동	16,031	6,812	3,599	2,806	2,106	542	124	29	9	1	3
2020.02	강서구	계	263,413	104,823	58,851	47,243	40,205	9,569	2,015	520	122	43	22
2020.02	강서구	염창동	15,757	3,916	3,136	3,798	3,975	762	121	41	5	3	-
2020.02	강서구	등촌1동	12,239	6,548	2,320	1,654	1,358	270	60	23	3	3	-
2020.02	강서구	등촌2동	8,702	2,669	2,024	1,850	1,630	393	97	28	9	2	-
2020.02	강서구	등촌3동	14,759	5,723	3,925	2,625	1,975	402	81	23	4	1	-
2020.02	강서구	화곡본동	16,574	7,133	3,768	2,821	2,163	541	104	29	11	3	1
2020.02	강서구	화곡2동	8,184	2,850	2,063	1,636	1,191	357	62	12	10	2	1
2020.02	강서구	화곡3동	9,442	3,296	2,160	1,877	1,578	395	108	18	4	4	2
2020.02	강서구	화곡4동	9,666	3,596	2,462	1,864	1,329	319	71	20	4	1	-
2020.02	강서구	화곡6동	11,822	5,379	2,484	1,894	1,579	368	93	15	4	3	3
2020.02	강서구	화곡8동	11,685	4,387	3,114	2,128	1,575	374	75	29	1	1	1
2020.02	강서구	가양1동	19,301	12,222	2,616	2,102	1,814	439	81	23	2	1	1
2020.02	강서구	가양2동	8,057	4,051	2,146	1,098	577	124	42	13	3	2	1
2020.02	강서구	가양3동	7,921	3,248	2,419	1,375	664	174	31	9	1	-	-
2020.02	강서구	발산1동	13,601	2,797	2,991	3,092	3,589	919	159	38	11	3	2
2020.02	강서구	공항동	12,746	5,622	2,678	2,115	1,759	463	88	19	1	1	-
2020.02	강서구	방화1동	17,442	4,957	3,846	3,620	3,741	1,000	215	52	6	4	1
2020.02	강서구	방화2동	11,610	5,549	2,549	1,728	1,306	362	84	27	3	-	2
2020.02	강서구	방화3동	11,290	4,627	2,876	1,955	1,353	353	99	15	10	2	-
2020.02	강서구	화곡1동	26,516	12,440	6,137	4,307	2,745	667	156	45	11	3	5
2020.02	강서구	우장산동	16,099	3,813	3,137	3,704	4,304	887	188	41	19	4	2
2020.02	구로구	계	177,120	66,837	40,483	32,720	28,166	6,861	1,543	349	113	29	19
2020.02	구로구	신도림동	13,369	2,982	2,889	3,279	3,323	681	163	32	14	5	1
2020.02	구로구	구로1동	8,259	2,195	1,836	1,860	1,894	390	61	16	5	2	-
2020.02	구로구	구로3동	13,201	7,688	2,240	1,609	1,258	308	67	24	5	2	-
2020.02	구로구	구로4동	10,558	5,074	2,529	1,575	1,066	233	60	11	8	1	1
2020.02	구로구	구로5동	14,558	7,042	2,926	2,212	1,811	416	113	29	7	1	1
2020.02	구로구	고척1동	9,568	2,975	2,231	1,912	1,910	419	94	17	8	2	-
2020.02	구로구	고척2동	11,624	3,759	2,768	2,333	2,133	490	116	20	4	-	1
2020.02	구로구	개봉2동	12,517	3,154	3,231	2,910	2,426	589	158	35	10	2	2
2020.02	구로구	개봉3동	8,838	2,630	2,366	1,893	1,497	357	74	11	7	3	-
2020.02	구로구	오류1동	11,403	5,677	2,455	1,642	1,221	318	65	13	7	-	5
2020.02	구로구	수궁동	9,877	2,881	2,555	2,130	1,685	486	114	18	7	1	-
2020.02	구로구	가리봉동	5,858	3,972	970	504	302	85	16	6	2	-	1
2020.02	구로구	구로2동	12,709	6,182	2,971	1,838	1,259	337	84	25	9	3	1
2020.02	구로구	개봉1동	13,886	4,867	3,436	2,641	2,205	562	131	36	4	2	2
2020.02	구로구	오류2동	15,579	4,397	3,901	3,085	3,020	927	179	49	13	4	4
2020.02	구로구	항동	5,316	1,362	1,179	1,297	1,156	263	48	7	3	1	-
2020.02	금천구	계	111,287	50,888	24,200	17,491	14,109	3,513	814	186	56	17	13
2020.02	금천구	가산동	14,025	10,149	1,828	1,085	734	168	53	3	4	1	-
2020.02	금천구	독산1동	20,617	10,159	3,997	3,061	2,583	626	140	37	7	3	4
2020.02	금천구	독산2동	9,267	4,057	2,187	1,576	1,112	265	55	11	3	-	1
2020.02	금천구	독산3동	12,421	5,879	2,833	1,861	1,423	330	71	16	4	4	-
2020.02	금천구	독산4동	7,613	3,389	1,797	1,199	909	249	53	12	3	1	1
2020.02	금천구	시흥1동	15,834	6,730	3,634	2,637	2,158	534	95	34	8	2	2
2020.02	금천구	시흥2동	8,385	2,075	2,014	1,831	1,824	462	137	27	9	3	3
2020.02	금천구	시흥3동	4,714	1,445	1,302	938	757	215	46	7	4	-	-
2020.02	금천구	시흥4동	9,082	3,160	2,249	1,756	1,443	353	84	22	11	3	1
2020.02	금천구	시흥5동	9,329	3,845	2,359	1,547	1,166	311	80	17	3	-	1
2020.02	영등포구	계	176,625	82,407	35,393	28,155	23,579	5,422	1,211	322	84	23	29
2020.02	영등포구	여의동	13,625	4,103	3,000	2,974	2,742	584	156	43	12	6	5
2020.02	영등포구	당산1동	10,692	5,462	2,174	1,528	1,160	271	74	14	5	1	3
2020.02	영등포구	당산2동	17,572	8,889	2,945	2,677	2,365	523	123	32	15	2	1
2020.02	영등포구	양평1동	9,047	4,489	1,944	1,368	972	196	54	18	4	2	-
2020.02	영등포구	양평2동	10,133	4,157	2,136	1,799	1,622	320	78	14	5	-	2
2020.02	영등포구	신길1동	10,248	6,310	1,806	1,110	765	204	37	12	2	1	1
2020.02	영등포구	신길3동	7,667	2,981	1,685	1,469	1,171	302	42	11	4	2	-
2020.02	영등포구	신길4동	4,317	1,974	956	720	500	137	24	5	1	-	-
2020.02	영등포구	신길5동	4,201	1,811	952	695	563	134	33	10	-	1	2
2020.02	영등포구	신길6동	8,505	3,805	1,838	1,398	1,105	268	68	14	5	-	4
2020.02	영등포구	신길7동	7,320	2,096	1,489	1,566	1,683	385	71	23	4	2	1
2020.02	영등포구	대림1동	6,385	3,056	1,427	941	759	151	37	11	2	-	1
2020.02	영등포구	대림2동	6,847	3,707	1,543	841	545	160	36	11	3	1	-
2020.02	영등포구	대림3동	10,429	4,020	2,447	1,913	1,526	395	89	32	7	-	-
2020.02	영등포구	영등포본동	10,232	4,619	2,043	1,675	1,467	343	62	18	1	3	1
2020.02	영등포구	영등포동	17,612	12,727	2,262	1,332	1,003	227	43	12	2	1	3
2020.02	영등포구	도림동	9,324	4,555	2,043	1,402	1,003	246	53	16	5	1	-
2020.02	영등포구	문래동	12,469	3,646	2,703	2,747	2,628	576	131	26	7	-	5
2020.02	동작구	계	181,268	78,268	37,589	30,778	26,519	6,218	1,379	373	93	32	19
2020.02	동작구	노량진2동	7,192	4,191	1,426	857	542	133	31	10	1	1	-
2020.02	동작구	상도1동	21,319	9,812	3,905	3,593	3,099	692	158	44	13	1	2
2020.02	동작구	상도2동	12,841	5,232	2,698	2,280	2,043	453	106	23	3	2	1
2020.02	동작구	상도3동	11,973	5,245	2,649	2,036	1,531	369	100	29	7	5	2
2020.02	동작구	상도4동	13,487	5,571	3,073	2,394	1,906	433	81	22	5	-	2
2020.02	동작구	사당1동	13,194	7,688	2,592	1,545	1,066	229	59	9	5	1	-
2020.02	동작구	사당3동	10,568	3,491	2,418	2,174	1,876	453	104	39	7	4	2
2020.02	동작구	사당4동	7,051	3,171	1,605	1,126	899	190	38	13	6	3	-
2020.02	동작구	사당5동	5,721	2,300	1,218	1,060	900	187	42	11	1	1	1
2020.02	동작구	대방동	17,212	7,046	3,232	2,878	3,095	743	156	45	7	5	5
2020.02	동작구	신대방1동	9,944	3,666	1,982	1,773	1,933	460	95	23	8	1	3
2020.02	동작구	신대방2동	9,362	4,248	1,757	1,467	1,399	376	83	24	6	2	-
2020.02	동작구	흑석동	14,284	5,494	3,024	2,739	2,346	543	105	25	7	1	-
2020.02	동작구	노량진1동	15,194	6,920	3,134	2,459	2,021	502	112	34	8	3	1
2020.02	동작구	사당2동	11,926	4,193	2,876	2,397	1,863	455	109	22	9	2	-
2020.02	관악구	계	269,964	153,178	49,739	32,618	26,028	6,398	1,460	380	102	29	32
2020.02	관악구	보라매동	12,395	5,937	2,744	1,846	1,418	351	76	15	1	4	3
2020.02	관악구	청림동	6,575	1,999	1,632	1,437	1,168	258	57	12	8	1	3
2020.02	관악구	행운동	17,243	10,755	2,937	1,764	1,331	341	92	14	7	2	-
2020.02	관악구	낙성대동	10,801	7,654	1,439	840	636	170	45	10	5	-	2
2020.02	관악구	중앙동	9,510	6,296	1,555	825	635	151	33	11	-	3	1
2020.02	관악구	인헌동	14,197	7,846	2,695	1,779	1,418	358	66	27	5	1	2
2020.02	관악구	남현동	9,442	4,803	1,919	1,334	1,031	265	61	16	8	1	4
2020.02	관악구	서원동	13,946	8,867	2,537	1,388	853	220	64	12	4	1	-
2020.02	관악구	신원동	10,590	6,279	2,116	1,152	808	167	46	14	2	3	3
2020.02	관악구	서림동	14,129	9,160	2,256	1,340	1,015	263	67	22	4	-	2
2020.02	관악구	신사동	13,402	8,364	2,300	1,394	1,046	230	51	10	7	-	-
2020.02	관악구	신림동	16,861	13,815	1,910	649	370	90	22	3	-	1	1
2020.02	관악구	난향동	6,442	1,943	1,533	1,313	1,231	317	76	21	6	-	2
2020.02	관악구	조원동	10,387	6,550	1,827	984	794	174	35	16	5	2	-
2020.02	관악구	대학동	15,733	11,700	1,806	1,123	842	190	61	9	2	-	-
2020.02	관악구	은천동	15,963	6,884	3,487	2,592	2,272	546	141	30	8	3	-
2020.02	관악구	성현동	12,376	3,800	2,953	2,487	2,417	574	98	34	9	2	2
2020.02	관악구	청룡동	21,408	15,079	2,888	1,677	1,329	339	73	16	5	-	2
2020.02	관악구	난곡동	12,950	5,206	3,208	2,250	1,744	406	99	28	7	1	1
2020.02	관악구	삼성동	11,445	4,700	2,778	1,874	1,542	426	95	23	2	3	2
2020.02	관악구	미성동	14,169	5,541	3,219	2,570	2,128	562	102	37	7	1	2
2020.02	서초구	계	173,635	58,569	34,577	34,161	34,936	8,458	2,088	550	194	55	47
2020.02	서초구	서초1동	9,317	3,898	1,761	1,558	1,522	407	126	31	11	2	1
2020.02	서초구	서초2동	8,490	3,803	1,503	1,442	1,341	295	76	20	5	2	3
2020.02	서초구	서초3동	13,711	5,849	2,669	2,280	2,089	569	175	46	18	9	7
2020.02	서초구	서초4동	11,035	2,332	1,946	2,587	3,331	649	125	45	14	5	1
2020.02	서초구	잠원동	14,083	4,724	2,630	2,964	3,028	557	122	34	16	5	3
2020.02	서초구	반포본동	4,132	759	807	970	1,259	251	60	18	4	2	2
2020.02	서초구	반포1동	14,426	6,367	2,221	2,366	2,634	624	156	36	18	4	-
2020.02	서초구	반포2동	5,123	678	834	1,302	1,719	469	90	17	9	3	2
2020.02	서초구	반포3동	7,030	1,290	1,379	1,855	1,991	418	61	26	6	1	3
2020.02	서초구	반포4동	7,325	1,861	1,489	1,791	1,622	408	115	22	9	5	3
2020.02	서초구	방배본동	7,947	2,169	1,551	1,687	1,903	472	112	36	10	2	5
2020.02	서초구	방배1동	7,677	2,926	1,766	1,376	1,203	301	77	18	5	2	3
2020.02	서초구	방배2동	8,777	3,097	2,087	1,650	1,464	373	67	24	6	3	6
2020.02	서초구	방배3동	8,435	2,241	1,883	1,884	1,861	408	112	33	9	2	2
2020.02	서초구	방배4동	9,739	3,417	2,014	1,801	1,886	450	131	26	12	1	1
2020.02	서초구	양재1동	18,259	6,029	3,998	3,473	3,323	1,074	272	68	18	2	2
2020.02	서초구	양재2동	10,806	4,998	2,215	1,617	1,446	394	95	28	11	1	1
2020.02	서초구	내곡동	7,323	2,131	1,824	1,558	1,314	339	116	22	13	4	2
2020.02	강남구	계	233,849	92,560	43,918	41,524	42,948	9,762	2,224	618	180	71	44
2020.02	강남구	신사동	7,419	2,900	1,538	1,309	1,214	321	90	30	10	4	3
2020.02	강남구	논현1동	14,414	9,569	2,480	1,207	806	250	67	22	7	4	2
2020.02	강남구	논현2동	11,410	6,270	2,062	1,555	1,171	262	65	18	6	1	-
2020.02	강남구	삼성1동	6,016	2,099	1,224	1,185	1,101	294	74	27	10	1	1
2020.02	강남구	삼성2동	13,570	5,948	2,305	2,270	2,361	485	133	50	11	2	5
2020.02	강남구	대치1동	7,423	563	919	1,947	3,140	668	140	27	10	6	3
2020.02	강남구	대치4동	10,184	5,331	1,687	1,362	1,395	299	81	23	5	1	-
2020.02	강남구	역삼1동	23,710	16,934	3,483	1,684	1,175	316	81	21	10	5	1
2020.02	강남구	역삼2동	15,667	6,493	2,311	2,817	3,210	641	136	31	10	7	11
2020.02	강남구	도곡1동	8,614	2,547	1,591	1,859	2,069	409	92	29	12	6	-
2020.02	강남구	도곡2동	11,840	2,148	2,312	2,988	3,478	717	142	39	10	3	3
2020.02	강남구	개포1동	2,737	845	606	530	579	143	25	6	2	1	-
2020.02	강남구	개포4동	7,754	2,947	1,576	1,454	1,353	329	65	20	6	2	2
2020.02	강남구	일원본동	8,177	1,464	1,484	2,025	2,578	498	98	23	3	2	2
2020.02	강남구	일원1동	7,533	3,169	1,775	1,268	970	271	63	15	2	-	-
2020.02	강남구	일원2동	7,339	2,221	1,783	1,520	1,477	277	45	14	-	1	1
2020.02	강남구	수서동	7,876	3,395	2,327	1,216	693	185	44	9	7	-	-
2020.02	강남구	세곡동	17,866	5,860	3,901	3,275	3,322	1,115	297	70	19	5	2
2020.02	강남구	압구정동	10,685	2,962	2,408	2,399	2,215	520	130	39	4	7	1
2020.02	강남구	청담동	12,608	4,778	2,452	2,398	2,220	553	133	48	16	6	4
2020.02	강남구	대치2동	12,979	2,467	2,015	3,219	4,246	833	138	41	12	6	2
2020.02	강남구	개포2동	8,028	1,650	1,679	2,037	2,175	376	85	16	8	1	1
2020.02	송파구	계	279,378	96,471	58,715	55,207	53,587	11,872	2,672	598	178	47	31
2020.02	송파구	풍납1동	6,531	2,529	1,582	1,148	1,007	196	54	12	2	1	-
2020.02	송파구	풍납2동	10,884	4,063	2,158	2,169	1,950	414	99	26	4	1	-
2020.02	송파구	거여1동	5,506	1,884	1,308	1,042	980	223	54	12	1	1	1
2020.02	송파구	거여2동	7,182	2,514	1,785	1,425	1,116	257	62	16	3	2	2
2020.02	송파구	마천1동	9,025	3,523	2,096	1,570	1,326	403	80	23	3	1	-
2020.02	송파구	마천2동	8,722	3,209	2,148	1,630	1,285	332	90	20	7	-	1
2020.02	송파구	방이1동	6,289	1,862	1,213	1,331	1,462	320	81	14	5	1	-
2020.02	송파구	방이2동	13,813	7,579	2,746	1,765	1,335	304	65	13	5	-	1
2020.02	송파구	오륜동	5,980	667	1,060	1,602	2,090	450	75	26	7	1	2
2020.02	송파구	오금동	15,890	4,356	3,646	3,611	3,283	776	168	43	4	2	1
2020.02	송파구	송파1동	12,455	5,926	2,677	1,895	1,461	359	96	29	7	2	3
2020.02	송파구	송파2동	7,469	1,687	1,524	1,783	1,902	447	89	18	14	4	1
2020.02	송파구	석촌동	17,041	8,664	3,519	2,431	1,853	417	123	22	6	6	-
2020.02	송파구	삼전동	16,290	8,265	3,313	2,362	1,818	412	92	19	5	1	3
2020.02	송파구	가락본동	11,952	4,599	2,517	2,185	2,035	490	96	24	4	-	2
2020.02	송파구	가락1동	9,869	1,618	2,487	2,547	2,587	484	116	19	5	3	3
2020.02	송파구	가락2동	12,337	2,970	2,477	2,954	3,117	626	138	40	13	2	-
2020.02	송파구	문정1동	8,563	2,752	1,903	1,730	1,660	406	83	14	12	1	2
2020.02	송파구	문정2동	15,540	8,485	2,803	1,948	1,792	367	99	28	12	3	3
2020.02	송파구	잠실본동	15,241	8,238	2,948	2,013	1,549	359	110	16	7	-	1
2020.02	송파구	잠실4동	7,457	1,199	1,425	2,056	2,210	432	95	26	9	5	-
2020.02	송파구	잠실6동	5,946	969	1,313	1,602	1,564	379	84	26	5	2	2
2020.02	송파구	잠실7동	3,478	530	814	897	956	220	46	11	4	-	-
2020.02	송파구	잠실2동	11,976	1,806	1,872	3,089	4,300	736	143	21	6	3	-
2020.02	송파구	잠실3동	12,196	1,912	2,548	3,275	3,575	702	135	31	12	3	3
2020.02	송파구	장지동	12,726	3,602	3,061	2,843	2,461	598	126	25	9	1	-
2020.02	송파구	위례동	9,020	1,063	1,772	2,304	2,913	763	173	24	7	1	-
2020.02	강동구	계	187,626	65,864	41,344	36,788	33,551	7,872	1,612	430	120	25	20
2020.02	강동구	강일동	11,219	2,338	2,613	2,239	2,772	1,016	198	36	6	1	-
2020.02	강동구	상일동	7,255	1,516	1,514	1,788	1,914	431	70	18	2	1	1
2020.02	강동구	명일1동	9,945	2,288	2,364	2,362	2,312	476	101	24	15	3	-
2020.02	강동구	명일2동	6,004	1,176	1,080	1,359	1,863	407	79	26	11	1	2
2020.02	강동구	고덕1동	9,043	1,607	1,585	2,318	2,809	572	112	28	8	1	3
2020.02	강동구	고덕2동	8,001	2,068	1,843	1,851	1,823	331	56	19	8	-	2
2020.02	강동구	암사2동	6,239	1,923	1,481	1,345	1,185	235	52	11	2	3	2
2020.02	강동구	암사3동	6,361	1,109	1,388	1,607	1,696	417	94	30	14	3	3
2020.02	강동구	천호1동	12,822	5,234	2,989	2,365	1,715	408	82	21	6	1	1
2020.02	강동구	천호3동	13,697	6,696	2,925	2,154	1,473	341	85	21	1	-	1
2020.02	강동구	성내1동	8,164	2,415	1,881	1,806	1,599	369	66	23	4	-	1
2020.02	강동구	성내2동	12,630	6,398	2,729	1,920	1,197	294	66	15	9	1	1
2020.02	강동구	성내3동	10,382	3,995	2,328	1,898	1,673	394	71	18	3	1	1
2020.02	강동구	둔촌1동	163	114	20	11	14	2	2	-	-	-	-
2020.02	강동구	둔촌2동	11,230	3,620	2,508	2,329	2,201	458	83	26	3	1	1
2020.02	강동구	암사1동	16,152	6,230	3,721	3,087	2,417	547	108	32	7	3	-
2020.02	강동구	천호2동	17,635	8,601	3,922	2,672	1,868	430	105	29	7	1	-
2020.02	강동구	길동	20,684	8,536	4,453	3,677	3,020	744	182	53	14	4	1
2020.03	합계	합계	4,354,006	1,779,065	928,798	766,761	674,067	157,905	34,892	8,729	2,450	770	569
2020.03	종로구	계	74,151	36,887	14,300	10,754	8,873	2,495	577	188	43	19	15
2020.03	종로구	사직동	4,668	2,318	912	676	536	166	33	21	2	2	2
2020.03	종로구	삼청동	1,375	723	252	186	142	46	20	4	1	-	1
2020.03	종로구	부암동	4,346	1,665	949	763	703	180	57	20	4	2	3
2020.03	종로구	평창동	7,504	2,397	1,734	1,495	1,337	414	75	34	12	4	2
2020.03	종로구	무악동	3,196	747	713	725	763	194	39	11	1	1	2
2020.03	종로구	교남동	4,593	1,652	1,088	910	737	162	27	12	4	1	-
2020.03	종로구	가회동	2,064	940	438	343	246	64	23	8	1	-	1
2020.03	종로구	종로1.2.3.4가동	5,200	4,115	520	290	202	51	14	6	2	-	-
2020.03	종로구	종로5·6가동	3,402	2,337	514	297	183	55	11	2	2	1	-
2020.03	종로구	이화동	4,437	2,679	794	480	344	106	25	8	-	1	-
2020.03	종로구	창신1동	2,949	1,749	582	314	210	74	17	3	-	-	-
2020.03	종로구	창신2동	4,146	1,960	909	631	457	144	34	9	1	1	-
2020.03	종로구	창신3동	2,891	923	669	638	466	161	28	3	3	-	-
2020.03	종로구	숭인1동	2,968	1,365	653	467	351	103	23	4	1	1	-
2020.03	종로구	숭인2동	5,796	3,820	928	523	397	101	21	4	2	-	-
2020.03	종로구	청운효자동	5,388	1,986	1,171	984	921	236	62	21	3	4	-
2020.03	종로구	혜화동	9,228	5,511	1,474	1,032	878	238	68	18	4	1	4
2020.03	중구	계	63,045	31,398	13,261	9,126	6,936	1,698	446	123	27	12	18
2020.03	중구	소공동	1,124	620	215	164	99	18	5	1	-	-	2
2020.03	중구	회현동	3,118	2,067	443	292	231	59	14	11	1	-	-
2020.03	중구	명동	1,569	1,093	212	142	82	24	7	5	1	-	3
2020.03	중구	필동	2,295	1,437	420	213	160	52	8	3	1	-	1
2020.03	중구	장충동	2,715	1,743	420	239	218	71	18	2	2	1	1
2020.03	중구	광희동	2,990	1,944	509	281	185	51	14	4	1	-	1
2020.03	중구	을지로동	1,355	1,081	155	67	36	12	4	-	-	-	-
2020.03	중구	신당5동	5,324	2,627	1,168	750	577	150	39	10	2	1	-
2020.03	중구	황학동	6,924	3,789	1,481	890	579	137	36	9	1	1	1
2020.03	중구	중림동	5,850	2,506	1,285	1,029	792	173	47	14	4	-	-
2020.03	중구	신당동	4,461	2,790	825	427	323	68	22	4	1	1	-
2020.03	중구	다산동	6,975	3,168	1,634	1,047	870	184	47	17	3	2	3
2020.03	중구	약수동	7,820	2,884	2,036	1,538	1,027	241	72	14	3	2	3
2020.03	중구	청구동	6,350	2,487	1,503	1,160	904	228	53	8	2	3	2
2020.03	중구	동화동	4,175	1,162	955	887	853	230	60	21	5	1	1
2020.03	용산구	계	110,895	52,692	22,895	17,088	13,504	3,518	858	219	70	30	21
2020.03	용산구	후암동	8,561	4,072	1,751	1,371	979	287	71	16	7	3	4
2020.03	용산구	용산2가동	5,437	2,813	1,203	760	490	137	23	8	3	-	-
2020.03	용산구	남영동	5,451	4,209	601	312	243	67	13	4	-	1	1
2020.03	용산구	원효로2동	6,004	2,120	1,285	1,191	1,045	262	71	16	9	3	2
2020.03	용산구	효창동	4,284	1,472	1,008	827	714	188	59	13	1	2	-
2020.03	용산구	용문동	5,403	1,979	1,304	1,018	828	213	44	10	3	3	1
2020.03	용산구	이촌1동	10,331	2,193	2,293	2,649	2,428	570	139	40	13	5	1
2020.03	용산구	이촌2동	3,829	1,282	1,067	780	510	138	35	10	6	1	-
2020.03	용산구	이태원1동	3,758	2,164	713	453	310	80	30	6	1	-	1
2020.03	용산구	이태원2동	4,913	2,628	1,023	666	432	111	44	6	1	2	-
2020.03	용산구	서빙고동	5,294	1,709	1,128	955	1,066	350	65	18	2	-	1
2020.03	용산구	보광동	7,640	4,061	1,684	997	686	164	38	8	1	1	-
2020.03	용산구	청파동	10,930	6,481	1,994	1,195	924	250	59	20	2	1	4
2020.03	용산구	원효로1동	7,901	3,767	1,661	1,248	943	227	41	6	4	2	2
2020.03	용산구	한강로동	9,882	5,604	1,843	1,226	924	197	62	15	8	2	1
2020.03	용산구	한남동	11,277	6,138	2,337	1,440	982	277	64	23	9	4	3
2020.03	성동구	계	135,643	55,723	29,796	24,643	19,631	4,414	1,051	277	69	24	15
2020.03	성동구	왕십리2동	7,610	2,919	1,732	1,423	1,165	270	79	16	1	3	2
2020.03	성동구	마장동	10,864	4,873	2,288	1,745	1,469	356	90	26	10	2	5
2020.03	성동구	사근동	7,473	5,285	981	566	475	129	25	10	2	-	-
2020.03	성동구	행당1동	7,043	2,953	1,492	1,304	1,008	210	52	16	6	1	1
2020.03	성동구	행당2동	9,453	2,373	2,379	2,202	1,960	407	100	23	5	1	3
2020.03	성동구	응봉동	6,163	1,631	1,407	1,440	1,304	300	61	14	5	-	1
2020.03	성동구	금호1가동	6,630	2,149	1,636	1,428	1,094	247	63	11	2	-	-
2020.03	성동구	금호4가동	6,424	2,170	1,596	1,435	960	204	40	16	3	-	-
2020.03	성동구	성수1가1동	7,581	3,112	1,675	1,294	1,191	235	56	10	5	3	-
2020.03	성동구	성수1가2동	6,679	3,033	1,396	1,115	868	211	44	9	2	1	-
2020.03	성동구	성수2가1동	8,505	4,132	1,823	1,296	976	215	49	8	5	1	-
2020.03	성동구	성수2가3동	5,715	2,955	1,093	779	657	168	49	13	-	1	-
2020.03	성동구	송정동	5,528	2,769	1,151	809	605	156	32	4	-	2	-
2020.03	성동구	용답동	6,802	4,046	1,214	758	600	130	38	13	-	1	2
2020.03	성동구	왕십리도선동	11,810	4,449	2,533	2,322	1,954	417	95	28	9	3	-
2020.03	성동구	금호2.3가동	10,340	3,631	2,567	2,136	1,553	331	86	24	8	3	1
2020.03	성동구	옥수동	11,023	3,243	2,833	2,591	1,792	428	92	36	6	2	-
2020.03	광진구	계	165,287	75,294	33,620	26,551	23,124	5,106	1,153	308	84	30	17
2020.03	광진구	화양동	16,383	12,960	1,965	741	573	101	30	11	-	1	1
2020.03	광진구	군자동	10,813	6,125	2,022	1,371	987	229	54	17	5	2	1
2020.03	광진구	중곡1동	8,102	4,023	1,844	1,175	818	184	38	12	5	2	1
2020.03	광진구	중곡2동	10,578	4,668	2,416	1,735	1,350	316	68	17	6	2	-
2020.03	광진구	중곡3동	8,483	4,077	1,914	1,292	909	240	41	8	1	1	-
2020.03	광진구	중곡4동	13,221	4,935	3,157	2,557	1,974	453	103	27	11	2	2
2020.03	광진구	능동	6,387	3,626	1,312	723	522	148	44	9	1	2	-
2020.03	광진구	구의1동	12,060	6,643	2,406	1,562	1,089	277	67	13	2	-	1
2020.03	광진구	구의2동	11,617	4,180	2,586	2,291	1,956	452	103	33	10	3	3
2020.03	광진구	구의3동	12,146	4,089	2,572	2,458	2,348	529	110	26	11	2	1
2020.03	광진구	광장동	12,040	2,204	1,948	3,017	3,936	710	172	37	10	4	2
2020.03	광진구	자양1동	11,569	5,767	2,435	1,668	1,308	308	59	18	3	2	1
2020.03	광진구	자양2동	11,217	4,031	2,544	2,187	1,890	423	103	31	4	2	2
2020.03	광진구	자양3동	11,048	2,914	2,467	2,448	2,549	502	118	32	13	4	1
2020.03	광진구	자양4동	9,623	5,052	2,032	1,326	915	234	43	17	2	1	1
2020.03	동대문구	계	165,279	76,834	33,760	26,174	21,517	5,342	1,226	321	71	22	12
2020.03	동대문구	회기동	6,020	3,898	893	573	478	138	30	5	4	1	-
2020.03	동대문구	휘경1동	7,408	3,986	1,356	973	824	206	46	13	1	2	1
2020.03	동대문구	휘경2동	11,605	5,565	2,108	1,816	1,606	393	89	23	4	-	1
2020.03	동대문구	청량리동	10,434	5,001	2,347	1,542	1,137	319	72	14	1	-	1
2020.03	동대문구	용신동	17,688	10,723	3,161	1,919	1,434	351	73	21	6	-	-
2020.03	동대문구	제기동	13,034	6,995	2,616	1,695	1,236	367	94	23	3	3	2
2020.03	동대문구	전농1동	15,098	7,383	3,008	2,386	1,763	435	87	21	10	1	4
2020.03	동대문구	전농2동	7,733	2,261	1,849	1,700	1,423	377	93	22	7	-	1
2020.03	동대문구	답십리2동	12,990	4,608	3,185	2,489	2,095	481	98	25	8	1	-
2020.03	동대문구	장안1동	17,783	7,565	3,885	3,057	2,487	610	135	36	5	3	-
2020.03	동대문구	장안2동	13,769	4,675	3,056	2,837	2,467	552	138	36	4	4	-
2020.03	동대문구	이문1동	10,435	6,331	1,693	1,124	965	236	63	15	5	2	1
2020.03	동대문구	이문2동	8,552	2,905	1,932	1,639	1,556	385	90	35	6	4	-
2020.03	동대문구	답십리1동	12,730	4,938	2,671	2,424	2,046	492	118	32	7	1	1
2020.03	중랑구	계	182,220	75,948	41,968	31,668	24,990	6,027	1,207	301	76	21	14
2020.03	중랑구	면목2동	12,265	5,582	2,766	1,931	1,525	365	76	14	6	-	-
2020.03	중랑구	면목4동	9,203	3,934	2,133	1,620	1,156	282	60	15	3	-	-
2020.03	중랑구	면목5동	4,489	1,892	1,079	778	581	127	23	7	2	-	-
2020.03	중랑구	면목7동	10,457	4,374	2,503	1,802	1,375	311	70	17	3	2	-
2020.03	중랑구	상봉1동	10,276	3,180	2,395	2,211	2,018	378	72	17	4	1	-
2020.03	중랑구	상봉2동	11,290	6,650	2,260	1,305	839	171	43	12	7	2	1
2020.03	중랑구	중화1동	9,049	3,278	2,249	1,760	1,351	332	50	18	8	2	1
2020.03	중랑구	중화2동	13,993	7,336	3,122	1,915	1,241	302	56	15	2	2	2
2020.03	중랑구	묵1동	14,705	4,806	3,350	3,034	2,674	639	147	43	8	2	2
2020.03	중랑구	묵2동	9,179	3,897	2,147	1,626	1,135	298	62	9	1	2	2
2020.03	중랑구	망우3동	8,437	3,738	2,021	1,407	985	226	50	5	2	3	-
2020.03	중랑구	신내1동	14,863	3,568	3,484	3,145	3,339	1,064	191	53	17	1	1
2020.03	중랑구	신내2동	9,044	2,851	2,285	1,955	1,546	318	67	12	7	1	2
2020.03	중랑구	면목본동	17,655	8,465	3,993	2,711	1,933	454	72	22	1	2	2
2020.03	중랑구	면목3.8동	12,582	5,620	2,951	2,095	1,486	329	77	22	2	-	-
2020.03	중랑구	망우본동	14,733	6,777	3,230	2,373	1,806	431	91	20	3	1	1
2020.03	성북구	계	193,801	76,046	41,346	35,472	31,272	7,436	1,628	425	104	31	41
2020.03	성북구	돈암1동	6,256	1,773	1,583	1,334	1,183	291	73	16	-	2	1
2020.03	성북구	돈암2동	8,646	1,648	1,850	2,189	2,244	547	115	32	15	2	4
2020.03	성북구	안암동	9,302	6,081	1,451	885	697	137	40	7	2	-	2
2020.03	성북구	보문동	7,959	3,821	1,611	1,270	990	219	35	9	2	-	2
2020.03	성북구	정릉1동	7,490	2,220	1,657	1,684	1,465	347	83	26	3	2	3
2020.03	성북구	정릉2동	9,679	3,076	2,356	1,994	1,701	409	103	31	5	2	2
2020.03	성북구	정릉3동	7,779	4,076	1,541	1,052	834	214	46	11	1	1	3
2020.03	성북구	정릉4동	10,978	3,714	2,611	2,219	1,837	452	96	32	12	3	2
2020.03	성북구	길음1동	12,813	2,550	2,426	3,206	3,699	735	151	31	8	2	5
2020.03	성북구	길음2동	7,076	2,408	1,493	1,465	1,340	297	57	15	1	-	-
2020.03	성북구	월곡1동	10,812	3,235	2,478	2,290	2,134	530	107	28	8	2	-
2020.03	성북구	월곡2동	9,385	4,236	1,909	1,499	1,306	331	75	14	8	3	4
2020.03	성북구	장위1동	9,027	3,462	2,145	1,649	1,329	337	75	26	2	1	1
2020.03	성북구	장위2동	6,367	2,577	1,578	1,132	799	217	48	12	3	1	-
2020.03	성북구	장위3동	7,354	2,410	1,584	1,569	1,426	289	59	12	4	1	-
2020.03	성북구	성북동	8,147	3,811	1,789	1,217	929	284	84	18	8	1	6
2020.03	성북구	삼선동	11,951	5,911	2,332	1,681	1,521	394	82	21	6	2	1
2020.03	성북구	동선동	9,181	5,883	1,473	924	664	182	38	12	3	1	1
2020.03	성북구	종암동	17,189	6,494	3,614	3,183	2,975	719	150	44	3	4	3
2020.03	성북구	석관동	16,410	6,660	3,865	3,030	2,199	505	111	28	10	1	1
2020.03	강북구	계	144,805	60,468	34,139	25,055	19,044	4,704	1,055	221	78	20	21
2020.03	강북구	번1동	10,311	5,534	2,164	1,433	912	202	54	8	4	-	-
2020.03	강북구	번2동	7,663	2,840	2,098	1,465	941	239	63	12	3	-	2
2020.03	강북구	번3동	7,593	2,340	2,162	1,516	1,189	297	74	11	3	1	-
2020.03	강북구	수유1동	10,389	4,766	2,362	1,656	1,211	301	66	16	7	1	3
2020.03	강북구	수유2동	9,654	3,529	2,535	1,800	1,308	377	81	17	4	1	2
2020.03	강북구	수유3동	12,776	6,970	2,583	1,786	1,114	253	46	17	4	2	1
2020.03	강북구	삼양동	11,459	4,622	2,740	2,033	1,546	404	83	17	8	4	2
2020.03	강북구	미아동	11,438	5,814	2,438	1,650	1,168	291	59	9	6	1	2
2020.03	강북구	송중동	13,965	5,845	3,173	2,430	1,907	466	110	22	7	2	3
2020.03	강북구	송천동	13,746	6,328	3,231	2,107	1,622	370	69	14	4	1	-
2020.03	강북구	삼각산동	11,749	2,592	2,504	2,766	3,049	655	133	32	15	3	-
2020.03	강북구	우이동	9,507	3,616	2,474	1,716	1,242	343	87	16	6	3	4
2020.03	강북구	인수동	14,555	5,672	3,675	2,697	1,835	506	130	30	7	1	2
2020.03	도봉구	계	138,595	45,486	33,952	28,351	23,552	5,595	1,220	301	94	36	8
2020.03	도봉구	쌍문1동	9,343	3,164	2,349	1,887	1,422	399	93	20	7	1	1
2020.03	도봉구	쌍문2동	8,628	3,065	2,232	1,703	1,232	301	71	17	4	1	2
2020.03	도봉구	쌍문3동	7,870	3,198	1,932	1,391	1,038	251	44	13	3	-	-
2020.03	도봉구	쌍문4동	7,167	1,544	1,602	1,741	1,820	375	67	15	3	-	-
2020.03	도봉구	방학1동	12,763	4,700	3,004	2,354	2,002	538	118	37	5	3	2
2020.03	도봉구	방학2동	9,558	3,828	2,374	1,733	1,196	327	81	15	3	1	-
2020.03	도봉구	방학3동	10,061	1,812	2,446	2,514	2,508	589	145	29	13	5	-
2020.03	도봉구	창1동	10,942	3,647	2,635	2,272	1,901	382	78	20	4	2	1
2020.03	도봉구	창2동	12,387	3,799	3,142	2,655	2,119	509	116	30	11	6	-
2020.03	도봉구	창3동	6,635	2,627	1,642	1,188	895	227	41	13	2	-	-
2020.03	도봉구	창4동	10,618	2,856	2,389	2,360	2,372	510	96	18	14	3	-
2020.03	도봉구	창5동	10,134	2,889	2,389	2,264	2,042	421	90	25	9	5	-
2020.03	도봉구	도봉1동	10,338	4,259	2,685	1,793	1,182	321	61	23	7	5	2
2020.03	도봉구	도봉2동	12,151	4,098	3,131	2,496	1,823	445	119	26	9	4	-
2020.03	노원구	계	217,148	69,843	49,196	44,358	42,453	9,008	1,734	391	107	38	20
2020.03	노원구	월계1동	10,535	4,494	2,208	1,772	1,578	400	66	15	2	-	-
2020.03	노원구	월계2동	11,975	4,089	3,132	2,346	1,861	424	101	15	4	2	1
2020.03	노원구	월계3동	12,971	3,885	3,519	2,819	2,134	473	108	23	7	2	1
2020.03	노원구	공릉2동	16,270	5,556	3,154	3,259	3,393	716	140	30	14	7	1
2020.03	노원구	하계1동	11,881	4,393	2,403	2,167	2,303	488	87	24	9	2	5
2020.03	노원구	하계2동	8,258	1,681	1,775	1,995	2,265	437	80	19	4	2	-
2020.03	노원구	중계본동	8,847	1,999	1,413	1,924	2,700	662	113	27	6	2	1
2020.03	노원구	중계1동	9,086	1,417	1,351	2,359	3,307	556	68	18	9	1	-
2020.03	노원구	중계4동	8,440	2,580	1,969	1,660	1,745	379	80	19	4	2	2
2020.03	노원구	상계1동	15,543	4,386	3,695	3,333	3,123	787	173	31	9	2	4
2020.03	노원구	상계2동	8,751	3,232	1,720	1,620	1,697	359	97	19	5	2	-
2020.03	노원구	상계5동	10,864	3,895	2,638	2,124	1,694	407	77	21	6	1	1
2020.03	노원구	상계8동	9,233	2,326	2,295	2,277	1,933	341	46	13	2	-	-
2020.03	노원구	상계9동	8,420	2,061	2,161	2,040	1,768	323	52	11	1	3	-
2020.03	노원구	상계10동	6,589	1,752	1,753	1,498	1,332	191	44	13	3	3	-
2020.03	노원구	상계3.4동	12,108	4,626	2,983	2,145	1,748	460	108	27	9	2	-
2020.03	노원구	상계6.7동	13,938	4,255	3,308	3,024	2,736	506	78	23	5	-	3
2020.03	노원구	중계2.3동	15,345	4,929	4,051	3,060	2,647	545	90	18	2	2	1
2020.03	노원구	공릉1동	18,094	8,287	3,668	2,936	2,489	554	126	25	6	3	-
2020.03	은평구	계	208,209	77,943	48,665	39,039	31,987	8,059	1,889	438	123	34	32
2020.03	은평구	녹번동	17,190	6,710	4,194	3,222	2,336	570	116	28	9	2	3
2020.03	은평구	불광1동	17,907	6,685	4,408	3,460	2,586	587	133	35	10	3	-
2020.03	은평구	갈현1동	11,225	4,697	2,672	1,976	1,430	350	73	19	5	1	2
2020.03	은평구	갈현2동	12,640	4,351	3,079	2,572	2,016	458	126	26	7	3	2
2020.03	은평구	구산동	13,254	4,211	3,190	2,753	2,313	611	117	40	11	1	7
2020.03	은평구	대조동	13,942	6,948	3,042	2,056	1,424	342	101	18	8	2	1
2020.03	은평구	응암1동	11,494	4,868	2,555	1,946	1,617	376	101	15	4	5	7
2020.03	은평구	응암2동	10,143	2,856	2,428	2,339	1,933	447	96	28	11	2	3
2020.03	은평구	신사1동	11,783	3,837	2,919	2,450	1,955	471	115	28	4	4	-
2020.03	은평구	신사2동	9,168	3,208	2,184	1,792	1,490	372	95	22	4	-	1
2020.03	은평구	증산동	6,890	2,483	1,734	1,242	1,075	280	55	17	4	-	-
2020.03	은평구	수색동	3,795	1,387	898	735	573	158	38	6	-	-	-
2020.03	은평구	진관동	21,602	6,195	4,190	4,219	5,035	1,503	370	65	17	4	4
2020.03	은평구	불광2동	13,849	6,047	3,329	2,316	1,616	420	89	22	7	3	-
2020.03	은평구	응암3동	12,630	5,933	2,917	1,927	1,413	319	88	22	8	1	2
2020.03	은평구	역촌동	20,697	7,527	4,926	4,034	3,175	795	176	47	14	3	-
2020.03	서대문구	계	142,109	59,930	30,271	24,561	20,795	4,982	1,178	270	82	26	14
2020.03	서대문구	천연동	8,160	3,303	1,759	1,500	1,242	275	59	13	5	2	2
2020.03	서대문구	홍제1동	10,344	3,518	2,464	2,068	1,724	437	95	23	11	3	1
2020.03	서대문구	홍제3동	7,090	2,678	1,667	1,342	1,061	270	57	9	6	-	-
2020.03	서대문구	홍제2동	5,826	1,748	1,422	1,262	1,077	256	42	14	3	1	1
2020.03	서대문구	홍은1동	9,554	3,174	2,262	1,856	1,700	419	110	27	5	-	1
2020.03	서대문구	홍은2동	12,209	4,802	2,820	2,189	1,802	417	129	34	13	3	-
2020.03	서대문구	남가좌1동	5,970	1,425	1,191	1,483	1,455	325	72	16	2	1	-
2020.03	서대문구	남가좌2동	12,706	4,858	2,784	2,394	2,080	451	107	25	5	2	-
2020.03	서대문구	북가좌1동	7,002	1,608	1,675	1,637	1,593	374	90	16	6	2	1
2020.03	서대문구	북가좌2동	14,725	5,603	3,529	2,729	2,151	555	121	31	4	-	2
2020.03	서대문구	충현동	8,998	4,647	1,758	1,222	1,029	256	67	15	2	1	1
2020.03	서대문구	북아현동	7,521	2,848	1,687	1,511	1,178	238	41	11	3	4	-
2020.03	서대문구	신촌동	12,604	9,492	1,506	800	587	153	42	12	5	2	5
2020.03	서대문구	연희동	19,400	10,226	3,747	2,568	2,116	556	146	24	12	5	-
2020.03	마포구	계	176,133	79,624	36,242	28,632	24,432	5,584	1,162	302	102	30	23
2020.03	마포구	용강동	9,187	3,225	1,965	1,893	1,629	362	82	21	8	2	-
2020.03	마포구	대흥동	7,806	4,983	1,254	763	645	128	24	5	1	1	2
2020.03	마포구	염리동	5,661	2,428	1,193	969	838	184	35	10	2	-	2
2020.03	마포구	신수동	10,193	3,902	2,153	1,966	1,705	362	75	22	7	1	-
2020.03	마포구	서교동	14,163	8,930	2,381	1,454	1,053	263	57	17	3	4	1
2020.03	마포구	합정동	9,627	5,094	2,095	1,272	887	207	45	13	7	-	7
2020.03	마포구	망원1동	10,642	5,123	2,433	1,478	1,234	294	60	13	5	-	2
2020.03	마포구	망원2동	8,424	3,189	2,010	1,455	1,392	296	61	15	6	-	-
2020.03	마포구	연남동	8,679	4,969	1,681	1,055	708	208	38	13	4	2	1
2020.03	마포구	성산1동	9,444	4,316	2,068	1,484	1,153	319	69	21	7	6	1
2020.03	마포구	성산2동	18,976	8,244	3,956	3,172	2,797	634	127	29	14	2	1
2020.03	마포구	상암동	12,800	4,316	2,537	2,425	2,626	703	146	30	10	5	2
2020.03	마포구	도화동	9,589	3,619	2,048	1,804	1,620	381	87	21	5	2	2
2020.03	마포구	서강동	11,622	5,209	2,207	1,969	1,753	393	60	21	8	1	1
2020.03	마포구	공덕동	19,110	8,855	3,997	3,088	2,483	520	126	28	11	2	-
2020.03	마포구	아현동	10,210	3,222	2,264	2,385	1,909	330	70	23	4	2	1
2020.03	양천구	계	177,436	51,059	38,140	38,216	39,090	8,581	1,743	416	128	36	27
2020.03	양천구	목1동	10,529	1,564	1,783	2,955	3,402	646	125	39	11	3	1
2020.03	양천구	목2동	13,201	4,747	2,926	2,558	2,276	531	116	32	9	3	3
2020.03	양천구	목3동	9,999	3,648	2,419	1,968	1,512	332	82	29	6	2	1
2020.03	양천구	목4동	10,131	3,001	1,894	2,107	2,446	532	112	25	13	-	1
2020.03	양천구	신월1동	10,102	4,385	2,382	1,745	1,220	291	63	11	3	2	-
2020.03	양천구	신월2동	8,532	2,404	2,049	1,874	1,612	449	100	33	5	3	3
2020.03	양천구	신월3동	8,096	3,917	1,800	1,199	853	258	56	9	1	-	3
2020.03	양천구	신월4동	6,899	1,522	1,636	1,633	1,570	407	105	20	4	2	-
2020.03	양천구	신월5동	6,415	2,165	1,515	1,301	1,062	276	75	16	1	3	1
2020.03	양천구	신월6동	2,523	643	589	558	552	142	29	10	-	-	-
2020.03	양천구	신월7동	9,279	3,075	2,606	1,849	1,370	284	68	18	7	1	1
2020.03	양천구	신정1동	7,231	1,394	1,255	1,682	2,326	470	80	13	8	-	3
2020.03	양천구	신정2동	7,152	1,557	1,288	1,552	2,208	461	69	12	2	2	1
2020.03	양천구	신정3동	17,975	4,541	4,215	3,865	4,000	1,094	199	42	13	4	2
2020.03	양천구	신정6동	8,179	1,007	1,488	2,267	2,771	517	102	15	8	2	2
2020.03	양천구	신정7동	11,599	2,985	2,592	2,607	2,776	510	96	23	9	1	-
2020.03	양천구	목5동	13,576	1,658	2,098	3,705	5,052	844	148	40	22	7	2
2020.03	양천구	신정4동	16,018	6,846	3,605	2,791	2,082	537	118	29	6	1	3
2020.03	강서구	계	263,645	105,297	59,118	47,113	39,985	9,450	1,986	515	116	44	21
2020.03	강서구	염창동	15,743	3,911	3,132	3,825	3,953	756	122	36	6	2	-
2020.03	강서구	등촌1동	12,275	6,595	2,341	1,638	1,344	267	63	22	2	3	-
2020.03	강서구	등촌2동	8,724	2,721	2,021	1,837	1,617	390	99	27	10	2	-
2020.03	강서구	등촌3동	14,846	5,825	3,928	2,627	1,966	393	79	23	4	1	-
2020.03	강서구	화곡본동	16,564	7,140	3,806	2,786	2,146	543	98	29	11	4	1
2020.03	강서구	화곡2동	8,189	2,871	2,061	1,647	1,174	351	59	16	8	1	1
2020.03	강서구	화곡3동	9,447	3,319	2,167	1,856	1,586	388	104	18	3	3	3
2020.03	강서구	화곡4동	9,643	3,588	2,469	1,861	1,314	316	71	19	4	1	-
2020.03	강서구	화곡6동	11,840	5,380	2,518	1,902	1,566	357	92	14	4	3	4
2020.03	강서구	화곡8동	11,686	4,417	3,101	2,110	1,582	370	75	29	1	1	-
2020.03	강서구	가양1동	19,293	12,230	2,626	2,112	1,782	430	87	22	2	1	1
2020.03	강서구	가양2동	8,055	4,057	2,151	1,079	581	129	39	13	3	2	1
2020.03	강서구	가양3동	7,920	3,244	2,431	1,368	659	176	32	9	1	-	-
2020.03	강서구	발산1동	13,623	2,825	3,004	3,104	3,577	902	158	37	10	4	2
2020.03	강서구	공항동	12,721	5,613	2,695	2,099	1,752	454	86	20	1	1	-
2020.03	강서구	방화1동	17,476	4,984	3,893	3,615	3,720	998	203	52	6	4	1
2020.03	강서구	방화2동	11,603	5,549	2,567	1,716	1,298	352	88	28	3	-	2
2020.03	강서구	방화3동	11,293	4,650	2,887	1,935	1,359	344	94	13	10	1	-
2020.03	강서구	화곡1동	26,594	12,543	6,152	4,307	2,718	664	145	46	11	5	3
2020.03	강서구	우장산동	16,110	3,835	3,168	3,689	4,291	870	192	42	16	5	2
2020.03	구로구	계	177,275	67,031	40,668	32,694	28,029	6,821	1,535	342	110	28	17
2020.03	구로구	신도림동	13,371	2,990	2,926	3,275	3,290	679	156	37	12	5	1
2020.03	구로구	구로1동	8,266	2,205	1,866	1,842	1,892	377	60	16	6	2	-
2020.03	구로구	구로3동	13,180	7,654	2,253	1,616	1,259	298	69	23	6	2	-
2020.03	구로구	구로4동	10,541	5,089	2,514	1,578	1,054	227	58	10	9	1	1
2020.03	구로구	구로5동	14,561	7,050	2,943	2,196	1,797	425	113	26	9	1	1
2020.03	구로구	고척1동	9,567	2,992	2,224	1,910	1,910	411	97	15	6	2	-
2020.03	구로구	고척2동	11,613	3,790	2,754	2,329	2,111	484	120	20	4	-	1
2020.03	구로구	개봉2동	12,538	3,182	3,235	2,920	2,413	589	151	35	9	2	2
2020.03	구로구	개봉3동	8,853	2,633	2,389	1,899	1,492	348	71	11	7	3	-
2020.03	구로구	오류1동	11,454	5,727	2,465	1,646	1,211	314	65	14	9	-	3
2020.03	구로구	수궁동	9,876	2,883	2,579	2,113	1,686	475	114	20	5	1	-
2020.03	구로구	가리봉동	5,866	3,989	986	491	290	85	17	6	1	-	1
2020.03	구로구	구로2동	12,687	6,183	2,972	1,828	1,248	335	85	25	7	3	1
2020.03	구로구	개봉1동	13,872	4,883	3,430	2,633	2,184	568	134	32	4	2	2
2020.03	구로구	오류2동	15,566	4,404	3,911	3,071	3,003	936	176	45	13	3	4
2020.03	구로구	항동	5,464	1,377	1,221	1,347	1,189	270	49	7	3	1	-
2020.03	금천구	계	111,542	51,181	24,313	17,525	13,997	3,474	790	176	54	18	14
2020.03	금천구	가산동	14,169	10,271	1,856	1,097	720	164	52	5	3	1	-
2020.03	금천구	독산1동	20,708	10,205	4,036	3,077	2,579	621	140	35	7	4	4
2020.03	금천구	독산2동	9,251	4,050	2,208	1,566	1,099	260	53	11	3	-	1
2020.03	금천구	독산3동	12,437	5,905	2,830	1,875	1,404	333	68	14	4	4	-
2020.03	금천구	독산4동	7,629	3,415	1,796	1,208	895	247	53	10	3	1	1
2020.03	금천구	시흥1동	15,814	6,751	3,619	2,633	2,152	519	94	34	7	3	2
2020.03	금천구	시흥2동	8,372	2,067	2,025	1,847	1,807	453	135	23	9	2	4
2020.03	금천구	시흥3동	4,724	1,465	1,306	928	756	217	43	5	4	-	-
2020.03	금천구	시흥4동	9,094	3,180	2,267	1,748	1,430	356	75	23	11	3	1
2020.03	금천구	시흥5동	9,344	3,872	2,370	1,546	1,155	304	77	16	3	-	1
2020.03	영등포구	계	177,743	82,967	35,757	28,320	23,645	5,430	1,180	310	83	23	28
2020.03	영등포구	여의동	13,628	4,098	3,021	2,951	2,749	589	156	41	12	6	5
2020.03	영등포구	당산1동	10,721	5,506	2,185	1,524	1,138	272	73	14	5	1	3
2020.03	영등포구	당산2동	17,586	8,898	2,962	2,671	2,366	523	117	31	14	3	1
2020.03	영등포구	양평1동	9,056	4,493	1,978	1,358	957	194	53	16	5	2	-
2020.03	영등포구	양평2동	10,108	4,128	2,149	1,814	1,610	310	76	14	5	-	2
2020.03	영등포구	신길1동	10,275	6,361	1,806	1,093	761	201	38	11	2	1	1
2020.03	영등포구	신길3동	7,650	3,011	1,658	1,468	1,158	301	38	11	3	2	-
2020.03	영등포구	신길4동	4,311	1,975	957	724	490	134	24	5	2	-	-
2020.03	영등포구	신길5동	4,614	1,878	1,032	831	660	166	33	11	-	1	2
2020.03	영등포구	신길6동	8,512	3,807	1,855	1,397	1,106	258	66	14	5	-	4
2020.03	영등포구	신길7동	7,755	2,181	1,614	1,687	1,765	414	68	22	3	-	1
2020.03	영등포구	대림1동	6,378	3,080	1,419	927	746	155	38	10	2	-	1
2020.03	영등포구	대림2동	6,856	3,751	1,528	837	535	153	38	10	3	1	-
2020.03	영등포구	대림3동	10,422	4,027	2,468	1,908	1,505	387	88	32	7	-	-
2020.03	영등포구	영등포본동	10,242	4,630	2,061	1,674	1,461	338	57	16	1	3	1
2020.03	영등포구	영등포동	17,782	12,874	2,296	1,324	1,004	224	43	12	2	-	3
2020.03	영등포구	도림동	9,340	4,590	2,048	1,382	996	251	53	14	5	1	-
2020.03	영등포구	문래동	12,507	3,679	2,720	2,750	2,638	560	121	26	7	2	4
2020.03	동작구	계	181,761	78,757	37,853	30,750	26,393	6,159	1,348	368	87	27	19
2020.03	동작구	노량진2동	7,213	4,214	1,443	844	536	135	30	9	1	1	-
2020.03	동작구	상도1동	21,433	9,915	3,923	3,598	3,100	687	152	42	13	1	2
2020.03	동작구	상도2동	12,801	5,217	2,703	2,263	2,038	446	106	23	3	1	1
2020.03	동작구	상도3동	11,972	5,278	2,656	2,018	1,528	354	96	28	7	5	2
2020.03	동작구	상도4동	13,518	5,623	3,089	2,390	1,871	440	78	21	4	-	2
2020.03	동작구	사당1동	13,203	7,694	2,622	1,536	1,056	223	54	12	5	1	-
2020.03	동작구	사당3동	10,554	3,483	2,428	2,176	1,864	450	103	38	7	3	2
2020.03	동작구	사당4동	7,069	3,207	1,619	1,106	890	186	40	15	3	3	-
2020.03	동작구	사당5동	5,939	2,368	1,279	1,109	940	187	43	10	1	1	1
2020.03	동작구	대방동	17,218	7,065	3,259	2,865	3,083	731	151	47	7	5	5
2020.03	동작구	신대방1동	9,944	3,704	1,990	1,762	1,906	451	98	21	8	1	3
2020.03	동작구	신대방2동	9,376	4,273	1,758	1,470	1,391	372	81	23	7	1	-
2020.03	동작구	흑석동	14,336	5,534	3,035	2,749	2,334	548	103	28	5	-	-
2020.03	동작구	노량진1동	15,282	7,030	3,149	2,454	2,007	487	110	34	8	2	1
2020.03	동작구	사당2동	11,903	4,152	2,900	2,410	1,849	462	103	17	8	2	-
2020.03	관악구	계	270,760	154,210	49,823	32,530	25,938	6,312	1,417	372	98	30	30
2020.03	관악구	보라매동	12,382	5,951	2,737	1,852	1,404	345	70	15	1	4	3
2020.03	관악구	청림동	6,565	2,008	1,641	1,426	1,156	253	56	13	8	1	3
2020.03	관악구	행운동	17,294	10,826	2,941	1,757	1,328	330	88	14	8	2	-
2020.03	관악구	낙성대동	10,893	7,749	1,434	850	629	173	42	10	4	-	2
2020.03	관악구	중앙동	9,601	6,386	1,563	832	624	149	34	9	1	2	1
2020.03	관악구	인헌동	14,215	7,879	2,699	1,774	1,411	352	64	28	6	1	1
2020.03	관악구	남현동	9,472	4,843	1,907	1,350	1,019	262	64	16	5	2	4
2020.03	관악구	서원동	14,025	8,925	2,570	1,370	860	217	67	11	4	1	-
2020.03	관악구	신원동	10,625	6,324	2,107	1,162	805	164	42	13	2	3	3
2020.03	관악구	서림동	14,175	9,219	2,257	1,336	1,011	261	64	21	4	-	2
2020.03	관악구	신사동	13,468	8,431	2,314	1,387	1,042	228	50	10	6	-	-
2020.03	관악구	신림동	16,907	13,878	1,910	634	370	90	20	3	-	1	1
2020.03	관악구	난향동	6,431	1,946	1,527	1,304	1,245	306	73	22	6	-	2
2020.03	관악구	조원동	10,433	6,600	1,835	984	780	180	32	15	5	2	-
2020.03	관악구	대학동	15,874	11,846	1,809	1,121	838	187	62	9	2	-	-
2020.03	관악구	은천동	15,962	6,923	3,479	2,587	2,261	537	135	29	7	4	-
2020.03	관악구	성현동	12,384	3,820	2,956	2,476	2,419	570	96	33	10	2	2
2020.03	관악구	청룡동	21,478	15,133	2,926	1,661	1,325	336	74	17	5	-	1
2020.03	관악구	난곡동	12,967	5,249	3,202	2,246	1,750	390	95	26	7	1	1
2020.03	관악구	삼성동	11,427	4,707	2,779	1,873	1,527	418	95	22	1	3	2
2020.03	관악구	미성동	14,182	5,567	3,230	2,548	2,134	564	94	36	6	1	2
2020.03	서초구	계	173,580	58,617	34,684	34,182	34,793	8,427	2,047	540	192	51	47
2020.03	서초구	서초1동	9,298	3,869	1,777	1,564	1,514	410	120	31	10	2	1
2020.03	서초구	서초2동	8,518	3,823	1,514	1,440	1,334	301	80	17	5	2	2
2020.03	서초구	서초3동	13,734	5,873	2,688	2,283	2,078	565	169	45	19	7	7
2020.03	서초구	서초4동	11,023	2,334	1,928	2,601	3,324	647	122	47	14	5	1
2020.03	서초구	잠원동	14,059	4,709	2,645	2,955	3,027	551	118	31	16	4	3
2020.03	서초구	반포본동	4,133	758	810	979	1,251	251	59	17	4	2	2
2020.03	서초구	반포1동	14,420	6,372	2,219	2,370	2,629	622	151	34	19	4	-
2020.03	서초구	반포2동	5,117	675	828	1,318	1,711	466	89	16	9	3	2
2020.03	서초구	반포3동	7,035	1,300	1,380	1,861	1,979	418	60	27	6	1	3
2020.03	서초구	반포4동	7,310	1,869	1,488	1,789	1,612	399	113	22	10	5	3
2020.03	서초구	방배본동	7,938	2,158	1,567	1,675	1,913	464	109	36	9	2	5
2020.03	서초구	방배1동	7,700	2,938	1,776	1,382	1,200	297	79	19	5	1	3
2020.03	서초구	방배2동	8,751	3,082	2,096	1,642	1,457	369	68	24	5	2	6
2020.03	서초구	방배3동	8,416	2,246	1,874	1,897	1,837	406	108	33	10	2	3
2020.03	서초구	방배4동	9,751	3,431	2,022	1,797	1,876	457	129	26	10	2	1
2020.03	서초구	양재1동	18,253	6,027	4,018	3,469	3,315	1,070	267	66	17	2	2
2020.03	서초구	양재2동	10,792	4,996	2,231	1,611	1,432	389	94	26	10	2	1
2020.03	서초구	내곡동	7,332	2,157	1,823	1,549	1,304	345	112	23	14	3	2
2020.03	강남구	계	233,624	92,705	44,015	41,413	42,739	9,642	2,218	607	172	70	43
2020.03	강남구	신사동	7,408	2,893	1,549	1,307	1,209	314	90	29	11	3	3
2020.03	강남구	논현1동	14,432	9,602	2,484	1,190	815	239	68	21	7	4	2
2020.03	강남구	논현2동	11,404	6,278	2,079	1,541	1,162	251	67	17	8	1	-
2020.03	강남구	삼성1동	6,000	2,088	1,224	1,185	1,091	298	76	29	7	1	1
2020.03	강남구	삼성2동	13,523	5,924	2,306	2,257	2,351	488	128	51	11	2	5
2020.03	강남구	대치1동	7,406	571	910	1,949	3,125	665	140	28	8	7	3
2020.03	강남구	대치4동	10,156	5,326	1,690	1,351	1,388	291	79	24	5	2	-
2020.03	강남구	역삼1동	23,730	16,971	3,479	1,687	1,165	307	83	25	7	5	1
2020.03	강남구	역삼2동	15,655	6,502	2,321	2,800	3,204	627	143	30	10	7	11
2020.03	강남구	도곡1동	8,614	2,553	1,594	1,863	2,062	402	96	27	12	5	-
2020.03	강남구	도곡2동	11,824	2,150	2,303	3,001	3,469	712	135	38	9	2	5
2020.03	강남구	개포1동	2,723	837	603	533	578	136	25	8	2	1	-
2020.03	강남구	개포4동	7,778	2,985	1,583	1,457	1,342	318	64	19	6	3	1
2020.03	강남구	일원본동	8,178	1,457	1,512	2,017	2,585	484	94	22	3	2	2
2020.03	강남구	일원1동	7,533	3,171	1,778	1,271	959	275	64	13	2	-	-
2020.03	강남구	일원2동	7,350	2,232	1,781	1,536	1,466	279	41	13	-	1	1
2020.03	강남구	수서동	7,867	3,402	2,337	1,194	689	183	46	8	8	-	-
2020.03	강남구	세곡동	17,928	5,910	3,934	3,264	3,317	1,114	297	69	17	4	2
2020.03	강남구	압구정동	10,695	2,957	2,407	2,408	2,224	523	129	35	4	7	1
2020.03	강남구	청담동	12,424	4,788	2,413	2,337	2,150	537	127	47	15	7	3
2020.03	강남구	대치2동	12,943	2,464	2,020	3,226	4,213	819	143	40	11	5	2
2020.03	강남구	개포2동	8,053	1,644	1,708	2,039	2,175	380	83	14	9	1	-
2020.03	송파구	계	279,301	96,709	58,910	55,202	53,256	11,760	2,634	588	167	45	30
2020.03	송파구	풍납1동	6,520	2,536	1,581	1,151	991	192	53	13	2	1	-
2020.03	송파구	풍납2동	10,914	4,076	2,175	2,185	1,935	414	99	25	4	1	-
2020.03	송파구	거여1동	5,507	1,890	1,316	1,047	969	217	52	13	-	2	1
2020.03	송파구	거여2동	7,190	2,521	1,792	1,428	1,109	256	61	16	3	2	2
2020.03	송파구	마천1동	9,013	3,519	2,112	1,563	1,312	400	82	21	3	1	-
2020.03	송파구	마천2동	8,730	3,229	2,170	1,608	1,283	323	87	23	6	-	1
2020.03	송파구	방이1동	6,274	1,859	1,206	1,337	1,450	324	77	14	6	1	-
2020.03	송파구	방이2동	13,937	7,716	2,735	1,766	1,338	296	68	13	4	-	1
2020.03	송파구	오륜동	5,965	660	1,078	1,604	2,076	440	71	25	8	1	2
2020.03	송파구	오금동	15,909	4,379	3,667	3,607	3,259	776	177	37	4	2	1
2020.03	송파구	송파1동	12,403	5,904	2,675	1,890	1,441	360	95	27	7	2	2
2020.03	송파구	송파2동	7,482	1,692	1,545	1,798	1,899	433	84	15	11	4	1
2020.03	송파구	석촌동	17,052	8,697	3,556	2,404	1,832	408	122	22	6	5	-
2020.03	송파구	삼전동	16,298	8,305	3,310	2,353	1,808	403	94	17	4	1	3
2020.03	송파구	가락본동	11,953	4,626	2,532	2,179	1,999	492	95	24	4	-	2
2020.03	송파구	가락1동	9,878	1,613	2,488	2,572	2,584	476	112	22	5	3	3
2020.03	송파구	가락2동	12,350	2,992	2,471	2,970	3,114	619	135	41	8	-	-
2020.03	송파구	문정1동	8,537	2,742	1,895	1,724	1,656	403	85	17	12	1	2
2020.03	송파구	문정2동	15,567	8,510	2,807	1,963	1,773	369	101	27	11	3	3
2020.03	송파구	잠실본동	15,256	8,253	2,970	2,021	1,532	353	104	15	7	-	1
2020.03	송파구	잠실4동	7,456	1,198	1,428	2,061	2,211	430	91	22	10	5	-
2020.03	송파구	잠실6동	5,935	968	1,330	1,585	1,554	372	90	27	5	2	2
2020.03	송파구	잠실7동	3,469	519	820	900	952	216	46	12	4	-	-
2020.03	송파구	잠실2동	11,958	1,801	1,883	3,088	4,282	742	134	19	6	3	-
2020.03	송파구	잠실3동	12,180	1,906	2,561	3,278	3,565	693	129	30	11	4	3
2020.03	송파구	장지동	12,540	3,543	3,034	2,803	2,413	585	127	26	9	-	-
2020.03	송파구	위례동	9,028	1,055	1,773	2,317	2,919	768	163	25	7	1	-
2020.03	강동구	계	190,019	66,416	42,106	37,344	34,092	7,881	1,610	410	113	25	22
2020.03	강동구	강일동	11,231	2,352	2,657	2,242	2,742	997	202	31	6	1	1
2020.03	강동구	상일동	9,586	1,764	2,006	2,430	2,683	583	89	23	4	1	3
2020.03	강동구	명일1동	9,931	2,296	2,394	2,386	2,259	464	99	18	13	2	-
2020.03	강동구	명일2동	5,983	1,176	1,082	1,372	1,851	388	75	25	11	1	2
2020.03	강동구	고덕1동	8,974	1,595	1,567	2,332	2,772	559	108	29	8	1	3
2020.03	강동구	고덕2동	8,059	2,078	1,856	1,863	1,850	333	53	18	6	-	2
2020.03	강동구	암사2동	6,302	1,921	1,518	1,349	1,204	237	58	11	-	2	2
2020.03	강동구	암사3동	6,332	1,098	1,384	1,604	1,695	414	89	29	13	3	3
2020.03	강동구	천호1동	12,820	5,248	3,012	2,338	1,701	406	83	22	7	2	1
2020.03	강동구	천호3동	13,660	6,763	2,909	2,098	1,458	331	77	21	2	-	1
2020.03	강동구	성내1동	8,150	2,415	1,886	1,817	1,579	362	67	22	2	-	-
2020.03	강동구	성내2동	12,638	6,427	2,737	1,908	1,183	292	66	15	8	1	1
2020.03	강동구	성내3동	10,417	4,034	2,345	1,899	1,663	383	71	17	3	1	1
2020.03	강동구	둔촌1동	164	115	20	11	14	2	2	-	-	-	-
2020.03	강동구	둔촌2동	11,227	3,642	2,520	2,319	2,187	447	82	25	3	1	1
2020.03	강동구	암사1동	16,145	6,236	3,746	3,080	2,408	527	106	32	7	3	-
2020.03	강동구	천호2동	17,658	8,623	3,976	2,626	1,874	422	104	24	7	2	-
2020.03	강동구	길동	20,742	8,633	4,491	3,670	2,969	734	179	48	13	4	1