기간	자치구	동	전체세대수	1인세대	2인세대	3인세대	4인세대	5인세대	6인세대	7인세대	8인세대	9인세대	10인세대 이상
2020.04	합계	합계	4,361,645	1,786,560	932,946	767,285	673,273	155,747	33,854	8,340	2,353	737	550
2020.04	종로구	계	74,299	37,124	14,336	10,709	8,873	2,445	565	175	40	18	14
2020.04	종로구	사직동	4,675	2,331	915	681	536	157	31	18	2	2	2
2020.04	종로구	삼청동	1,369	722	251	183	141	46	20	4	1	-	1
2020.04	종로구	부암동	4,351	1,668	966	756	695	183	54	21	3	2	3
2020.04	종로구	평창동	7,511	2,408	1,747	1,481	1,348	404	73	32	12	4	2
2020.04	종로구	무악동	3,199	757	706	738	755	194	35	10	1	2	1
2020.04	종로구	교남동	4,591	1,657	1,087	912	740	154	27	9	4	1	-
2020.04	종로구	가회동	2,070	951	436	343	247	61	23	6	2	-	1
2020.04	종로구	종로1.2.3.4가동	5,219	4,136	524	284	199	55	14	5	2	-	-
2020.04	종로구	종로5·6가동	3,411	2,350	513	292	183	58	12	2	1	-	-
2020.04	종로구	이화동	4,439	2,695	794	475	340	103	23	8	-	1	-
2020.04	종로구	창신1동	2,951	1,752	585	310	210	74	17	3	-	-	-
2020.04	종로구	창신2동	4,133	1,952	920	622	457	139	33	8	1	1	-
2020.04	종로구	창신3동	2,896	926	679	635	463	159	28	3	3	-	-
2020.04	종로구	숭인1동	2,975	1,381	654	460	357	94	24	4	-	1	-
2020.04	종로구	숭인2동	5,826	3,863	925	512	401	96	23	4	2	-	-
2020.04	종로구	청운효자동	5,396	2,008	1,154	988	920	240	60	20	3	3	-
2020.04	종로구	혜화동	9,287	5,567	1,480	1,037	881	228	68	18	3	1	4
2020.04	중구	계	63,091	31,395	13,361	9,111	6,930	1,686	434	118	26	12	18
2020.04	중구	소공동	1,128	620	223	161	100	16	5	1	-	-	2
2020.04	중구	회현동	3,105	2,047	448	294	227	62	14	12	1	-	-
2020.04	중구	명동	1,568	1,091	215	141	83	23	6	5	1	-	3
2020.04	중구	필동	2,301	1,441	425	211	158	52	9	3	1	-	1
2020.04	중구	장충동	2,734	1,759	428	237	218	69	17	2	2	1	1
2020.04	중구	광희동	3,015	1,961	513	281	189	51	15	3	1	-	1
2020.04	중구	을지로동	1,362	1,086	161	63	37	10	5	-	-	-	-
2020.04	중구	신당5동	5,336	2,631	1,171	752	582	150	37	9	3	1	-
2020.04	중구	황학동	6,921	3,781	1,485	892	579	139	34	8	1	1	1
2020.04	중구	중림동	5,846	2,491	1,302	1,029	789	173	45	14	3	-	-
2020.04	중구	신당동	4,471	2,796	829	431	319	70	20	4	1	1	-
2020.04	중구	다산동	6,973	3,166	1,634	1,045	873	183	48	17	3	2	2
2020.04	중구	약수동	7,815	2,880	2,056	1,521	1,025	244	66	14	3	2	4
2020.04	중구	청구동	6,343	2,475	1,508	1,164	910	220	53	6	2	3	2
2020.04	중구	동화동	4,173	1,170	963	889	841	224	60	20	4	1	1
2020.04	용산구	계	111,037	52,906	22,888	17,108	13,489	3,494	828	207	67	29	21
2020.04	용산구	후암동	8,557	4,065	1,746	1,377	979	290	70	16	7	3	4
2020.04	용산구	용산2가동	5,420	2,811	1,197	758	484	137	23	7	3	-	-
2020.04	용산구	남영동	5,474	4,244	601	302	245	65	12	3	-	1	1
2020.04	용산구	원효로2동	5,999	2,123	1,284	1,197	1,044	257	67	15	7	3	2
2020.04	용산구	효창동	4,311	1,499	999	828	727	187	56	12	1	2	-
2020.04	용산구	용문동	5,416	1,996	1,303	1,022	827	209	42	10	3	3	1
2020.04	용산구	이촌1동	10,331	2,201	2,286	2,656	2,421	571	140	38	12	5	1
2020.04	용산구	이촌2동	3,841	1,295	1,068	788	506	133	35	9	6	1	-
2020.04	용산구	이태원1동	3,776	2,184	717	452	305	81	30	5	1	-	1
2020.04	용산구	이태원2동	4,910	2,630	1,025	667	429	110	41	5	1	2	-
2020.04	용산구	서빙고동	5,291	1,722	1,116	952	1,073	346	62	18	1	-	1
2020.04	용산구	보광동	7,680	4,111	1,678	1,002	677	167	35	8	1	1	-
2020.04	용산구	청파동	10,939	6,489	2,008	1,194	920	245	57	18	3	1	4
2020.04	용산구	원효로1동	7,902	3,761	1,668	1,264	938	223	35	5	4	2	2
2020.04	용산구	한강로동	9,909	5,621	1,861	1,213	933	196	60	15	8	1	1
2020.04	용산구	한남동	11,281	6,154	2,331	1,436	981	277	63	23	9	4	3
2020.04	성동구	계	135,563	55,760	29,906	24,569	19,597	4,362	1,003	264	67	21	14
2020.04	성동구	왕십리2동	7,608	2,917	1,733	1,420	1,170	272	76	14	3	2	1
2020.04	성동구	마장동	10,885	4,879	2,322	1,738	1,464	352	88	26	9	2	5
2020.04	성동구	사근동	7,538	5,353	987	567	471	124	26	10	-	-	-
2020.04	성동구	행당1동	6,853	2,880	1,445	1,271	985	201	48	15	6	1	1
2020.04	성동구	행당2동	9,460	2,386	2,392	2,201	1,949	403	97	23	5	1	3
2020.04	성동구	응봉동	6,158	1,623	1,414	1,453	1,289	301	60	12	5	-	1
2020.04	성동구	금호1가동	6,634	2,144	1,643	1,434	1,094	246	60	11	2	-	-
2020.04	성동구	금호4가동	6,441	2,185	1,598	1,446	955	199	37	18	3	-	-
2020.04	성동구	성수1가1동	7,570	3,106	1,685	1,288	1,184	238	53	8	6	2	-
2020.04	성동구	성수1가2동	6,654	3,027	1,401	1,104	869	200	42	8	2	1	-
2020.04	성동구	성수2가1동	8,497	4,135	1,829	1,284	973	217	46	8	4	1	-
2020.04	성동구	성수2가3동	5,712	2,968	1,081	773	662	168	46	13	-	1	-
2020.04	성동구	송정동	5,547	2,777	1,171	800	608	154	31	4	-	2	-
2020.04	성동구	용답동	6,817	4,078	1,216	751	593	128	37	11	-	1	2
2020.04	성동구	왕십리도선동	11,821	4,450	2,541	2,332	1,961	410	87	28	9	3	-
2020.04	성동구	금호2.3가동	10,335	3,631	2,590	2,107	1,567	329	79	21	8	2	1
2020.04	성동구	옥수동	11,033	3,221	2,858	2,600	1,803	420	90	34	5	2	-
2020.04	광진구	계	165,579	75,638	33,795	26,478	23,116	5,024	1,125	280	82	24	17
2020.04	광진구	화양동	16,454	13,034	1,957	748	575	98	29	11	-	1	1
2020.04	광진구	군자동	10,855	6,174	2,022	1,371	986	229	49	16	6	1	1
2020.04	광진구	중곡1동	8,113	4,049	1,832	1,175	820	180	38	11	5	2	1
2020.04	광진구	중곡2동	10,574	4,665	2,445	1,727	1,339	311	65	16	5	1	-
2020.04	광진구	중곡3동	8,521	4,119	1,921	1,284	908	239	40	8	1	1	-
2020.04	광진구	중곡4동	13,243	4,958	3,160	2,577	1,959	446	102	27	11	1	2
2020.04	광진구	능동	6,442	3,675	1,317	734	516	148	42	7	1	2	-
2020.04	광진구	구의1동	12,053	6,649	2,414	1,551	1,097	259	68	12	2	-	1
2020.04	광진구	구의2동	11,614	4,185	2,613	2,264	1,955	452	100	30	10	2	3
2020.04	광진구	구의3동	12,161	4,095	2,598	2,456	2,342	524	107	26	10	2	1
2020.04	광진구	광장동	12,061	2,228	1,967	3,009	3,944	700	164	34	10	3	2
2020.04	광진구	자양1동	11,579	5,801	2,441	1,658	1,307	295	57	14	3	2	1
2020.04	광진구	자양2동	11,228	4,033	2,575	2,175	1,889	420	100	28	4	2	2
2020.04	광진구	자양3동	11,080	2,929	2,497	2,434	2,567	493	119	25	12	3	1
2020.04	광진구	자양4동	9,601	5,044	2,036	1,315	912	230	45	15	2	1	1
2020.04	동대문구	계	165,516	77,161	33,824	26,158	21,511	5,256	1,206	302	67	21	10
2020.04	동대문구	회기동	6,065	3,934	904	580	471	139	27	5	4	1	-
2020.04	동대문구	휘경1동	7,230	3,903	1,307	961	793	201	46	15	1	2	1
2020.04	동대문구	휘경2동	11,663	5,603	2,133	1,813	1,611	390	86	22	4	-	1
2020.04	동대문구	청량리동	10,448	5,024	2,351	1,532	1,143	310	74	12	1	-	1
2020.04	동대문구	용신동	17,717	10,767	3,176	1,915	1,418	345	70	21	5	-	-
2020.04	동대문구	제기동	13,090	7,053	2,609	1,689	1,263	356	94	19	3	3	1
2020.04	동대문구	전농1동	15,099	7,401	3,019	2,374	1,750	434	87	21	8	1	4
2020.04	동대문구	전농2동	7,725	2,269	1,835	1,697	1,430	372	93	22	6	-	1
2020.04	동대문구	답십리2동	13,006	4,645	3,185	2,482	2,094	471	98	22	8	1	-
2020.04	동대문구	장안1동	17,851	7,613	3,900	3,085	2,479	604	130	33	4	3	-
2020.04	동대문구	장안2동	13,806	4,698	3,058	2,860	2,463	551	134	34	5	3	-
2020.04	동대문구	이문1동	10,471	6,372	1,720	1,103	966	225	64	13	4	3	1
2020.04	동대문구	이문2동	8,590	2,940	1,934	1,648	1,558	376	93	33	5	3	-
2020.04	동대문구	답십리1동	12,755	4,939	2,693	2,419	2,072	482	110	30	9	1	-
2020.04	중랑구	계	182,433	76,233	42,158	31,631	24,901	5,935	1,175	294	72	20	14
2020.04	중랑구	면목2동	12,280	5,621	2,772	1,912	1,528	359	70	12	6	-	-
2020.04	중랑구	면목4동	9,147	3,892	2,157	1,600	1,145	278	57	15	3	-	-
2020.04	중랑구	면목5동	4,477	1,889	1,074	780	577	127	22	7	1	-	-
2020.04	중랑구	면목7동	10,485	4,395	2,529	1,792	1,376	303	70	14	4	2	-
2020.04	중랑구	상봉1동	10,311	3,205	2,412	2,213	2,013	373	73	17	4	1	-
2020.04	중랑구	상봉2동	11,302	6,660	2,262	1,323	825	167	45	12	6	1	1
2020.04	중랑구	중화1동	9,073	3,298	2,265	1,762	1,352	319	47	20	7	2	1
2020.04	중랑구	중화2동	13,980	7,338	3,117	1,915	1,227	307	55	15	2	2	2
2020.04	중랑구	묵1동	14,740	4,836	3,371	3,038	2,664	630	144	44	9	2	2
2020.04	중랑구	묵2동	9,192	3,916	2,158	1,624	1,125	295	60	9	1	2	2
2020.04	중랑구	망우3동	8,454	3,755	2,022	1,419	978	222	48	5	2	3	-
2020.04	중랑구	신내1동	14,861	3,564	3,499	3,144	3,334	1,058	193	51	16	1	1
2020.04	중랑구	신내2동	9,045	2,867	2,285	1,955	1,541	316	61	11	6	1	2
2020.04	중랑구	면목본동	17,720	8,514	4,018	2,712	1,938	439	72	22	1	2	2
2020.04	중랑구	면목3.8동	12,622	5,676	2,965	2,091	1,479	319	71	20	1	-	-
2020.04	중랑구	망우본동	14,744	6,807	3,252	2,351	1,799	423	87	20	3	1	1
2020.04	성북구	계	194,095	76,334	41,503	35,506	31,255	7,342	1,583	406	94	32	40
2020.04	성북구	돈암1동	6,251	1,772	1,582	1,348	1,178	282	73	13	-	2	1
2020.04	성북구	돈암2동	8,667	1,667	1,856	2,198	2,254	531	110	30	15	1	5
2020.04	성북구	안암동	9,332	6,118	1,449	886	693	136	40	6	2	-	2
2020.04	성북구	보문동	7,938	3,806	1,610	1,280	981	216	34	7	1	1	2
2020.04	성북구	정릉1동	7,510	2,232	1,660	1,694	1,466	349	76	26	2	3	2
2020.04	성북구	정릉2동	9,684	3,072	2,351	2,006	1,710	408	100	29	4	2	2
2020.04	성북구	정릉3동	7,859	4,149	1,560	1,049	830	210	44	12	-	2	3
2020.04	성북구	정릉4동	10,985	3,732	2,618	2,210	1,829	456	95	29	11	3	2
2020.04	성북구	길음1동	12,814	2,556	2,434	3,215	3,692	728	144	32	7	2	4
2020.04	성북구	길음2동	7,073	2,389	1,508	1,477	1,332	294	57	14	2	-	-
2020.04	성북구	월곡1동	10,825	3,259	2,479	2,281	2,144	521	102	28	9	2	-
2020.04	성북구	월곡2동	9,438	4,280	1,928	1,491	1,307	329	77	12	8	2	4
2020.04	성북구	장위1동	9,048	3,489	2,149	1,659	1,320	331	71	24	3	1	1
2020.04	성북구	장위2동	6,450	2,638	1,600	1,144	792	216	45	11	3	1	-
2020.04	성북구	장위3동	7,373	2,423	1,599	1,565	1,425	285	60	14	1	1	-
2020.04	성북구	성북동	8,161	3,824	1,799	1,226	929	269	82	18	7	1	6
2020.04	성북구	삼선동	11,834	5,838	2,316	1,660	1,517	395	82	18	5	2	1
2020.04	성북구	동선동	9,205	5,908	1,476	926	669	169	40	12	3	1	1
2020.04	성북구	종암동	17,185	6,500	3,606	3,174	2,990	720	144	42	2	4	3
2020.04	성북구	석관동	16,463	6,682	3,923	3,017	2,197	497	107	29	9	1	1
2020.04	강북구	계	145,049	60,687	34,364	25,028	18,986	4,638	1,020	214	74	19	19
2020.04	강북구	번1동	10,342	5,557	2,188	1,421	907	207	51	7	4	-	-
2020.04	강북구	번2동	7,677	2,849	2,112	1,465	935	241	60	11	2	-	2
2020.04	강북구	번3동	7,610	2,357	2,174	1,522	1,177	286	79	11	3	1	-
2020.04	강북구	수유1동	10,395	4,762	2,390	1,651	1,193	305	68	15	7	1	3
2020.04	강북구	수유2동	9,654	3,541	2,546	1,789	1,308	369	77	18	3	2	1
2020.04	강북구	수유3동	12,844	7,022	2,610	1,785	1,107	251	45	18	3	2	1
2020.04	강북구	삼양동	11,437	4,603	2,747	2,022	1,556	395	83	17	8	4	2
2020.04	강북구	미아동	11,504	5,886	2,455	1,657	1,150	284	55	8	7	1	1
2020.04	강북구	송중동	14,000	5,875	3,196	2,435	1,899	458	102	23	7	2	3
2020.04	강북구	송천동	13,739	6,332	3,253	2,107	1,601	362	67	14	2	1	-
2020.04	강북구	삼각산동	11,754	2,585	2,506	2,776	3,064	649	128	30	15	1	-
2020.04	강북구	우이동	9,518	3,634	2,475	1,709	1,254	341	77	15	6	3	4
2020.04	강북구	인수동	14,575	5,684	3,712	2,689	1,835	490	128	27	7	1	2
2020.04	도봉구	계	138,724	45,683	34,061	28,328	23,569	5,491	1,170	288	93	32	9
2020.04	도봉구	쌍문1동	9,377	3,187	2,352	1,896	1,437	390	87	20	6	1	1
2020.04	도봉구	쌍문2동	8,644	3,086	2,230	1,706	1,234	295	71	15	4	-	3
2020.04	도봉구	쌍문3동	7,888	3,219	1,934	1,403	1,027	245	45	12	3	-	-
2020.04	도봉구	쌍문4동	7,170	1,555	1,624	1,714	1,825	370	64	16	2	-	-
2020.04	도봉구	방학1동	12,773	4,722	3,000	2,363	2,003	528	113	35	4	3	2
2020.04	도봉구	방학2동	9,565	3,832	2,382	1,747	1,195	313	79	14	2	1	-
2020.04	도봉구	방학3동	10,066	1,820	2,466	2,508	2,515	580	134	26	13	4	-
2020.04	도봉구	창1동	10,948	3,663	2,655	2,259	1,899	371	76	18	5	1	1
2020.04	도봉구	창2동	12,402	3,816	3,148	2,660	2,119	503	106	31	12	7	-
2020.04	도봉구	창3동	6,650	2,638	1,663	1,182	887	225	40	13	2	-	-
2020.04	도봉구	창4동	10,617	2,872	2,384	2,348	2,378	505	97	17	13	3	-
2020.04	도봉구	창5동	10,138	2,896	2,400	2,267	2,040	409	87	24	10	5	-
2020.04	도봉구	도봉1동	10,335	4,285	2,687	1,774	1,184	310	59	22	7	5	2
2020.04	도봉구	도봉2동	12,151	4,092	3,136	2,501	1,826	447	112	25	10	2	-
2020.04	노원구	계	217,302	70,066	49,357	44,412	42,375	8,886	1,666	374	111	34	21
2020.04	노원구	월계1동	10,541	4,494	2,233	1,761	1,576	402	59	14	2	-	-
2020.04	노원구	월계2동	12,016	4,087	3,147	2,371	1,866	425	99	14	4	2	1
2020.04	노원구	월계3동	12,986	3,907	3,537	2,823	2,112	467	106	23	8	2	1
2020.04	노원구	공릉2동	16,320	5,606	3,143	3,288	3,391	706	133	31	15	6	1
2020.04	노원구	하계1동	11,792	4,318	2,407	2,160	2,301	477	89	25	8	2	5
2020.04	노원구	하계2동	8,255	1,697	1,774	1,990	2,269	432	71	16	4	2	-
2020.04	노원구	중계본동	8,827	1,993	1,417	1,918	2,699	656	108	26	7	2	1
2020.04	노원구	중계1동	9,083	1,425	1,352	2,354	3,316	547	64	18	7	-	-
2020.04	노원구	중계4동	8,436	2,574	1,978	1,667	1,737	377	79	17	4	2	1
2020.04	노원구	상계1동	15,582	4,432	3,705	3,333	3,127	778	161	31	11	-	4
2020.04	노원구	상계2동	8,746	3,213	1,742	1,623	1,696	353	94	18	5	2	-
2020.04	노원구	상계5동	10,899	3,944	2,647	2,129	1,674	401	76	20	6	1	1
2020.04	노원구	상계8동	9,253	2,371	2,294	2,277	1,922	329	47	10	2	-	1
2020.04	노원구	상계9동	8,432	2,071	2,176	2,044	1,758	317	50	12	1	3	-
2020.04	노원구	상계10동	6,579	1,757	1,747	1,493	1,334	188	42	12	3	3	-
2020.04	노원구	상계3.4동	12,154	4,644	2,985	2,174	1,758	455	102	24	10	2	-
2020.04	노원구	상계6.7동	13,935	4,262	3,318	3,014	2,729	507	74	22	6	-	3
2020.04	노원구	중계2.3동	15,373	4,974	4,078	3,053	2,635	528	83	17	2	2	1
2020.04	노원구	공릉1동	18,093	8,297	3,677	2,940	2,475	541	129	24	6	3	1
2020.04	은평구	계	208,771	78,438	48,854	39,134	31,988	7,910	1,846	418	117	33	33
2020.04	은평구	녹번동	17,244	6,764	4,218	3,214	2,339	551	115	29	9	2	3
2020.04	은평구	불광1동	17,943	6,725	4,412	3,477	2,582	572	128	34	10	3	-
2020.04	은평구	갈현1동	11,223	4,745	2,674	1,952	1,417	342	69	16	5	1	2
2020.04	은평구	갈현2동	12,631	4,358	3,089	2,573	1,998	460	116	25	7	3	2
2020.04	은평구	구산동	13,262	4,237	3,191	2,756	2,303	605	115	36	12	-	7
2020.04	은평구	대조동	13,961	6,977	3,049	2,056	1,426	327	100	17	6	2	1
2020.04	은평구	응암1동	11,499	4,917	2,550	1,929	1,608	372	93	15	3	5	7
2020.04	은평구	응암2동	10,554	2,940	2,530	2,456	2,026	462	98	25	12	2	3
2020.04	은평구	신사1동	11,766	3,843	2,927	2,437	1,959	458	109	25	4	4	-
2020.04	은평구	신사2동	9,156	3,213	2,199	1,776	1,491	359	94	20	3	-	1
2020.04	은평구	증산동	6,885	2,500	1,734	1,234	1,073	270	54	16	4	-	-
2020.04	은평구	수색동	3,776	1,369	901	731	576	153	41	5	-	-	-
2020.04	은평구	진관동	21,602	6,222	4,180	4,236	5,021	1,485	369	65	16	4	4
2020.04	은평구	불광2동	13,857	6,069	3,315	2,332	1,614	411	87	19	7	3	-
2020.04	은평구	응암3동	12,694	5,988	2,928	1,940	1,409	309	86	22	8	1	3
2020.04	은평구	역촌동	20,718	7,571	4,957	4,035	3,146	774	172	49	11	3	-
2020.04	서대문구	계	142,559	60,329	30,372	24,589	20,839	4,919	1,139	259	73	26	14
2020.04	서대문구	천연동	8,161	3,301	1,760	1,503	1,251	273	51	13	5	2	2
2020.04	서대문구	홍제1동	10,358	3,532	2,480	2,061	1,737	426	87	23	8	3	1
2020.04	서대문구	홍제3동	7,100	2,691	1,687	1,332	1,056	264	55	10	5	-	-
2020.04	서대문구	홍제2동	5,852	1,776	1,412	1,269	1,082	253	42	13	3	1	1
2020.04	서대문구	홍은1동	9,571	3,187	2,265	1,875	1,691	415	106	26	5	-	1
2020.04	서대문구	홍은2동	12,221	4,849	2,820	2,176	1,797	413	125	29	9	3	-
2020.04	서대문구	남가좌1동	5,957	1,410	1,199	1,486	1,457	317	68	17	2	1	-
2020.04	서대문구	남가좌2동	12,895	4,906	2,803	2,463	2,138	448	106	26	3	2	-
2020.04	서대문구	북가좌1동	6,993	1,616	1,682	1,624	1,592	369	89	13	5	2	1
2020.04	서대문구	북가좌2동	14,730	5,620	3,551	2,706	2,157	544	116	29	5	-	2
2020.04	서대문구	충현동	9,074	4,731	1,760	1,223	1,021	252	68	14	3	1	1
2020.04	서대문구	북아현동	7,535	2,868	1,683	1,509	1,182	236	39	11	3	4	-
2020.04	서대문구	신촌동	12,687	9,575	1,508	805	581	150	44	12	5	2	5
2020.04	서대문구	연희동	19,425	10,267	3,762	2,557	2,097	559	143	23	12	5	-
2020.04	마포구	계	176,385	79,798	36,448	28,632	24,453	5,483	1,138	283	96	29	25
2020.04	마포구	용강동	9,189	3,229	1,960	1,896	1,638	355	81	21	7	2	-
2020.04	마포구	대흥동	8,017	5,056	1,303	807	681	136	24	6	1	1	2
2020.04	마포구	염리동	5,657	2,428	1,200	968	835	177	36	9	2	-	2
2020.04	마포구	신수동	10,189	3,901	2,183	1,953	1,699	352	71	22	7	1	-
2020.04	마포구	서교동	14,186	8,950	2,407	1,448	1,050	252	55	16	3	4	1
2020.04	마포구	합정동	9,645	5,120	2,090	1,270	889	205	47	11	6	-	7
2020.04	마포구	망원1동	10,616	5,093	2,451	1,483	1,226	282	62	14	3	-	2
2020.04	마포구	망원2동	8,445	3,205	2,019	1,454	1,395	294	58	13	6	-	1
2020.04	마포구	연남동	8,699	4,997	1,686	1,037	715	212	33	12	4	2	1
2020.04	마포구	성산1동	9,439	4,318	2,074	1,484	1,157	304	68	20	8	5	1
2020.04	마포구	성산2동	18,983	8,250	3,989	3,174	2,777	626	126	25	13	1	2
2020.04	마포구	상암동	12,794	4,316	2,540	2,415	2,625	707	143	30	11	5	2
2020.04	마포구	도화동	9,583	3,623	2,054	1,800	1,615	379	85	18	5	2	2
2020.04	마포구	서강동	11,634	5,230	2,211	1,964	1,768	374	60	18	6	2	1
2020.04	마포구	공덕동	19,119	8,881	4,008	3,074	2,493	504	122	26	9	2	-
2020.04	마포구	아현동	10,190	3,201	2,273	2,405	1,890	324	67	22	5	2	1
2020.04	양천구	계	178,257	51,436	38,560	38,397	39,135	8,469	1,690	385	124	34	27
2020.04	양천구	목1동	10,518	1,556	1,790	2,961	3,394	643	124	38	8	3	1
2020.04	양천구	목2동	13,191	4,747	2,947	2,541	2,269	525	115	31	10	3	3
2020.04	양천구	목3동	9,995	3,673	2,421	1,950	1,520	318	80	24	6	2	1
2020.04	양천구	목4동	10,123	3,000	1,917	2,098	2,437	531	105	21	13	-	1
2020.04	양천구	신월1동	10,104	4,383	2,401	1,743	1,203	295	66	9	3	1	-
2020.04	양천구	신월2동	8,522	2,414	2,062	1,866	1,598	446	95	30	5	3	3
2020.04	양천구	신월3동	8,137	3,966	1,809	1,200	845	250	55	8	1	-	3
2020.04	양천구	신월4동	6,897	1,532	1,632	1,655	1,562	394	101	17	3	1	-
2020.04	양천구	신월5동	6,404	2,170	1,524	1,290	1,065	263	72	15	1	3	1
2020.04	양천구	신월6동	3,432	821	817	795	770	185	34	10	-	-	-
2020.04	양천구	신월7동	9,257	3,091	2,616	1,836	1,344	279	66	17	6	1	1
2020.04	양천구	신정1동	7,216	1,395	1,257	1,690	2,313	466	72	12	8	-	3
2020.04	양천구	신정2동	7,136	1,557	1,297	1,551	2,187	463	65	10	3	2	1
2020.04	양천구	신정3동	17,948	4,561	4,221	3,858	4,005	1,059	185	40	13	4	2
2020.04	양천구	신정6동	8,197	1,033	1,498	2,258	2,772	507	103	15	7	2	2
2020.04	양천구	신정7동	11,591	2,985	2,611	2,621	2,745	505	90	23	10	1	-
2020.04	양천구	목5동	13,577	1,676	2,100	3,731	5,028	827	145	41	20	7	2
2020.04	양천구	신정4동	16,012	6,876	3,640	2,753	2,078	513	117	24	7	1	3
2020.04	강서구	계	264,111	105,998	59,297	47,095	39,854	9,283	1,916	493	116	40	19
2020.04	강서구	염창동	15,766	3,906	3,163	3,818	3,975	745	117	35	6	1	-
2020.04	강서구	등촌1동	12,290	6,630	2,335	1,628	1,342	271	58	21	2	3	-
2020.04	강서구	등촌2동	8,738	2,731	2,051	1,837	1,599	387	98	24	9	2	-
2020.04	강서구	등촌3동	14,912	5,911	3,933	2,611	1,974	379	80	19	3	2	-
2020.04	강서구	화곡본동	16,598	7,196	3,827	2,779	2,132	529	91	29	10	4	1
2020.04	강서구	화곡2동	8,205	2,901	2,073	1,638	1,170	342	56	15	8	2	-
2020.04	강서구	화곡3동	9,467	3,349	2,181	1,850	1,578	380	105	17	3	2	2
2020.04	강서구	화곡4동	9,665	3,618	2,468	1,865	1,312	308	69	20	5	-	-
2020.04	강서구	화곡6동	11,955	5,517	2,509	1,902	1,564	350	86	16	4	3	4
2020.04	강서구	화곡8동	11,710	4,457	3,102	2,115	1,571	364	73	26	1	1	-
2020.04	강서구	가양1동	19,305	12,271	2,627	2,105	1,770	426	82	20	2	1	1
2020.04	강서구	가양2동	8,076	4,090	2,160	1,074	567	128	39	12	4	1	1
2020.04	강서구	가양3동	7,918	3,266	2,417	1,374	656	165	31	8	1	-	-
2020.04	강서구	발산1동	13,619	2,837	3,020	3,082	3,578	904	149	34	9	4	2
2020.04	강서구	공항동	12,754	5,661	2,694	2,102	1,748	439	85	22	2	1	-
2020.04	강서구	방화1동	17,496	4,976	3,930	3,631	3,717	989	194	49	6	3	1
2020.04	강서구	방화2동	11,581	5,540	2,589	1,707	1,287	343	84	24	5	-	2
2020.04	강서구	방화3동	11,316	4,692	2,859	1,966	1,349	336	92	12	9	1	-
2020.04	강서구	화곡1동	26,639	12,617	6,166	4,312	2,685	648	146	47	11	4	3
2020.04	강서구	우장산동	16,101	3,832	3,193	3,699	4,280	850	181	43	16	5	2
2020.04	구로구	계	177,432	67,254	40,800	32,688	27,985	6,760	1,470	328	103	29	15
2020.04	구로구	신도림동	13,376	3,007	2,935	3,283	3,286	662	148	38	10	6	1
2020.04	구로구	구로1동	8,258	2,195	1,886	1,839	1,879	373	61	16	7	2	-
2020.04	구로구	구로3동	13,170	7,655	2,253	1,610	1,262	299	62	20	7	2	-
2020.04	구로구	구로4동	10,573	5,134	2,505	1,577	1,059	225	55	9	7	1	1
2020.04	구로구	구로5동	14,554	7,049	2,958	2,186	1,796	421	108	27	7	1	1
2020.04	구로구	고척1동	9,573	3,013	2,222	1,906	1,906	412	92	15	5	2	-
2020.04	구로구	고척2동	11,595	3,786	2,761	2,332	2,098	479	117	18	4	-	-
2020.04	구로구	개봉2동	12,528	3,185	3,258	2,914	2,409	576	141	32	9	2	2
2020.04	구로구	개봉3동	8,867	2,649	2,391	1,906	1,487	343	70	10	8	3	-
2020.04	구로구	오류1동	11,498	5,770	2,467	1,639	1,221	312	62	14	10	1	2
2020.04	구로구	수궁동	9,887	2,906	2,603	2,108	1,664	474	111	16	5	-	-
2020.04	구로구	가리봉동	5,888	4,011	988	487	295	84	16	5	1	-	1
2020.04	구로구	구로2동	12,636	6,163	2,958	1,835	1,229	337	80	24	6	3	1
2020.04	구로구	개봉1동	13,863	4,899	3,453	2,624	2,166	554	129	30	4	2	2
2020.04	구로구	오류2동	15,561	4,424	3,926	3,047	2,994	934	172	47	10	3	4
2020.04	구로구	항동	5,605	1,408	1,236	1,395	1,234	275	46	7	3	1	-
2020.04	금천구	계	111,787	51,436	24,443	17,527	13,964	3,391	773	167	53	18	15
2020.04	금천구	가산동	14,267	10,345	1,889	1,109	707	158	50	5	3	1	-
2020.04	금천구	독산1동	20,813	10,274	4,073	3,073	2,600	606	137	34	8	4	4
2020.04	금천구	독산2동	9,256	4,069	2,220	1,539	1,103	260	50	11	3	-	1
2020.04	금천구	독산3동	12,445	5,921	2,833	1,878	1,407	321	67	10	4	4	-
2020.04	금천구	독산4동	7,632	3,433	1,802	1,205	883	243	52	10	2	1	1
2020.04	금천구	시흥1동	15,835	6,765	3,646	2,650	2,139	499	91	33	8	2	2
2020.04	금천구	시흥2동	8,364	2,078	2,030	1,831	1,805	447	137	21	8	2	5
2020.04	금천구	시흥3동	4,724	1,466	1,306	932	759	214	38	5	4	-	-
2020.04	금천구	시흥4동	9,101	3,192	2,275	1,761	1,414	346	75	23	11	3	1
2020.04	금천구	시흥5동	9,350	3,893	2,369	1,549	1,147	297	76	15	2	1	1
2020.04	영등포구	계	178,323	83,314	36,121	28,332	23,640	5,337	1,150	300	81	21	27
2020.04	영등포구	여의동	13,664	4,124	3,046	2,951	2,745	581	153	42	11	6	5
2020.04	영등포구	당산1동	10,716	5,511	2,190	1,517	1,131	274	70	14	6	-	3
2020.04	영등포구	당산2동	17,590	8,910	2,997	2,671	2,334	515	116	30	13	3	1
2020.04	영등포구	양평1동	9,045	4,510	1,981	1,335	957	193	48	15	4	2	-
2020.04	영등포구	양평2동	10,095	4,112	2,161	1,806	1,609	314	71	15	5	-	2
2020.04	영등포구	신길1동	10,278	6,380	1,815	1,081	760	190	37	11	2	1	1
2020.04	영등포구	신길3동	7,627	2,997	1,660	1,461	1,162	294	38	10	3	2	-
2020.04	영등포구	신길4동	4,308	1,973	959	727	487	135	22	4	1	-	-
2020.04	영등포구	신길5동	4,838	1,918	1,105	891	703	176	31	10	1	1	2
2020.04	영등포구	신길6동	8,491	3,804	1,879	1,373	1,100	247	64	14	6	-	4
2020.04	영등포구	신길7동	7,833	2,202	1,644	1,695	1,797	399	69	23	3	-	1
2020.04	영등포구	대림1동	6,379	3,086	1,430	928	735	152	36	9	2	-	1
2020.04	영등포구	대림2동	6,850	3,760	1,523	834	534	147	38	10	3	1	-
2020.04	영등포구	대림3동	10,419	4,040	2,485	1,901	1,489	378	89	30	7	-	-
2020.04	영등포구	영등포본동	10,248	4,648	2,066	1,674	1,457	329	54	15	1	3	1
2020.04	영등포구	영등포동	17,863	12,913	2,340	1,321	1,014	216	43	10	3	-	3
2020.04	영등포구	도림동	9,350	4,607	2,074	1,370	988	242	52	13	4	-	-
2020.04	영등포구	문래동	12,729	3,819	2,766	2,796	2,638	555	119	25	6	2	3
2020.04	동작구	계	182,236	79,205	37,993	30,812	26,349	6,093	1,310	354	78	25	17
2020.04	동작구	노량진2동	7,212	4,222	1,446	838	540	123	33	8	1	1	-
2020.04	동작구	상도1동	21,461	9,940	3,960	3,587	3,096	681	140	41	13	1	2
2020.04	동작구	상도2동	12,765	5,192	2,697	2,265	2,039	438	106	22	5	1	-
2020.04	동작구	상도3동	12,020	5,339	2,657	2,013	1,523	355	94	28	5	4	2
2020.04	동작구	상도4동	13,589	5,698	3,117	2,393	1,842	442	72	20	3	-	2
2020.04	동작구	사당1동	13,198	7,690	2,626	1,536	1,058	219	54	9	5	1	-
2020.04	동작구	사당3동	10,534	3,500	2,427	2,153	1,861	444	101	36	7	3	2
2020.04	동작구	사당4동	7,099	3,249	1,621	1,106	880	184	39	16	3	1	-
2020.04	동작구	사당5동	6,169	2,432	1,339	1,182	974	188	41	10	1	1	1
2020.04	동작구	대방동	17,169	7,033	3,265	2,881	3,067	713	150	45	6	5	4
2020.04	동작구	신대방1동	9,992	3,766	1,982	1,760	1,908	455	91	19	7	1	3
2020.04	동작구	신대방2동	9,410	4,315	1,754	1,482	1,377	371	81	23	6	1	-
2020.04	동작구	흑석동	14,349	5,556	3,034	2,751	2,345	533	99	27	4	-	-
2020.04	동작구	노량진1동	15,373	7,139	3,146	2,454	2,001	484	107	34	5	2	1
2020.04	동작구	사당2동	11,896	4,134	2,922	2,411	1,838	463	102	16	7	3	-
2020.04	관악구	계	271,313	154,875	50,031	32,483	25,802	6,239	1,382	352	90	32	27
2020.04	관악구	보라매동	12,439	6,004	2,758	1,845	1,408	334	67	15	1	4	3
2020.04	관악구	청림동	6,552	1,986	1,667	1,419	1,154	251	54	10	7	2	2
2020.04	관악구	행운동	17,287	10,840	2,955	1,728	1,335	320	87	13	6	3	-
2020.04	관악구	낙성대동	10,945	7,793	1,442	851	633	170	40	10	4	-	2
2020.04	관악구	중앙동	9,652	6,437	1,565	830	625	149	35	7	1	2	1
2020.04	관악구	인헌동	14,229	7,884	2,718	1,776	1,407	345	65	28	4	1	1
2020.04	관악구	남현동	9,460	4,842	1,904	1,358	1,009	254	67	16	5	1	4
2020.04	관악구	서원동	14,034	8,942	2,585	1,352	859	217	65	9	4	1	-
2020.04	관악구	신원동	10,673	6,374	2,120	1,154	800	164	41	12	2	3	3
2020.04	관악구	서림동	14,290	9,324	2,278	1,344	998	259	61	20	4	-	2
2020.04	관악구	신사동	13,505	8,475	2,325	1,381	1,032	230	47	9	6	-	-
2020.04	관악구	신림동	16,926	13,924	1,900	620	368	89	20	3	-	1	1
2020.04	관악구	난향동	6,422	1,921	1,556	1,301	1,235	308	73	21	5	1	1
2020.04	관악구	조원동	10,444	6,635	1,823	988	764	182	32	14	4	2	-
2020.04	관악구	대학동	15,956	11,918	1,823	1,127	837	188	53	8	2	-	-
2020.04	관악구	은천동	16,009	6,974	3,474	2,614	2,247	526	134	28	8	4	-
2020.04	관악구	성현동	12,407	3,858	2,980	2,475	2,391	567	94	31	7	2	2
2020.04	관악구	청룡동	21,522	15,179	2,929	1,660	1,329	327	76	16	5	-	1
2020.04	관악구	난곡동	12,968	5,283	3,193	2,243	1,734	393	89	24	7	1	1
2020.04	관악구	삼성동	11,418	4,710	2,779	1,871	1,526	413	91	22	1	3	2
2020.04	관악구	미성동	14,175	5,572	3,257	2,546	2,111	553	91	36	7	1	1
2020.04	서초구	계	173,561	58,741	34,711	34,255	34,717	8,320	2,004	536	184	48	45
2020.04	서초구	서초1동	9,328	3,904	1,773	1,569	1,521	399	120	29	10	2	1
2020.04	서초구	서초2동	8,538	3,817	1,540	1,444	1,337	298	77	17	4	2	2
2020.04	서초구	서초3동	13,781	5,930	2,686	2,297	2,069	561	162	46	18	6	6
2020.04	서초구	서초4동	11,018	2,339	1,919	2,605	3,322	650	120	46	12	4	1
2020.04	서초구	잠원동	14,043	4,709	2,653	2,951	3,013	552	113	30	15	4	3
2020.04	서초구	반포본동	4,126	766	819	979	1,239	241	56	18	4	2	2
2020.04	서초구	반포1동	14,406	6,378	2,220	2,363	2,627	615	148	32	19	4	-
2020.04	서초구	반포2동	5,116	679	832	1,310	1,717	461	88	15	10	2	2
2020.04	서초구	반포3동	7,051	1,311	1,382	1,875	1,973	411	63	26	6	1	3
2020.04	서초구	반포4동	7,315	1,886	1,489	1,787	1,604	391	117	24	9	5	3
2020.04	서초구	방배본동	7,931	2,150	1,572	1,690	1,906	456	108	34	9	2	4
2020.04	서초구	방배1동	7,705	2,947	1,770	1,384	1,208	292	75	20	5	1	3
2020.04	서초구	방배2동	8,702	3,054	2,105	1,632	1,442	364	66	26	5	2	6
2020.04	서초구	방배3동	8,385	2,229	1,864	1,910	1,833	395	106	33	10	2	3
2020.04	서초구	방배4동	9,734	3,417	2,019	1,807	1,877	450	124	27	10	2	1
2020.04	서초구	양재1동	18,253	6,054	4,002	3,482	3,306	1,062	263	64	17	1	2
2020.04	서초구	양재2동	10,794	5,007	2,242	1,615	1,420	381	91	26	9	2	1
2020.04	서초구	내곡동	7,335	2,164	1,824	1,555	1,303	341	107	23	12	4	2
2020.04	강남구	계	233,363	92,752	44,068	41,385	42,589	9,553	2,151	578	174	76	37
2020.04	강남구	신사동	7,406	2,903	1,546	1,318	1,199	310	86	27	12	3	2
2020.04	강남구	논현1동	14,409	9,574	2,505	1,177	815	235	69	22	6	4	2
2020.04	강남구	논현2동	11,436	6,296	2,089	1,549	1,162	247	67	17	8	1	-
2020.04	강남구	삼성1동	6,009	2,101	1,230	1,178	1,090	300	74	26	6	3	1
2020.04	강남구	삼성2동	13,518	5,905	2,326	2,268	2,352	482	120	46	12	2	5
2020.04	강남구	대치1동	7,402	567	910	1,964	3,114	667	132	29	9	7	3
2020.04	강남구	대치4동	10,155	5,354	1,667	1,357	1,376	300	74	19	6	2	-
2020.04	강남구	역삼1동	23,713	16,966	3,478	1,666	1,168	314	82	26	8	4	1
2020.04	강남구	역삼2동	15,659	6,478	2,332	2,815	3,211	624	144	27	10	7	11
2020.04	강남구	도곡1동	8,631	2,572	1,607	1,851	2,067	398	90	29	12	5	-
2020.04	강남구	도곡2동	11,825	2,165	2,305	2,998	3,464	709	131	38	9	4	2
2020.04	강남구	개포1동	2,723	839	603	534	574	135	29	6	2	1	-
2020.04	강남구	개포4동	7,776	2,979	1,592	1,457	1,342	317	62	17	6	3	1
2020.04	강남구	일원본동	8,165	1,461	1,514	2,022	2,580	470	89	22	4	1	2
2020.04	강남구	일원1동	7,527	3,185	1,788	1,260	945	274	60	13	2	-	-
2020.04	강남구	일원2동	7,358	2,255	1,780	1,541	1,450	280	39	11	-	1	1
2020.04	강남구	수서동	7,867	3,412	2,340	1,187	689	180	43	8	8	-	-
2020.04	강남구	세곡동	17,918	5,899	3,938	3,263	3,336	1,099	293	67	17	4	2
2020.04	강남구	압구정동	10,692	2,963	2,401	2,412	2,216	525	132	31	4	7	1
2020.04	강남구	청담동	12,200	4,784	2,358	2,289	2,070	511	119	46	13	9	1
2020.04	강남구	대치2동	12,917	2,465	2,031	3,224	4,203	797	138	38	12	7	2
2020.04	강남구	개포2동	8,057	1,629	1,728	2,055	2,166	379	78	13	8	1	-
2020.04	송파구	계	279,460	96,999	59,156	55,307	53,034	11,606	2,552	569	166	42	29
2020.04	송파구	풍납1동	6,486	2,523	1,590	1,139	981	183	54	13	2	1	-
2020.04	송파구	풍납2동	10,983	4,101	2,208	2,219	1,921	408	98	23	4	1	-
2020.04	송파구	거여1동	5,523	1,900	1,334	1,043	969	210	52	12	-	2	1
2020.04	송파구	거여2동	7,198	2,542	1,791	1,434	1,093	256	60	16	3	1	2
2020.04	송파구	마천1동	9,020	3,534	2,115	1,568	1,308	394	77	20	3	1	-
2020.04	송파구	마천2동	8,753	3,264	2,179	1,615	1,270	312	85	21	6	-	1
2020.04	송파구	방이1동	6,299	1,885	1,204	1,337	1,456	320	71	18	6	2	-
2020.04	송파구	방이2동	14,016	7,768	2,781	1,765	1,330	287	68	12	4	-	1
2020.04	송파구	오륜동	5,970	659	1,089	1,599	2,083	438	67	24	8	1	2
2020.04	송파구	오금동	15,956	4,411	3,704	3,621	3,241	762	175	35	5	1	1
2020.04	송파구	송파1동	12,430	5,969	2,658	1,896	1,427	352	95	24	5	2	2
2020.04	송파구	송파2동	7,486	1,708	1,549	1,777	1,909	432	81	14	11	4	1
2020.04	송파구	석촌동	17,062	8,727	3,544	2,416	1,824	403	117	20	7	4	-
2020.04	송파구	삼전동	16,283	8,295	3,320	2,369	1,789	400	85	16	6	-	3
2020.04	송파구	가락본동	11,961	4,619	2,558	2,194	1,974	496	91	24	3	-	2
2020.04	송파구	가락1동	9,894	1,604	2,501	2,603	2,576	472	105	21	6	3	3
2020.04	송파구	가락2동	12,350	2,975	2,502	2,971	3,121	601	131	41	7	1	-
2020.04	송파구	문정1동	8,535	2,734	1,912	1,739	1,640	402	77	16	12	1	2
2020.04	송파구	문정2동	15,563	8,517	2,803	1,974	1,758	366	100	29	10	3	3
2020.04	송파구	잠실본동	15,303	8,325	2,973	2,025	1,513	348	97	14	7	-	1
2020.04	송파구	잠실4동	7,454	1,196	1,442	2,041	2,229	421	90	20	10	5	-
2020.04	송파구	잠실6동	5,936	965	1,339	1,588	1,542	378	88	27	5	2	2
2020.04	송파구	잠실7동	3,471	530	829	890	950	210	47	11	4	-	-
2020.04	송파구	잠실2동	11,961	1,804	1,880	3,093	4,307	724	126	18	6	3	-
2020.04	송파구	잠실3동	12,177	1,908	2,570	3,297	3,538	687	129	32	11	3	2
2020.04	송파구	장지동	12,368	3,484	3,006	2,769	2,368	583	125	24	9	-	-
2020.04	송파구	위례동	9,022	1,052	1,775	2,325	2,917	761	161	24	6	1	-
2020.04	강동구	계	191,399	66,998	42,539	37,611	34,322	7,825	1,558	396	105	22	23
2020.04	강동구	강일동	11,233	2,365	2,643	2,265	2,734	992	195	31	6	1	1
2020.04	강동구	상일동	10,693	1,921	2,306	2,724	2,998	620	93	23	3	1	4
2020.04	강동구	명일1동	9,966	2,337	2,406	2,393	2,243	464	91	19	12	1	-
2020.04	강동구	명일2동	5,967	1,186	1,079	1,360	1,853	384	70	22	11	-	2
2020.04	강동구	고덕1동	8,936	1,590	1,574	2,316	2,774	545	100	26	8	-	3
2020.04	강동구	고덕2동	8,088	2,087	1,866	1,862	1,868	326	54	17	6	-	2
2020.04	강동구	암사2동	6,340	1,935	1,545	1,352	1,201	235	57	11	-	2	2
2020.04	강동구	암사3동	6,346	1,108	1,386	1,604	1,711	406	85	28	11	4	3
2020.04	강동구	천호1동	12,813	5,275	2,998	2,324	1,691	406	89	20	6	2	2
2020.04	강동구	천호3동	13,668	6,813	2,939	2,058	1,431	335	71	19	2	-	-
2020.04	강동구	성내1동	8,135	2,403	1,895	1,812	1,579	355	68	21	2	-	-
2020.04	강동구	성내2동	12,675	6,488	2,740	1,892	1,179	288	62	16	8	1	1
2020.04	강동구	성내3동	10,416	4,057	2,349	1,888	1,654	379	67	17	3	1	1
2020.04	강동구	둔촌1동	162	114	19	11	14	2	2	-	-	-	-
2020.04	강동구	둔촌2동	11,229	3,652	2,532	2,323	2,167	441	86	24	2	1	1
2020.04	강동구	암사1동	16,148	6,269	3,736	3,085	2,412	505	101	30	8	2	-
2020.04	강동구	천호2동	17,688	8,668	3,998	2,613	1,868	413	97	24	5	2	-
2020.04	강동구	길동	20,896	8,730	4,528	3,729	2,945	729	170	48	12	4	1
2020.05	합계	합계	4,373,610	1,798,547	937,178	767,810	671,849	153,613	33,032	8,105	2,224	710	542
2020.05	종로구	계	74,408	37,348	14,305	10,705	8,892	2,382	533	173	41	15	14
2020.05	종로구	사직동	4,688	2,352	920	678	535	149	30	18	2	2	2
2020.05	종로구	삼청동	1,363	716	252	184	143	44	19	3	1	-	1
2020.05	종로구	부암동	4,341	1,669	966	755	688	184	50	22	3	1	3
2020.05	종로구	평창동	7,510	2,425	1,741	1,475	1,355	392	72	32	12	4	2
2020.05	종로구	무악동	3,209	762	714	739	761	189	29	11	1	2	1
2020.05	종로구	교남동	4,597	1,662	1,085	917	748	144	27	9	4	1	-
2020.05	종로구	가회동	2,077	965	432	343	244	61	23	5	3	-	1
2020.05	종로구	종로1.2.3.4가동	5,243	4,162	524	283	202	50	14	6	2	-	-
2020.05	종로구	종로5·6가동	3,408	2,350	520	287	183	55	10	2	1	-	-
2020.05	종로구	이화동	4,462	2,719	802	467	343	102	21	7	-	1	-
2020.05	종로구	창신1동	2,944	1,751	574	320	210	72	14	3	-	-	-
2020.05	종로구	창신2동	4,148	1,979	916	618	456	136	33	8	2	-	-
2020.05	종로구	창신3동	2,907	944	683	632	461	154	27	3	3	-	-
2020.05	종로구	숭인1동	2,979	1,391	649	459	360	95	20	4	-	1	-
2020.05	종로구	숭인2동	5,820	3,870	911	517	397	98	22	3	2	-	-
2020.05	종로구	청운효자동	5,395	2,022	1,145	988	924	234	57	20	2	3	-
2020.05	종로구	혜화동	9,317	5,609	1,471	1,043	882	223	65	17	3	-	4
2020.05	중구	계	63,234	31,527	13,443	9,092	6,903	1,668	433	114	24	12	18
2020.05	중구	소공동	1,126	619	221	166	96	17	4	1	-	-	2
2020.05	중구	회현동	3,100	2,042	443	298	226	64	14	12	1	-	-
2020.05	중구	명동	1,591	1,110	219	142	83	23	6	4	1	-	3
2020.05	중구	필동	2,326	1,470	420	212	160	50	9	3	1	-	1
2020.05	중구	장충동	2,743	1,769	434	235	214	67	18	2	2	1	1
2020.05	중구	광희동	3,038	1,968	527	283	190	50	15	3	1	-	1
2020.05	중구	을지로동	1,363	1,084	163	64	37	10	5	-	-	-	-
2020.05	중구	신당5동	5,352	2,638	1,173	757	587	148	35	10	3	1	-
2020.05	중구	황학동	6,916	3,773	1,487	894	586	135	33	5	1	1	1
2020.05	중구	중림동	5,859	2,515	1,300	1,030	785	168	46	13	2	-	-
2020.05	중구	신당동	4,496	2,815	842	430	314	69	21	4	1	-	-
2020.05	중구	다산동	6,980	3,187	1,649	1,027	860	185	48	17	3	2	2
2020.05	중구	약수동	7,819	2,901	2,062	1,508	1,022	238	66	13	2	3	4
2020.05	중구	청구동	6,349	2,468	1,530	1,158	905	221	53	7	2	3	2
2020.05	중구	동화동	4,176	1,168	973	888	838	223	60	20	4	1	1
2020.05	용산구	계	111,319	53,157	23,007	17,125	13,439	3,458	818	207	59	28	21
2020.05	용산구	후암동	8,574	4,084	1,756	1,386	963	286	69	17	6	3	4
2020.05	용산구	용산2가동	5,431	2,831	1,203	748	484	134	21	8	2	-	-
2020.05	용산구	남영동	5,456	4,223	600	305	247	65	10	4	-	1	1
2020.05	용산구	원효로2동	6,012	2,145	1,291	1,190	1,041	251	68	14	8	2	2
2020.05	용산구	효창동	4,320	1,508	994	837	722	185	59	12	1	2	-
2020.05	용산구	용문동	5,411	1,980	1,319	1,025	819	210	43	10	2	2	1
2020.05	용산구	이촌1동	10,355	2,211	2,310	2,656	2,424	563	136	38	11	5	1
2020.05	용산구	이촌2동	3,845	1,307	1,051	799	500	138	34	9	6	1	-
2020.05	용산구	이태원1동	3,803	2,211	725	443	306	80	31	6	-	-	1
2020.05	용산구	이태원2동	4,946	2,667	1,032	662	427	112	39	5	-	2	-
2020.05	용산구	서빙고동	5,305	1,724	1,128	960	1,070	343	62	18	-	-	-
2020.05	용산구	보광동	7,715	4,151	1,684	1,000	672	164	35	7	1	1	-
2020.05	용산구	청파동	10,961	6,514	2,008	1,206	910	243	56	16	2	2	4
2020.05	용산구	원효로1동	7,915	3,754	1,694	1,258	946	217	32	5	4	3	2
2020.05	용산구	한강로동	9,972	5,699	1,844	1,216	934	193	59	16	9	1	1
2020.05	용산구	한남동	11,298	6,148	2,368	1,434	974	274	64	22	7	3	4
2020.05	성동구	계	135,712	56,037	29,909	24,607	19,528	4,295	985	253	63	20	15
2020.05	성동구	왕십리2동	7,627	2,932	1,741	1,421	1,179	261	74	14	2	2	1
2020.05	성동구	마장동	10,905	4,913	2,326	1,741	1,457	344	85	23	9	2	5
2020.05	성동구	사근동	7,620	5,436	992	565	470	121	27	9	-	-	-
2020.05	성동구	행당1동	6,694	2,808	1,421	1,239	959	200	43	16	6	1	1
2020.05	성동구	행당2동	9,469	2,398	2,401	2,203	1,938	400	96	24	5	1	3
2020.05	성동구	응봉동	6,147	1,622	1,410	1,456	1,291	294	57	11	5	-	1
2020.05	성동구	금호1가동	6,652	2,165	1,640	1,457	1,078	241	57	12	2	-	-
2020.05	성동구	금호4가동	6,450	2,199	1,599	1,449	950	198	38	14	3	-	-
2020.05	성동구	성수1가1동	7,596	3,132	1,692	1,286	1,186	230	54	7	7	2	-
2020.05	성동구	성수1가2동	6,648	3,029	1,404	1,101	862	198	43	8	2	1	-
2020.05	성동구	성수2가1동	8,513	4,160	1,814	1,292	972	218	44	8	4	1	-
2020.05	성동구	성수2가3동	5,716	2,973	1,082	781	659	164	44	12	-	-	1
2020.05	성동구	송정동	5,570	2,813	1,167	804	590	160	30	4	-	2	-
2020.05	성동구	용답동	6,854	4,128	1,217	744	590	125	37	10	-	1	2
2020.05	성동구	왕십리도선동	11,846	4,452	2,553	2,355	1,955	406	86	28	8	3	-
2020.05	성동구	금호2.3가동	10,347	3,641	2,599	2,095	1,576	322	83	21	7	2	1
2020.05	성동구	옥수동	11,058	3,236	2,851	2,618	1,816	413	87	32	3	2	-
2020.05	광진구	계	166,014	76,130	33,939	26,485	23,029	4,944	1,102	269	76	22	18
2020.05	광진구	화양동	16,533	13,108	1,969	755	565	97	27	10	-	1	1
2020.05	광진구	군자동	10,921	6,229	2,054	1,355	987	225	50	14	5	1	1
2020.05	광진구	중곡1동	8,139	4,098	1,832	1,166	813	172	39	11	5	2	1
2020.05	광진구	중곡2동	10,590	4,685	2,456	1,724	1,327	313	65	14	5	1	-
2020.05	광진구	중곡3동	8,542	4,144	1,945	1,270	899	234	41	7	1	1	-
2020.05	광진구	중곡4동	13,264	4,983	3,166	2,584	1,949	440	102	27	10	1	2
2020.05	광진구	능동	6,471	3,691	1,318	747	519	147	40	7	1	1	-
2020.05	광진구	구의1동	12,079	6,687	2,419	1,539	1,097	258	65	11	2	-	1
2020.05	광진구	구의2동	11,638	4,208	2,619	2,282	1,943	446	95	31	9	2	3
2020.05	광진구	구의3동	12,185	4,123	2,606	2,462	2,339	512	106	24	10	2	1
2020.05	광진구	광장동	12,079	2,252	1,965	3,018	3,942	695	158	34	9	3	3
2020.05	광진구	자양1동	11,607	5,848	2,430	1,667	1,294	291	57	14	3	2	1
2020.05	광진구	자양2동	11,260	4,064	2,607	2,161	1,884	415	97	24	4	2	2
2020.05	광진구	자양3동	11,092	2,950	2,504	2,431	2,575	473	119	25	11	3	1
2020.05	광진구	자양4동	9,614	5,060	2,049	1,324	896	226	41	16	1	-	1
2020.05	동대문구	계	166,073	77,757	33,921	26,194	21,459	5,187	1,171	288	64	22	10
2020.05	동대문구	회기동	6,156	4,027	908	579	474	130	28	5	4	1	-
2020.05	동대문구	휘경1동	7,178	3,891	1,288	948	787	205	42	13	1	2	1
2020.05	동대문구	휘경2동	11,699	5,640	2,139	1,815	1,613	380	87	20	4	-	1
2020.05	동대문구	청량리동	10,483	5,058	2,378	1,513	1,152	297	72	11	1	-	1
2020.05	동대문구	용신동	17,822	10,891	3,173	1,922	1,406	337	66	23	4	-	-
2020.05	동대문구	제기동	13,155	7,105	2,635	1,683	1,263	352	91	18	4	3	1
2020.05	동대문구	전농1동	15,128	7,430	3,017	2,389	1,753	425	81	20	8	1	4
2020.05	동대문구	전농2동	7,732	2,266	1,850	1,697	1,434	370	89	21	4	-	1
2020.05	동대문구	답십리2동	13,021	4,673	3,198	2,481	2,086	456	97	22	7	1	-
2020.05	동대문구	장안1동	17,945	7,702	3,911	3,089	2,477	600	129	29	4	4	-
2020.05	동대문구	장안2동	13,869	4,734	3,072	2,896	2,443	554	129	33	5	3	-
2020.05	동대문구	이문1동	10,459	6,384	1,707	1,102	965	219	60	14	4	3	1
2020.05	동대문구	이문2동	8,626	2,971	1,941	1,656	1,556	371	93	30	5	3	-
2020.05	동대문구	답십리1동	12,800	4,985	2,704	2,424	2,050	491	107	29	9	1	-
2020.05	중랑구	계	182,930	76,794	42,247	31,672	24,845	5,825	1,148	299	66	20	14
2020.05	중랑구	면목2동	12,325	5,670	2,786	1,906	1,521	355	70	11	6	-	-
2020.05	중랑구	면목4동	9,143	3,913	2,149	1,598	1,134	275	56	15	3	-	-
2020.05	중랑구	면목5동	4,498	1,903	1,079	785	571	130	22	7	1	-	-
2020.05	중랑구	면목7동	10,522	4,410	2,558	1,783	1,390	293	70	13	4	1	-
2020.05	중랑구	상봉1동	10,325	3,221	2,415	2,221	2,014	361	70	19	3	1	-
2020.05	중랑구	상봉2동	11,358	6,719	2,268	1,315	832	163	44	12	5	-	-
2020.05	중랑구	중화1동	9,070	3,316	2,257	1,769	1,347	305	46	22	5	2	1
2020.05	중랑구	중화2동	14,015	7,376	3,126	1,919	1,219	306	49	14	2	2	2
2020.05	중랑구	묵1동	14,794	4,918	3,356	3,044	2,653	624	143	44	7	3	2
2020.05	중랑구	묵2동	9,232	3,959	2,161	1,637	1,107	295	60	8	1	2	2
2020.05	중랑구	망우3동	8,462	3,755	2,040	1,415	978	218	45	5	2	4	-
2020.05	중랑구	신내1동	14,875	3,572	3,491	3,154	3,350	1,047	189	54	16	1	1
2020.05	중랑구	신내2동	9,062	2,879	2,290	1,972	1,531	308	60	13	6	1	2
2020.05	중랑구	면목본동	17,748	8,539	4,052	2,699	1,937	426	68	21	2	2	2
2020.05	중랑구	면목3.8동	12,694	5,748	2,972	2,096	1,486	299	69	22	1	-	1
2020.05	중랑구	망우본동	14,807	6,896	3,247	2,359	1,775	420	87	19	2	1	1
2020.05	성북구	계	194,735	76,963	41,742	35,458	31,236	7,240	1,548	392	90	28	38
2020.05	성북구	돈암1동	6,244	1,775	1,590	1,341	1,175	277	70	13	-	2	1
2020.05	성북구	돈암2동	8,674	1,677	1,857	2,210	2,246	526	109	30	13	2	4
2020.05	성북구	안암동	9,394	6,197	1,448	877	688	137	37	6	2	-	2
2020.05	성북구	보문동	7,955	3,814	1,631	1,284	971	209	35	7	1	1	2
2020.05	성북구	정릉1동	7,517	2,247	1,649	1,702	1,469	341	77	25	2	3	2
2020.05	성북구	정릉2동	9,708	3,078	2,381	2,008	1,713	390	101	29	5	1	2
2020.05	성북구	정릉3동	7,914	4,194	1,581	1,048	830	200	46	11	-	1	3
2020.05	성북구	정릉4동	10,982	3,750	2,617	2,199	1,832	446	94	29	10	3	2
2020.05	성북구	길음1동	12,828	2,560	2,471	3,190	3,705	721	137	31	7	2	4
2020.05	성북구	길음2동	7,100	2,412	1,505	1,484	1,335	295	54	13	2	-	-
2020.05	성북구	월곡1동	10,841	3,265	2,499	2,286	2,136	519	100	25	9	2	-
2020.05	성북구	월곡2동	9,496	4,340	1,941	1,487	1,300	331	73	10	9	2	3
2020.05	성북구	장위1동	9,070	3,511	2,169	1,646	1,318	326	70	24	4	1	1
2020.05	성북구	장위2동	6,510	2,683	1,617	1,140	800	213	46	10	-	1	-
2020.05	성북구	장위3동	7,410	2,449	1,606	1,575	1,431	273	60	14	1	1	-
2020.05	성북구	성북동	8,183	3,865	1,788	1,223	928	268	79	19	6	1	6
2020.05	성북구	삼선동	11,828	5,851	2,322	1,650	1,522	381	77	18	5	1	1
2020.05	성북구	동선동	9,289	5,975	1,487	934	668	171	39	10	4	-	1
2020.05	성북구	종암동	17,248	6,567	3,631	3,164	2,978	725	136	39	2	3	3
2020.05	성북구	석관동	16,544	6,753	3,952	3,010	2,191	491	108	29	8	1	1
2020.05	강북구	계	145,315	61,038	34,505	25,005	18,892	4,577	985	205	70	17	21
2020.05	강북구	번1동	10,393	5,600	2,205	1,423	903	202	50	6	4	-	-
2020.05	강북구	번2동	7,666	2,854	2,117	1,455	926	239	59	12	2	-	2
2020.05	강북구	번3동	7,612	2,370	2,185	1,511	1,174	284	73	10	4	1	-
2020.05	강북구	수유1동	10,407	4,790	2,382	1,654	1,183	308	66	15	5	1	3
2020.05	강북구	수유2동	9,652	3,558	2,537	1,790	1,304	364	76	17	3	1	2
2020.05	강북구	수유3동	12,903	7,096	2,616	1,782	1,096	251	41	15	3	2	1
2020.05	강북구	삼양동	11,429	4,603	2,767	2,017	1,542	392	77	17	8	4	2
2020.05	강북구	미아동	11,543	5,920	2,478	1,651	1,142	284	51	8	7	1	1
2020.05	강북구	송중동	14,014	5,890	3,212	2,431	1,890	458	99	22	7	2	3
2020.05	강북구	송천동	13,759	6,351	3,265	2,116	1,591	357	61	14	2	1	1
2020.05	강북구	삼각산동	11,767	2,601	2,513	2,785	3,061	635	129	29	13	1	-
2020.05	강북구	우이동	9,551	3,654	2,497	1,712	1,261	324	77	14	6	2	4
2020.05	강북구	인수동	14,619	5,751	3,731	2,678	1,819	479	126	26	6	1	2
2020.05	도봉구	계	138,867	45,894	34,206	28,353	23,432	5,438	1,138	285	83	30	8
2020.05	도봉구	쌍문1동	9,416	3,234	2,363	1,888	1,435	382	87	20	5	1	1
2020.05	도봉구	쌍문2동	8,663	3,116	2,224	1,717	1,222	294	67	16	4	-	3
2020.05	도봉구	쌍문3동	7,893	3,236	1,941	1,391	1,022	246	42	12	3	-	-
2020.05	도봉구	쌍문4동	7,170	1,544	1,640	1,730	1,811	368	60	15	2	-	-
2020.05	도봉구	방학1동	12,798	4,725	3,026	2,367	2,004	526	110	31	5	2	2
2020.05	도봉구	방학2동	9,555	3,850	2,378	1,738	1,190	312	71	13	2	1	-
2020.05	도봉구	방학3동	10,073	1,819	2,489	2,518	2,502	573	132	26	10	4	-
2020.05	도봉구	창1동	10,945	3,668	2,673	2,249	1,885	374	72	19	4	-	1
2020.05	도봉구	창2동	12,402	3,829	3,161	2,664	2,101	492	104	33	11	7	-
2020.05	도봉구	창3동	6,676	2,667	1,668	1,177	891	219	39	13	2	-	-
2020.05	도봉구	창4동	10,635	2,880	2,409	2,373	2,348	498	97	15	12	3	-
2020.05	도봉구	창5동	10,150	2,906	2,412	2,269	2,036	401	89	25	7	5	-
2020.05	도봉구	도봉1동	10,345	4,311	2,691	1,767	1,179	301	60	23	7	5	1
2020.05	도봉구	도봉2동	12,146	4,109	3,131	2,505	1,806	452	108	24	9	2	-
2020.05	노원구	계	217,579	70,463	49,490	44,463	42,256	8,777	1,611	354	111	32	22
2020.05	노원구	월계1동	10,563	4,537	2,240	1,751	1,574	389	56	14	2	-	-
2020.05	노원구	월계2동	12,053	4,119	3,145	2,383	1,861	431	93	15	3	2	1
2020.05	노원구	월계3동	13,008	3,931	3,548	2,832	2,096	464	106	20	8	2	1
2020.05	노원구	공릉2동	16,353	5,640	3,151	3,296	3,394	694	127	30	15	5	1
2020.05	노원구	하계1동	11,769	4,321	2,393	2,155	2,308	465	89	23	8	2	5
2020.05	노원구	하계2동	8,268	1,710	1,788	1,983	2,268	437	63	13	4	2	-
2020.05	노원구	중계본동	8,821	1,999	1,418	1,926	2,684	654	106	25	6	2	1
2020.05	노원구	중계1동	9,079	1,432	1,360	2,366	3,303	531	62	17	8	-	-
2020.05	노원구	중계4동	8,444	2,590	1,984	1,669	1,726	374	76	17	5	2	1
2020.05	노원구	상계1동	15,581	4,444	3,722	3,339	3,106	772	156	27	10	-	5
2020.05	노원구	상계2동	8,744	3,219	1,732	1,624	1,700	351	92	19	5	2	-
2020.05	노원구	상계5동	10,903	3,970	2,645	2,122	1,671	395	75	18	5	1	1
2020.05	노원구	상계8동	9,265	2,396	2,293	2,270	1,934	317	42	10	2	-	1
2020.05	노원구	상계9동	8,449	2,085	2,197	2,042	1,751	313	46	11	1	3	-
2020.05	노원구	상계10동	6,604	1,786	1,754	1,494	1,331	178	43	12	4	2	-
2020.05	노원구	상계3.4동	12,187	4,664	2,988	2,207	1,738	454	99	24	11	2	-
2020.05	노원구	상계6.7동	13,927	4,252	3,345	3,007	2,722	500	72	21	5	-	3
2020.05	노원구	중계2.3동	15,407	5,023	4,079	3,059	2,626	518	81	16	2	2	1
2020.05	노원구	공릉1동	18,154	8,345	3,708	2,938	2,463	540	127	22	7	3	1
2020.05	은평구	계	209,456	79,041	49,118	39,184	31,939	7,798	1,788	414	106	35	33
2020.05	은평구	녹번동	17,278	6,819	4,252	3,187	2,321	545	112	28	9	2	3
2020.05	은평구	불광1동	17,954	6,766	4,401	3,479	2,583	556	125	33	9	2	-
2020.05	은평구	갈현1동	11,227	4,784	2,673	1,937	1,411	333	66	16	4	1	2
2020.05	은평구	갈현2동	12,623	4,368	3,082	2,570	2,004	454	108	24	8	3	2
2020.05	은평구	구산동	13,289	4,276	3,200	2,769	2,280	602	109	37	8	1	7
2020.05	은평구	대조동	14,073	7,113	3,039	2,054	1,420	324	97	16	7	2	1
2020.05	은평구	응암1동	11,722	5,008	2,626	1,974	1,625	368	90	16	3	5	7
2020.05	은평구	응암2동	10,776	2,976	2,588	2,533	2,083	459	96	25	10	3	3
2020.05	은평구	신사1동	11,790	3,880	2,948	2,410	1,970	449	102	23	3	5	-
2020.05	은평구	신사2동	9,125	3,203	2,200	1,767	1,490	344	94	23	3	-	1
2020.05	은평구	증산동	6,883	2,515	1,731	1,235	1,062	270	51	16	3	-	-
2020.05	은평구	수색동	3,767	1,367	909	726	572	147	41	5	-	-	-
2020.05	은평구	진관동	21,623	6,230	4,224	4,241	4,998	1,478	370	59	16	3	4
2020.05	은평구	불광2동	13,864	6,092	3,324	2,334	1,603	403	78	21	6	3	-
2020.05	은평구	응암3동	12,716	6,038	2,923	1,941	1,390	309	81	23	7	1	3
2020.05	은평구	역촌동	20,746	7,606	4,998	4,027	3,127	757	168	49	10	4	-
2020.05	서대문구	계	142,963	60,699	30,501	24,618	20,805	4,872	1,112	252	66	26	12
2020.05	서대문구	천연동	8,167	3,312	1,762	1,509	1,232	279	51	14	6	1	1
2020.05	서대문구	홍제1동	10,376	3,559	2,476	2,077	1,734	411	86	22	7	3	1
2020.05	서대문구	홍제3동	7,101	2,697	1,694	1,318	1,062	263	52	11	4	-	-
2020.05	서대문구	홍제2동	5,870	1,800	1,416	1,259	1,086	250	41	13	3	1	1
2020.05	서대문구	홍은1동	9,601	3,208	2,271	1,893	1,683	410	106	24	5	-	1
2020.05	서대문구	홍은2동	12,254	4,874	2,844	2,176	1,788	411	123	27	8	3	-
2020.05	서대문구	남가좌1동	5,949	1,420	1,188	1,487	1,455	309	70	17	2	1	-
2020.05	서대문구	남가좌2동	12,989	4,929	2,853	2,478	2,144	454	103	25	1	2	-
2020.05	서대문구	북가좌1동	6,986	1,619	1,686	1,618	1,595	361	87	12	5	2	1
2020.05	서대문구	북가좌2동	14,743	5,640	3,556	2,699	2,170	539	107	26	5	-	1
2020.05	서대문구	충현동	9,140	4,791	1,771	1,223	1,023	248	65	15	2	1	1
2020.05	서대문구	북아현동	7,531	2,864	1,691	1,514	1,176	231	38	11	2	4	-
2020.05	서대문구	신촌동	12,782	9,668	1,529	798	571	148	44	11	5	3	5
2020.05	서대문구	연희동	19,474	10,318	3,764	2,569	2,086	558	139	24	11	5	-
2020.05	마포구	계	177,230	80,606	36,648	28,626	24,395	5,422	1,119	270	92	28	24
2020.05	마포구	용강동	9,195	3,244	1,957	1,894	1,642	356	74	19	7	2	-
2020.05	마포구	대흥동	8,126	5,098	1,342	820	690	141	25	6	1	1	2
2020.05	마포구	염리동	5,660	2,439	1,202	963	833	179	33	9	1	-	1
2020.05	마포구	신수동	10,201	3,915	2,174	1,963	1,699	349	72	20	7	1	1
2020.05	마포구	서교동	14,605	9,327	2,466	1,449	1,042	241	55	16	4	4	1
2020.05	마포구	합정동	9,679	5,179	2,099	1,255	876	200	47	11	5	-	7
2020.05	마포구	망원1동	10,603	5,100	2,456	1,478	1,216	274	60	14	3	-	2
2020.05	마포구	망원2동	8,451	3,219	2,021	1,443	1,402	289	59	11	7	-	-
2020.05	마포구	연남동	8,781	5,086	1,696	1,031	707	209	32	12	5	2	1
2020.05	마포구	성산1동	9,451	4,350	2,079	1,470	1,146	309	64	18	9	5	1
2020.05	마포구	성산2동	19,001	8,270	4,004	3,164	2,789	608	130	24	10	1	1
2020.05	마포구	상암동	12,820	4,340	2,547	2,434	2,611	704	139	27	11	4	3
2020.05	마포구	도화동	9,582	3,626	2,068	1,800	1,607	372	82	20	3	2	2
2020.05	마포구	서강동	11,670	5,257	2,220	1,971	1,763	372	63	15	6	2	1
2020.05	마포구	공덕동	19,177	8,949	4,033	3,067	2,473	497	122	26	8	2	-
2020.05	마포구	아현동	10,228	3,207	2,284	2,424	1,899	322	62	22	5	2	1
2020.05	양천구	계	179,177	51,938	38,930	38,553	39,176	8,368	1,663	372	115	36	26
2020.05	양천구	목1동	10,547	1,578	1,816	2,949	3,398	634	122	39	6	4	1
2020.05	양천구	목2동	13,207	4,756	2,970	2,539	2,263	521	114	28	10	3	3
2020.05	양천구	목3동	10,021	3,703	2,426	1,961	1,515	310	76	22	6	1	1
2020.05	양천구	목4동	10,122	3,012	1,916	2,106	2,432	519	104	19	12	1	1
2020.05	양천구	신월1동	10,137	4,418	2,414	1,743	1,191	290	68	10	2	1	-
2020.05	양천구	신월2동	8,504	2,420	2,057	1,852	1,593	446	98	26	6	3	3
2020.05	양천구	신월3동	8,140	3,997	1,816	1,177	842	244	53	7	1	-	3
2020.05	양천구	신월4동	6,899	1,552	1,646	1,646	1,549	385	98	19	3	1	-
2020.05	양천구	신월5동	6,430	2,194	1,544	1,282	1,056	261	74	15	1	2	1
2020.05	양천구	신월6동	4,320	1,005	1,044	1,052	966	204	38	9	1	1	-
2020.05	양천구	신월7동	9,235	3,123	2,615	1,821	1,314	278	62	16	4	1	1
2020.05	양천구	신정1동	7,212	1,403	1,262	1,687	2,302	461	76	11	7	-	3
2020.05	양천구	신정2동	7,130	1,562	1,305	1,554	2,172	458	64	9	3	2	1
2020.05	양천구	신정3동	17,910	4,587	4,208	3,852	3,982	1,044	177	43	11	4	2
2020.05	양천구	신정6동	8,196	1,041	1,510	2,260	2,766	493	101	14	7	2	2
2020.05	양천구	신정7동	11,593	3,004	2,623	2,609	2,742	499	83	22	10	1	-
2020.05	양천구	목5동	13,567	1,668	2,125	3,721	5,032	813	140	40	19	8	1
2020.05	양천구	신정4동	16,007	6,915	3,633	2,742	2,061	508	115	23	6	1	3
2020.05	강서구	계	264,659	106,772	59,439	47,049	39,751	9,147	1,873	466	108	35	19
2020.05	강서구	염창동	15,761	3,913	3,176	3,813	3,971	734	115	33	6	-	-
2020.05	강서구	등촌1동	12,331	6,653	2,359	1,637	1,336	266	55	22	2	1	-
2020.05	강서구	등촌2동	8,749	2,757	2,057	1,828	1,593	386	96	23	7	2	-
2020.05	강서구	등촌3동	14,960	5,960	3,940	2,613	1,964	380	81	17	3	2	-
2020.05	강서구	화곡본동	16,607	7,267	3,800	2,778	2,116	511	93	27	10	4	1
2020.05	강서구	화곡2동	8,224	2,919	2,094	1,623	1,175	338	53	14	7	1	-
2020.05	강서구	화곡3동	9,478	3,367	2,187	1,853	1,564	381	103	16	3	2	2
2020.05	강서구	화곡4동	9,675	3,649	2,462	1,857	1,317	303	65	18	4	-	-
2020.05	강서구	화곡6동	12,068	5,619	2,528	1,899	1,565	349	81	16	4	3	4
2020.05	강서구	화곡8동	11,762	4,535	3,100	2,128	1,545	360	69	23	1	1	-
2020.05	강서구	가양1동	19,410	12,385	2,635	2,098	1,763	426	80	19	2	1	1
2020.05	강서구	가양2동	8,114	4,141	2,153	1,077	561	125	38	13	4	1	1
2020.05	강서구	가양3동	7,935	3,290	2,418	1,372	655	159	32	8	1	-	-
2020.05	강서구	발산1동	13,635	2,859	3,014	3,097	3,575	897	144	34	9	4	2
2020.05	강서구	공항동	12,777	5,680	2,730	2,077	1,751	433	83	21	1	1	-
2020.05	강서구	방화1동	17,508	4,993	3,944	3,634	3,725	960	196	47	5	3	1
2020.05	강서구	방화2동	11,581	5,552	2,588	1,705	1,285	342	82	20	5	-	2
2020.05	강서구	방화3동	11,311	4,710	2,861	1,957	1,354	322	85	13	7	2	-
2020.05	강서구	화곡1동	26,665	12,666	6,170	4,326	2,657	637	150	42	11	3	3
2020.05	강서구	우장산동	16,108	3,857	3,223	3,677	4,279	838	172	40	16	4	2
2020.05	구로구	계	177,848	67,668	41,041	32,654	27,929	6,654	1,437	327	97	28	13
2020.05	구로구	신도림동	13,378	3,017	2,959	3,277	3,280	646	147	37	8	7	-
2020.05	구로구	구로1동	8,280	2,235	1,884	1,842	1,867	367	60	17	7	1	-
2020.05	구로구	구로3동	13,159	7,650	2,277	1,597	1,256	289	63	20	5	2	-
2020.05	구로구	구로4동	10,599	5,163	2,511	1,581	1,057	216	54	8	7	1	1
2020.05	구로구	구로5동	14,620	7,104	2,982	2,191	1,786	418	104	25	8	1	1
2020.05	구로구	고척1동	9,584	3,025	2,243	1,909	1,886	410	91	13	5	2	-
2020.05	구로구	고척2동	11,613	3,823	2,760	2,317	2,111	467	114	18	3	-	-
2020.05	구로구	개봉2동	12,566	3,227	3,289	2,905	2,390	570	140	33	10	1	1
2020.05	구로구	개봉3동	8,904	2,674	2,409	1,897	1,496	341	65	12	7	3	-
2020.05	구로구	오류1동	11,554	5,824	2,471	1,648	1,221	303	61	13	10	1	2
2020.05	구로구	수궁동	9,890	2,919	2,622	2,103	1,650	466	108	18	4	-	-
2020.05	구로구	가리봉동	5,931	4,046	1,009	480	293	83	13	5	1	-	1
2020.05	구로구	구로2동	12,662	6,219	2,948	1,834	1,221	329	78	23	6	3	1
2020.05	구로구	개봉1동	13,844	4,911	3,458	2,595	2,165	551	126	30	4	2	2
2020.05	구로구	오류2동	15,569	4,425	3,943	3,060	2,993	918	167	47	9	3	4
2020.05	구로구	항동	5,695	1,406	1,276	1,418	1,257	280	46	8	3	1	-
2020.05	금천구	계	112,244	51,887	24,618	17,534	13,842	3,365	745	167	56	16	14
2020.05	금천구	가산동	14,385	10,446	1,915	1,102	708	155	50	5	3	1	-
2020.05	금천구	독산1동	20,934	10,365	4,108	3,080	2,594	604	133	33	9	4	4
2020.05	금천구	독산2동	9,287	4,122	2,228	1,528	1,087	259	48	11	3	-	1
2020.05	금천구	독산3동	12,451	5,949	2,852	1,864	1,391	310	64	12	5	4	-
2020.05	금천구	독산4동	7,654	3,451	1,807	1,212	877	246	47	10	2	1	1
2020.05	금천구	시흥1동	15,913	6,834	3,675	2,657	2,121	496	88	32	7	1	2
2020.05	금천구	시흥2동	8,386	2,096	2,051	1,846	1,772	451	133	23	8	2	4
2020.05	금천구	시흥3동	4,741	1,487	1,304	934	755	213	38	5	5	-	-
2020.05	금천구	시흥4동	9,122	3,211	2,293	1,764	1,410	336	73	20	12	2	1
2020.05	금천구	시흥5동	9,371	3,926	2,385	1,547	1,127	295	71	16	2	1	1
2020.05	영등포구	계	179,007	83,852	36,367	28,386	23,636	5,238	1,116	290	74	21	27
2020.05	영등포구	여의동	13,704	4,165	3,069	2,960	2,722	575	154	39	9	6	5
2020.05	영등포구	당산1동	10,731	5,549	2,177	1,521	1,128	266	68	15	4	-	3
2020.05	영등포구	당산2동	17,690	8,956	3,050	2,687	2,344	494	115	29	11	3	1
2020.05	영등포구	양평1동	9,054	4,527	2,006	1,315	948	191	46	15	4	2	-
2020.05	영등포구	양평2동	10,085	4,114	2,165	1,798	1,605	314	68	15	4	-	2
2020.05	영등포구	신길1동	10,298	6,406	1,817	1,078	762	184	37	10	2	1	1
2020.05	영등포구	신길3동	7,641	3,007	1,661	1,484	1,148	290	37	9	3	2	-
2020.05	영등포구	신길4동	4,312	1,970	965	731	485	134	22	4	1	-	-
2020.05	영등포구	신길5동	4,894	1,932	1,134	895	710	180	27	12	1	1	2
2020.05	영등포구	신길6동	8,525	3,832	1,876	1,390	1,097	245	60	14	7	-	4
2020.05	영등포구	신길7동	7,874	2,222	1,664	1,694	1,809	390	68	23	3	-	1
2020.05	영등포구	대림1동	6,400	3,115	1,432	923	729	155	34	9	2	-	1
2020.05	영등포구	대림2동	6,867	3,780	1,527	839	528	145	34	10	3	1	-
2020.05	영등포구	대림3동	10,433	4,050	2,514	1,887	1,496	365	86	28	7	-	-
2020.05	영등포구	영등포본동	10,251	4,661	2,064	1,672	1,464	318	53	14	1	3	1
2020.05	영등포구	영등포동	17,938	12,996	2,349	1,310	1,019	210	39	9	3	-	3
2020.05	영등포구	도림동	9,378	4,639	2,070	1,385	983	235	51	12	3	-	-
2020.05	영등포구	문래동	12,932	3,931	2,827	2,817	2,659	547	117	23	6	2	3
2020.05	동작구	계	182,962	79,871	38,214	30,859	26,283	5,999	1,289	332	74	25	16
2020.05	동작구	노량진2동	7,245	4,262	1,460	821	534	127	33	7	1	-	-
2020.05	동작구	상도1동	21,498	9,993	3,955	3,624	3,065	670	137	39	12	1	2
2020.05	동작구	상도2동	12,742	5,171	2,702	2,262	2,041	436	103	22	4	1	-
2020.05	동작구	상도3동	12,053	5,379	2,671	1,997	1,525	355	90	26	4	4	2
2020.05	동작구	상도4동	13,665	5,792	3,124	2,387	1,835	431	73	18	3	-	2
2020.05	동작구	사당1동	13,230	7,723	2,642	1,532	1,052	215	52	8	5	1	-
2020.05	동작구	사당3동	10,542	3,536	2,426	2,158	1,843	433	96	37	8	3	2
2020.05	동작구	사당4동	7,124	3,287	1,624	1,101	870	185	39	14	3	1	-
2020.05	동작구	사당5동	6,408	2,506	1,418	1,243	999	190	41	8	1	1	1
2020.05	동작구	대방동	17,196	7,068	3,277	2,875	3,067	702	153	40	6	5	3
2020.05	동작구	신대방1동	10,038	3,812	1,984	1,764	1,908	450	91	18	7	1	3
2020.05	동작구	신대방2동	9,437	4,351	1,751	1,488	1,385	353	81	21	6	1	-
2020.05	동작구	흑석동	14,388	5,600	3,045	2,762	2,330	527	96	25	3	-	-
2020.05	동작구	노량진1동	15,456	7,224	3,181	2,451	1,982	473	105	32	5	2	1
2020.05	동작구	사당2동	11,940	4,167	2,954	2,394	1,847	452	99	17	6	4	-
2020.05	관악구	계	272,524	156,127	50,188	32,538	25,739	6,103	1,338	349	87	29	26
2020.05	관악구	보라매동	12,431	6,027	2,751	1,852	1,399	314	65	15	2	3	3
2020.05	관악구	청림동	6,557	2,010	1,672	1,410	1,150	241	54	10	8	1	1
2020.05	관악구	행운동	17,380	10,913	2,973	1,745	1,329	317	82	13	5	3	-
2020.05	관악구	낙성대동	11,034	7,859	1,468	844	641	168	38	10	4	-	2
2020.05	관악구	중앙동	9,707	6,495	1,564	831	624	151	32	6	1	2	1
2020.05	관악구	인헌동	14,253	7,900	2,736	1,776	1,408	337	63	28	4	-	1
2020.05	관악구	남현동	9,468	4,858	1,907	1,376	995	244	63	15	5	1	4
2020.05	관악구	서원동	14,110	9,019	2,600	1,341	869	203	64	10	3	1	-
2020.05	관악구	신원동	10,743	6,447	2,131	1,155	797	158	39	8	2	3	3
2020.05	관악구	서림동	14,380	9,425	2,282	1,343	991	255	60	19	3	-	2
2020.05	관악구	신사동	13,554	8,532	2,330	1,370	1,036	225	47	9	5	-	-
2020.05	관악구	신림동	17,055	14,050	1,903	627	364	86	20	3	-	1	1
2020.05	관악구	난향동	6,433	1,942	1,553	1,290	1,241	308	73	20	4	1	1
2020.05	관악구	조원동	10,479	6,666	1,833	987	763	179	29	16	4	2	-
2020.05	관악구	대학동	16,071	12,044	1,825	1,132	825	184	51	8	2	-	-
2020.05	관악구	은천동	16,038	7,017	3,490	2,598	2,243	517	133	28	8	4	-
2020.05	관악구	성현동	12,456	3,910	2,976	2,486	2,395	555	91	32	7	2	2
2020.05	관악구	청룡동	21,799	15,367	2,959	1,699	1,348	329	74	17	5	-	1
2020.05	관악구	난곡동	12,984	5,322	3,205	2,249	1,703	389	85	22	7	1	1
2020.05	관악구	삼성동	11,411	4,726	2,784	1,866	1,512	405	88	24	1	3	2
2020.05	관악구	미성동	14,181	5,598	3,246	2,561	2,106	538	87	36	7	1	1
2020.05	서초구	계	173,849	59,041	34,879	34,283	34,715	8,169	1,966	520	181	51	44
2020.05	서초구	서초1동	9,334	3,920	1,775	1,571	1,522	388	119	28	8	2	1
2020.05	서초구	서초2동	8,553	3,836	1,544	1,444	1,333	294	78	15	5	2	2
2020.05	서초구	서초3동	13,852	6,019	2,698	2,280	2,069	555	155	45	19	6	6
2020.05	서초구	서초4동	11,032	2,342	1,940	2,597	3,325	650	117	44	12	4	1
2020.05	서초구	잠원동	13,941	4,705	2,637	2,937	2,961	546	106	29	15	3	2
2020.05	서초구	반포본동	4,133	767	828	980	1,242	237	57	15	3	2	2
2020.05	서초구	반포1동	14,388	6,367	2,221	2,373	2,640	586	146	34	17	4	-
2020.05	서초구	반포2동	5,122	684	837	1,311	1,723	453	85	15	9	3	2
2020.05	서초구	반포3동	7,245	1,345	1,440	1,920	2,029	406	67	25	9	1	3
2020.05	서초구	반포4동	7,315	1,886	1,496	1,792	1,604	384	112	25	8	5	3
2020.05	서초구	방배본동	7,939	2,158	1,574	1,697	1,905	453	106	30	10	2	4
2020.05	서초구	방배1동	7,715	2,967	1,780	1,375	1,208	281	77	19	4	1	3
2020.05	서초구	방배2동	8,727	3,071	2,146	1,618	1,429	357	66	26	5	3	6
2020.05	서초구	방배3동	8,369	2,240	1,868	1,904	1,816	386	107	33	9	3	3
2020.05	서초구	방배4동	9,751	3,415	2,022	1,833	1,882	439	121	24	11	3	1
2020.05	서초구	양재1동	18,276	6,103	3,997	3,488	3,302	1,048	253	65	17	1	2
2020.05	서초구	양재2동	10,818	5,045	2,243	1,610	1,417	376	89	25	10	2	1
2020.05	서초구	내곡동	7,339	2,171	1,833	1,553	1,308	330	105	23	10	4	2
2020.05	강남구	계	233,354	93,058	44,152	41,248	42,522	9,454	2,092	560	159	70	39
2020.05	강남구	신사동	7,410	2,922	1,548	1,308	1,215	296	78	25	12	4	2
2020.05	강남구	논현1동	14,436	9,603	2,513	1,162	825	233	68	22	5	3	2
2020.05	강남구	논현2동	11,446	6,310	2,088	1,546	1,161	247	70	17	6	1	-
2020.05	강남구	삼성1동	6,032	2,103	1,246	1,181	1,103	293	71	24	6	3	2
2020.05	강남구	삼성2동	13,494	5,879	2,331	2,266	2,362	476	119	43	11	2	5
2020.05	강남구	대치1동	7,408	567	919	1,965	3,120	661	134	28	5	6	3
2020.05	강남구	대치4동	10,169	5,364	1,678	1,358	1,373	293	79	16	6	2	-
2020.05	강남구	역삼1동	23,790	17,066	3,471	1,654	1,165	320	78	25	7	3	1
2020.05	강남구	역삼2동	15,653	6,481	2,329	2,817	3,211	618	142	28	9	7	11
2020.05	강남구	도곡1동	8,654	2,609	1,599	1,867	2,054	396	86	26	12	5	-
2020.05	강남구	도곡2동	11,828	2,188	2,302	2,999	3,459	701	127	38	9	3	2
2020.05	강남구	개포1동	2,711	832	605	533	572	132	28	6	2	1	-
2020.05	강남구	개포4동	7,768	2,981	1,596	1,459	1,325	318	62	16	7	3	1
2020.05	강남구	일원본동	8,162	1,457	1,527	2,013	2,580	468	89	21	4	1	2
2020.05	강남구	일원1동	7,495	3,169	1,785	1,253	945	269	61	13	-	-	-
2020.05	강남구	일원2동	7,383	2,278	1,796	1,529	1,456	273	37	12	-	1	1
2020.05	강남구	수서동	7,876	3,444	2,329	1,182	686	179	41	7	8	-	-
2020.05	강남구	세곡동	17,961	5,938	3,948	3,268	3,337	1,094	285	69	16	4	2
2020.05	강남구	압구정동	10,714	2,991	2,404	2,402	2,219	529	129	27	5	7	1
2020.05	강남구	청담동	11,971	4,778	2,323	2,211	1,996	485	110	47	12	7	2
2020.05	강남구	대치2동	12,929	2,481	2,070	3,214	4,193	788	128	37	10	6	2
2020.05	강남구	개포2동	8,064	1,617	1,745	2,061	2,165	385	70	13	7	1	-
2020.05	송파구	계	279,817	97,429	59,423	55,380	52,810	11,500	2,495	547	163	42	28
2020.05	송파구	풍납1동	6,465	2,525	1,584	1,148	958	182	52	13	2	1	-
2020.05	송파구	풍납2동	11,085	4,174	2,248	2,227	1,912	398	99	21	5	1	-
2020.05	송파구	거여1동	5,538	1,903	1,350	1,045	972	206	48	10	1	2	1
2020.05	송파구	거여2동	7,176	2,537	1,789	1,421	1,095	254	62	13	2	1	2
2020.05	송파구	마천1동	9,044	3,553	2,130	1,575	1,302	385	77	18	3	1	-
2020.05	송파구	마천2동	8,794	3,304	2,168	1,639	1,259	314	83	20	6	-	1
2020.05	송파구	방이1동	6,301	1,880	1,227	1,332	1,447	318	74	16	5	2	-
2020.05	송파구	방이2동	14,135	7,867	2,806	1,771	1,322	282	68	13	5	-	1
2020.05	송파구	오륜동	5,963	662	1,106	1,581	2,081	431	68	23	8	1	2
2020.05	송파구	오금동	15,959	4,422	3,733	3,619	3,225	745	174	33	4	3	1
2020.05	송파구	송파1동	12,430	5,987	2,656	1,897	1,416	351	90	24	5	2	2
2020.05	송파구	송파2동	7,506	1,713	1,572	1,788	1,894	428	82	14	10	4	1
2020.05	송파구	석촌동	17,078	8,745	3,574	2,414	1,800	404	112	19	7	3	-
2020.05	송파구	삼전동	16,304	8,357	3,292	2,374	1,774	397	85	16	6	-	3
2020.05	송파구	가락본동	11,963	4,636	2,556	2,200	1,968	487	87	24	3	-	2
2020.05	송파구	가락1동	9,919	1,599	2,520	2,639	2,558	474	100	19	5	2	3
2020.05	송파구	가락2동	12,331	2,989	2,496	2,970	3,110	593	126	39	7	1	-
2020.05	송파구	문정1동	8,543	2,727	1,942	1,728	1,641	397	78	16	11	1	2
2020.05	송파구	문정2동	15,555	8,499	2,820	1,977	1,760	358	97	28	11	3	2
2020.05	송파구	잠실본동	15,365	8,406	2,973	2,016	1,513	349	88	13	6	-	1
2020.05	송파구	잠실4동	7,447	1,206	1,441	2,044	2,202	428	90	21	10	5	-
2020.05	송파구	잠실6동	5,949	974	1,349	1,591	1,530	386	82	29	4	2	2
2020.05	송파구	잠실7동	3,475	528	841	888	949	206	48	11	4	-	-
2020.05	송파구	잠실2동	11,970	1,814	1,882	3,095	4,314	713	125	17	7	3	-
2020.05	송파구	잠실3동	12,190	1,904	2,598	3,300	3,534	685	122	31	11	3	2
2020.05	송파구	장지동	12,303	3,471	2,992	2,769	2,347	572	120	23	9	-	-
2020.05	송파구	위례동	9,029	1,047	1,778	2,332	2,927	757	158	23	6	1	-
2020.05	강동구	계	192,334	67,450	42,946	37,739	34,396	7,733	1,527	400	99	22	22
2020.05	강동구	강일동	11,245	2,375	2,650	2,264	2,746	981	192	29	6	1	1
2020.05	강동구	상일동	11,098	1,963	2,448	2,803	3,121	640	90	25	3	1	4
2020.05	강동구	명일1동	9,983	2,347	2,415	2,408	2,240	457	84	19	12	1	-
2020.05	강동구	명일2동	5,975	1,181	1,097	1,367	1,845	378	70	24	11	-	2
2020.05	강동구	고덕1동	8,937	1,600	1,570	2,329	2,761	533	105	28	8	-	3
2020.05	강동구	고덕2동	8,126	2,106	1,891	1,869	1,847	331	56	20	4	-	2
2020.05	강동구	암사2동	6,357	1,935	1,547	1,371	1,201	233	55	12	-	1	2
2020.05	강동구	암사3동	6,340	1,112	1,390	1,593	1,720	396	85	27	11	4	2
2020.05	강동구	천호1동	12,840	5,305	3,012	2,332	1,675	402	84	20	6	2	2
2020.05	강동구	천호3동	13,690	6,869	2,954	2,028	1,422	328	68	19	2	-	-
2020.05	강동구	성내1동	8,144	2,413	1,909	1,824	1,565	343	67	21	2	-	-
2020.05	강동구	성내2동	12,737	6,571	2,744	1,880	1,180	276	58	18	8	1	1
2020.05	강동구	성내3동	10,462	4,089	2,384	1,882	1,643	375	67	18	2	1	1
2020.05	강동구	둔촌1동	162	114	19	11	14	2	2	-	-	-	-
2020.05	강동구	둔촌2동	11,242	3,676	2,569	2,302	2,166	420	83	22	2	1	1
2020.05	강동구	암사1동	16,168	6,321	3,746	3,057	2,417	492	96	29	7	3	-
2020.05	강동구	천호2동	17,703	8,679	3,991	2,644	1,851	412	96	23	5	2	-
2020.05	강동구	길동	21,125	8,794	4,610	3,775	2,982	734	169	46	10	4	1
2020.06	합계	합계	4,384,076	1,810,878	940,220	767,670	668,740	152,518	32,661	7,992	2,179	687	531
2020.06	종로구	계	74,497	37,503	14,341	10,697	8,837	2,364	524	164	38	13	16
2020.06	종로구	사직동	4,717	2,373	935	673	536	147	30	17	2	1	3
2020.06	종로구	삼청동	1,370	729	252	182	140	43	19	4	-	-	1
2020.06	종로구	부암동	4,346	1,686	972	745	689	177	50	20	3	1	3
2020.06	종로구	평창동	7,517	2,428	1,753	1,470	1,352	396	69	31	12	4	2
2020.06	종로구	무악동	3,203	764	717	736	757	188	26	11	1	1	2
2020.06	종로구	교남동	4,595	1,658	1,090	918	755	138	25	7	3	1	-
2020.06	종로구	가회동	2,074	956	433	348	243	63	22	5	3	-	1
2020.06	종로구	종로1.2.3.4가동	5,232	4,149	523	286	204	49	14	6	1	-	-
2020.06	종로구	종로5·6가동	3,406	2,353	520	285	180	57	8	2	1	-	-
2020.06	종로구	이화동	4,463	2,725	805	462	343	98	21	8	-	1	-
2020.06	종로구	창신1동	2,952	1,766	571	317	208	72	15	3	-	-	-
2020.06	종로구	창신2동	4,137	1,983	908	622	445	135	35	8	1	-	-
2020.06	종로구	창신3동	2,905	944	689	634	454	151	28	2	3	-	-
2020.06	종로구	숭인1동	2,990	1,397	658	459	355	95	20	5	-	1	-
2020.06	종로구	숭인2동	5,871	3,915	921	519	386	104	22	2	2	-	-
2020.06	종로구	청운효자동	5,395	2,043	1,135	991	915	234	54	18	2	3	-
2020.06	종로구	혜화동	9,324	5,634	1,459	1,050	875	217	66	15	4	-	4
2020.06	중구	계	63,354	31,643	13,498	9,121	6,839	1,660	429	108	26	12	18
2020.06	중구	소공동	1,131	631	219	160	98	17	3	1	-	-	2
2020.06	중구	회현동	3,083	2,025	442	302	222	65	16	9	2	-	-
2020.06	중구	명동	1,589	1,109	220	141	81	24	7	3	1	-	3
2020.06	중구	필동	2,338	1,480	422	214	157	50	10	3	1	-	1
2020.06	중구	장충동	2,761	1,791	432	240	208	65	19	2	2	1	1
2020.06	중구	광희동	3,075	2,003	536	283	186	46	16	3	1	-	1
2020.06	중구	을지로동	1,358	1,081	165	62	35	10	5	-	-	-	-
2020.06	중구	신당5동	5,363	2,643	1,188	761	578	145	36	8	3	1	-
2020.06	중구	황학동	6,935	3,787	1,498	898	579	133	32	5	1	1	1
2020.06	중구	중림동	5,860	2,513	1,299	1,035	778	178	42	13	2	-	-
2020.06	중구	신당동	4,515	2,840	830	439	312	68	21	4	1	-	-
2020.06	중구	다산동	6,991	3,193	1,661	1,028	853	186	46	17	3	2	2
2020.06	중구	약수동	7,828	2,914	2,082	1,492	1,014	235	68	14	2	3	4
2020.06	중구	청구동	6,359	2,478	1,531	1,164	904	219	48	8	2	3	2
2020.06	중구	동화동	4,168	1,155	973	902	834	219	60	18	5	1	1
2020.06	용산구	계	111,586	53,405	23,093	17,159	13,372	3,444	807	207	55	25	19
2020.06	용산구	후암동	8,594	4,104	1,772	1,367	970	283	69	15	7	3	4
2020.06	용산구	용산2가동	5,427	2,844	1,196	744	479	132	23	7	2	-	-
2020.06	용산구	남영동	5,450	4,217	609	301	244	63	10	4	-	1	1
2020.06	용산구	원효로2동	6,018	2,144	1,304	1,189	1,035	253	66	16	7	2	2
2020.06	용산구	효창동	4,329	1,519	998	849	708	184	57	11	1	2	-
2020.06	용산구	용문동	5,412	1,985	1,313	1,037	809	210	43	10	2	2	1
2020.06	용산구	이촌1동	10,356	2,213	2,314	2,672	2,417	555	134	35	10	5	1
2020.06	용산구	이촌2동	3,848	1,318	1,046	804	495	139	33	7	5	1	-
2020.06	용산구	이태원1동	3,839	2,237	740	446	300	78	30	7	-	-	1
2020.06	용산구	이태원2동	4,955	2,674	1,038	653	432	113	38	5	-	2	-
2020.06	용산구	서빙고동	5,316	1,739	1,131	955	1,069	343	61	18	-	-	-
2020.06	용산구	보광동	7,724	4,167	1,686	997	662	168	35	8	-	1	-
2020.06	용산구	청파동	11,028	6,570	2,031	1,215	888	246	53	17	3	1	4
2020.06	용산구	원효로1동	7,956	3,791	1,693	1,260	954	210	33	7	4	2	2
2020.06	용산구	한강로동	10,005	5,719	1,857	1,227	925	193	59	15	9	-	1
2020.06	용산구	한남동	11,329	6,164	2,365	1,443	985	274	63	25	5	3	2
2020.06	성동구	계	135,937	56,420	29,972	24,552	19,422	4,264	965	248	62	17	15
2020.06	성동구	왕십리2동	7,626	2,933	1,751	1,415	1,178	263	68	14	2	1	1
2020.06	성동구	마장동	10,912	4,941	2,329	1,729	1,449	340	84	25	8	2	5
2020.06	성동구	사근동	7,696	5,510	992	567	471	123	24	9	-	-	-
2020.06	성동구	행당1동	6,617	2,767	1,410	1,229	950	201	37	15	6	1	1
2020.06	성동구	행당2동	9,482	2,409	2,420	2,205	1,930	391	96	22	5	1	3
2020.06	성동구	응봉동	6,145	1,624	1,421	1,442	1,292	294	56	10	5	-	1
2020.06	성동구	금호1가동	6,687	2,173	1,667	1,464	1,072	240	56	13	2	-	-
2020.06	성동구	금호4가동	6,463	2,208	1,619	1,435	951	196	37	14	3	-	-
2020.06	성동구	성수1가1동	7,602	3,148	1,672	1,297	1,186	229	56	7	6	1	-
2020.06	성동구	성수1가2동	6,632	3,032	1,414	1,095	844	194	42	8	2	1	-
2020.06	성동구	성수2가1동	8,512	4,174	1,823	1,285	954	222	41	8	4	1	-
2020.06	성동구	성수2가3동	5,751	3,009	1,093	770	660	162	45	11	-	-	1
2020.06	성동구	송정동	5,578	2,829	1,173	799	587	154	31	4	-	1	-
2020.06	성동구	용답동	6,901	4,202	1,207	741	579	125	35	9	-	1	2
2020.06	성동구	왕십리도선동	11,909	4,519	2,553	2,370	1,940	405	85	25	9	3	-
2020.06	성동구	금호2.3가동	10,362	3,673	2,589	2,102	1,568	313	85	22	7	2	1
2020.06	성동구	옥수동	11,062	3,269	2,839	2,607	1,811	412	87	32	3	2	-
2020.06	광진구	계	166,307	76,534	34,026	26,435	22,936	4,902	1,086	272	74	24	18
2020.06	광진구	화양동	16,608	13,187	1,977	747	565	93	27	9	-	2	1
2020.06	광진구	군자동	10,981	6,307	2,051	1,351	977	225	48	14	6	1	1
2020.06	광진구	중곡1동	8,153	4,105	1,848	1,162	808	171	40	11	5	2	1
2020.06	광진구	중곡2동	10,604	4,705	2,472	1,711	1,320	308	66	16	5	1	-
2020.06	광진구	중곡3동	8,538	4,148	1,942	1,284	886	227	42	7	1	1	-
2020.06	광진구	중곡4동	13,257	4,991	3,177	2,578	1,936	436	99	28	9	1	2
2020.06	광진구	능동	6,473	3,691	1,324	745	517	146	42	5	2	1	-
2020.06	광진구	구의1동	12,089	6,709	2,419	1,533	1,096	251	66	12	2	-	1
2020.06	광진구	구의2동	11,645	4,232	2,619	2,277	1,936	442	93	33	8	2	3
2020.06	광진구	구의3동	12,218	4,173	2,608	2,456	2,342	503	100	23	10	2	1
2020.06	광진구	광장동	12,073	2,249	1,972	3,031	3,923	693	156	33	8	5	3
2020.06	광진구	자양1동	11,646	5,895	2,441	1,640	1,298	295	58	13	3	2	1
2020.06	광진구	자양2동	11,285	4,089	2,620	2,161	1,878	410	96	24	3	2	2
2020.06	광진구	자양3동	11,111	2,965	2,509	2,442	2,561	478	114	28	11	2	1
2020.06	광진구	자양4동	9,626	5,088	2,047	1,317	893	224	39	16	1	-	1
2020.06	동대문구	계	166,451	78,266	33,984	26,184	21,335	5,158	1,143	284	64	23	10
2020.06	동대문구	회기동	6,209	4,089	907	576	473	127	27	5	4	1	-
2020.06	동대문구	휘경1동	7,123	3,867	1,276	944	780	200	40	12	1	2	1
2020.06	동대문구	휘경2동	11,762	5,716	2,137	1,806	1,613	381	85	19	4	-	1
2020.06	동대문구	청량리동	10,495	5,089	2,358	1,522	1,139	301	74	10	1	-	1
2020.06	동대문구	용신동	17,906	10,992	3,174	1,927	1,387	338	62	22	4	-	-
2020.06	동대문구	제기동	13,181	7,121	2,656	1,680	1,262	351	85	18	4	3	1
2020.06	동대문구	전농1동	15,170	7,485	3,037	2,378	1,738	426	72	23	6	1	4
2020.06	동대문구	전농2동	7,751	2,278	1,844	1,701	1,447	372	83	21	4	-	1
2020.06	동대문구	답십리2동	12,981	4,658	3,211	2,465	2,068	452	98	21	7	1	-
2020.06	동대문구	장안1동	17,976	7,722	3,943	3,113	2,442	595	123	30	4	4	-
2020.06	동대문구	장안2동	13,925	4,778	3,092	2,890	2,444	549	130	33	5	4	-
2020.06	동대문구	이문1동	10,512	6,452	1,713	1,090	958	217	59	15	4	3	1
2020.06	동대문구	이문2동	8,642	2,999	1,930	1,667	1,548	368	94	26	7	3	-
2020.06	동대문구	답십리1동	12,818	5,020	2,706	2,425	2,036	481	111	29	9	1	-
2020.06	중랑구	계	183,310	77,396	42,377	31,588	24,642	5,790	1,128	288	67	21	13
2020.06	중랑구	면목2동	12,333	5,696	2,796	1,893	1,508	355	68	10	6	1	-
2020.06	중랑구	면목4동	9,121	3,919	2,142	1,598	1,117	272	55	14	3	1	-
2020.06	중랑구	면목5동	4,521	1,918	1,088	791	569	125	23	6	1	-	-
2020.06	중랑구	면목7동	10,573	4,454	2,569	1,798	1,379	288	66	14	4	1	-
2020.06	중랑구	상봉1동	10,345	3,244	2,436	2,219	1,993	359	70	20	3	1	-
2020.06	중랑구	상봉2동	11,395	6,777	2,258	1,315	829	158	41	12	5	-	-
2020.06	중랑구	중화1동	9,083	3,343	2,255	1,768	1,344	298	46	21	5	2	1
2020.06	중랑구	중화2동	13,989	7,372	3,143	1,896	1,205	302	50	15	2	2	2
2020.06	중랑구	묵1동	14,860	5,009	3,364	3,051	2,616	635	138	37	7	2	1
2020.06	중랑구	묵2동	9,262	3,998	2,169	1,627	1,103	291	60	8	2	2	2
2020.06	중랑구	망우3동	8,457	3,771	2,032	1,417	965	218	44	5	2	3	-
2020.06	중랑구	신내1동	14,887	3,597	3,508	3,142	3,334	1,050	186	51	16	2	1
2020.06	중랑구	신내2동	9,071	2,887	2,317	1,965	1,518	302	61	12	6	1	2
2020.06	중랑구	면목본동	17,744	8,595	4,046	2,668	1,920	420	68	21	2	2	2
2020.06	중랑구	면목3.8동	12,787	5,830	2,994	2,098	1,478	300	64	21	1	-	1
2020.06	중랑구	망우본동	14,882	6,986	3,260	2,342	1,764	417	88	21	2	1	1
2020.06	성북구	계	195,064	77,396	41,884	35,441	31,054	7,217	1,535	382	90	27	38
2020.06	성북구	돈암1동	6,247	1,782	1,603	1,342	1,162	273	70	12	-	2	1
2020.06	성북구	돈암2동	8,682	1,694	1,862	2,209	2,233	526	108	31	13	2	4
2020.06	성북구	안암동	9,409	6,217	1,449	881	682	137	33	6	2	-	2
2020.06	성북구	보문동	7,946	3,825	1,613	1,283	964	210	39	7	1	2	2
2020.06	성북구	정릉1동	7,520	2,249	1,655	1,707	1,456	341	80	24	3	3	2
2020.06	성북구	정릉2동	9,719	3,087	2,388	2,023	1,699	386	99	29	5	1	2
2020.06	성북구	정릉3동	7,946	4,216	1,614	1,043	817	197	44	10	1	1	3
2020.06	성북구	정릉4동	10,982	3,778	2,614	2,185	1,831	443	92	25	10	2	2
2020.06	성북구	길음1동	12,814	2,554	2,480	3,187	3,704	711	136	31	6	1	4
2020.06	성북구	길음2동	7,109	2,405	1,519	1,481	1,338	296	54	14	2	-	-
2020.06	성북구	월곡1동	10,858	3,289	2,512	2,273	2,126	524	99	25	8	2	-
2020.06	성북구	월곡2동	9,542	4,421	1,941	1,469	1,286	329	72	10	9	2	3
2020.06	성북구	장위1동	9,091	3,522	2,186	1,638	1,319	326	70	25	3	1	1
2020.06	성북구	장위2동	6,575	2,724	1,638	1,153	793	210	46	10	-	1	-
2020.06	성북구	장위3동	7,413	2,453	1,607	1,585	1,409	281	62	13	2	1	-
2020.06	성북구	성북동	8,192	3,887	1,779	1,222	930	270	72	19	6	1	6
2020.06	성북구	삼선동	11,808	5,852	2,324	1,639	1,517	379	72	18	5	1	1
2020.06	성북구	동선동	9,354	6,046	1,489	934	662	167	42	9	4	-	1
2020.06	성북구	종암동	17,296	6,612	3,648	3,179	2,954	726	134	35	2	3	3
2020.06	성북구	석관동	16,561	6,783	3,963	3,008	2,172	485	111	29	8	1	1
2020.06	강북구	계	145,559	61,479	34,556	24,953	18,768	4,518	975	205	67	17	21
2020.06	강북구	번1동	10,430	5,640	2,219	1,413	899	203	46	6	4	-	-
2020.06	강북구	번2동	7,652	2,881	2,103	1,435	919	240	58	12	2	-	2
2020.06	강북구	번3동	7,613	2,392	2,194	1,504	1,161	278	70	9	4	1	-
2020.06	강북구	수유1동	10,402	4,810	2,373	1,653	1,167	308	66	17	4	1	3
2020.06	강북구	수유2동	9,672	3,591	2,537	1,787	1,302	352	79	18	3	1	2
2020.06	강북구	수유3동	12,944	7,165	2,633	1,752	1,086	247	41	14	3	2	1
2020.06	강북구	삼양동	11,436	4,625	2,761	2,017	1,531	394	78	16	8	4	2
2020.06	강북구	미아동	11,593	5,981	2,476	1,655	1,128	285	51	8	7	1	1
2020.06	강북구	송중동	14,046	5,912	3,228	2,433	1,889	454	97	21	7	2	3
2020.06	강북구	송천동	13,785	6,385	3,280	2,110	1,584	348	60	14	2	1	1
2020.06	강북구	삼각산동	11,781	2,623	2,535	2,775	3,061	620	126	28	12	1	-
2020.06	강북구	우이동	9,553	3,674	2,492	1,715	1,248	320	77	15	6	2	4
2020.06	강북구	인수동	14,652	5,800	3,725	2,704	1,793	469	126	27	5	1	2
2020.06	도봉구	계	138,966	46,140	34,302	28,278	23,352	5,376	1,124	277	80	29	8
2020.06	도봉구	쌍문1동	9,429	3,239	2,383	1,886	1,429	383	85	17	5	1	1
2020.06	도봉구	쌍문2동	8,657	3,133	2,225	1,698	1,225	290	63	16	4	-	3
2020.06	도봉구	쌍문3동	7,908	3,265	1,928	1,397	1,018	244	41	12	3	-	-
2020.06	도봉구	쌍문4동	7,184	1,567	1,656	1,724	1,794	364	62	14	3	-	-
2020.06	도봉구	방학1동	12,778	4,727	3,024	2,363	1,992	527	107	29	5	2	2
2020.06	도봉구	방학2동	9,573	3,874	2,386	1,745	1,182	302	69	12	2	1	-
2020.06	도봉구	방학3동	10,072	1,828	2,493	2,523	2,499	556	133	26	9	5	-
2020.06	도봉구	창1동	10,935	3,692	2,671	2,232	1,875	366	75	19	4	-	1
2020.06	도봉구	창2동	12,424	3,860	3,171	2,650	2,108	482	102	33	11	7	-
2020.06	도봉구	창3동	6,676	2,681	1,663	1,177	886	220	35	12	2	-	-
2020.06	도봉구	창4동	10,679	2,912	2,437	2,368	2,338	494	99	16	13	2	-
2020.06	도봉구	창5동	10,139	2,912	2,431	2,255	2,013	409	85	23	7	4	-
2020.06	도봉구	도봉1동	10,349	4,316	2,704	1,758	1,180	299	58	23	5	5	1
2020.06	도봉구	도봉2동	12,163	4,134	3,130	2,502	1,813	440	110	25	7	2	-
2020.06	노원구	계	217,897	70,945	49,730	44,406	41,982	8,733	1,595	345	109	32	20
2020.06	노원구	월계1동	10,579	4,557	2,239	1,758	1,574	379	56	14	2	-	-
2020.06	노원구	월계2동	12,083	4,153	3,155	2,366	1,867	433	88	15	4	2	-
2020.06	노원구	월계3동	13,016	3,955	3,556	2,834	2,076	459	105	19	9	2	1
2020.06	노원구	공릉2동	16,409	5,708	3,177	3,270	3,384	694	123	32	15	5	1
2020.06	노원구	하계1동	11,768	4,345	2,398	2,140	2,304	454	89	23	8	2	5
2020.06	노원구	하계2동	8,282	1,719	1,802	1,983	2,262	435	66	11	2	2	-
2020.06	노원구	중계본동	8,789	1,993	1,415	1,930	2,665	647	107	23	7	1	1
2020.06	노원구	중계1동	9,085	1,423	1,370	2,397	3,274	536	61	17	7	-	-
2020.06	노원구	중계4동	8,456	2,610	1,999	1,665	1,706	378	73	16	6	2	1
2020.06	노원구	상계1동	15,627	4,477	3,766	3,343	3,081	773	145	27	10	-	5
2020.06	노원구	상계2동	8,753	3,219	1,750	1,634	1,689	346	90	18	5	2	-
2020.06	노원구	상계5동	10,925	4,001	2,665	2,103	1,663	394	76	16	5	1	1
2020.06	노원구	상계8동	9,291	2,437	2,285	2,279	1,915	318	44	10	2	-	1
2020.06	노원구	상계9동	8,462	2,118	2,202	2,027	1,739	308	52	12	1	3	-
2020.06	노원구	상계10동	6,607	1,796	1,768	1,487	1,316	180	43	11	4	2	-
2020.06	노원구	상계3.4동	12,219	4,679	3,025	2,207	1,726	451	97	22	10	2	-
2020.06	노원구	상계6.7동	13,926	4,272	3,351	3,000	2,703	498	74	21	4	1	2
2020.06	노원구	중계2.3동	15,411	5,053	4,088	3,053	2,604	514	79	15	2	2	1
2020.06	노원구	공릉1동	18,209	8,430	3,719	2,930	2,434	536	127	23	6	3	1
2020.06	은평구	계	210,664	79,784	49,503	39,388	31,859	7,786	1,772	406	101	33	32
2020.06	은평구	녹번동	17,255	6,858	4,228	3,196	2,289	538	110	25	8	1	2
2020.06	은평구	불광1동	17,948	6,772	4,422	3,463	2,563	557	128	33	8	2	-
2020.06	은평구	갈현1동	11,239	4,815	2,693	1,933	1,388	324	66	14	3	1	2
2020.06	은평구	갈현2동	12,617	4,410	3,070	2,554	1,992	449	106	23	8	3	2
2020.06	은평구	구산동	13,329	4,341	3,205	2,769	2,259	594	107	40	7	1	6
2020.06	은평구	대조동	14,112	7,179	3,052	2,041	1,401	313	102	15	6	2	1
2020.06	은평구	응암1동	12,767	5,234	2,921	2,240	1,845	407	88	16	4	5	7
2020.06	은평구	응암2동	10,843	3,013	2,602	2,548	2,075	462	98	30	10	2	3
2020.06	은평구	신사1동	11,794	3,903	2,958	2,403	1,951	443	105	23	3	5	-
2020.06	은평구	신사2동	9,101	3,203	2,204	1,750	1,481	346	92	20	3	1	1
2020.06	은평구	증산동	6,893	2,537	1,736	1,230	1,057	268	47	15	3	-	-
2020.06	은평구	수색동	3,770	1,385	899	715	580	143	42	6	-	-	-
2020.06	은평구	진관동	21,616	6,238	4,226	4,275	4,956	1,482	359	58	14	3	5
2020.06	은평구	불광2동	13,887	6,145	3,341	2,323	1,567	406	78	17	7	3	-
2020.06	은평구	응암3동	12,698	6,049	2,928	1,934	1,371	306	77	22	7	1	3
2020.06	은평구	역촌동	20,795	7,702	5,018	4,014	3,084	748	167	49	10	3	-
2020.06	서대문구	계	143,323	61,198	30,545	24,575	20,711	4,830	1,109	248	69	26	12
2020.06	서대문구	천연동	8,164	3,314	1,768	1,502	1,232	275	51	14	6	1	1
2020.06	서대문구	홍제1동	10,391	3,586	2,468	2,074	1,735	410	85	22	7	3	1
2020.06	서대문구	홍제3동	7,103	2,723	1,689	1,309	1,050	265	53	10	4	-	-
2020.06	서대문구	홍제2동	5,898	1,821	1,429	1,263	1,076	249	42	13	3	1	1
2020.06	서대문구	홍은1동	9,592	3,217	2,275	1,880	1,683	400	107	22	6	1	1
2020.06	서대문구	홍은2동	12,274	4,919	2,851	2,172	1,767	399	125	29	9	3	-
2020.06	서대문구	남가좌1동	5,928	1,425	1,182	1,483	1,448	303	67	17	2	1	-
2020.06	서대문구	남가좌2동	13,099	5,004	2,866	2,503	2,145	447	108	23	1	2	-
2020.06	서대문구	북가좌1동	6,987	1,620	1,699	1,618	1,586	363	82	12	5	1	1
2020.06	서대문구	북가좌2동	14,752	5,645	3,589	2,692	2,140	553	103	24	5	-	1
2020.06	서대문구	충현동	9,183	4,851	1,777	1,209	1,019	240	67	15	3	1	1
2020.06	서대문구	북아현동	7,542	2,860	1,709	1,517	1,170	233	36	11	2	4	-
2020.06	서대문구	신촌동	12,893	9,797	1,506	797	583	142	45	10	5	3	5
2020.06	서대문구	연희동	19,517	10,416	3,737	2,556	2,077	551	138	26	11	5	-
2020.06	마포구	계	177,544	81,156	36,658	28,568	24,268	5,371	1,110	270	93	28	22
2020.06	마포구	용강동	9,197	3,250	1,958	1,900	1,629	362	71	19	6	2	-
2020.06	마포구	대흥동	8,216	5,153	1,360	831	697	140	24	7	2	-	2
2020.06	마포구	염리동	5,658	2,441	1,200	962	830	181	33	8	2	-	1
2020.06	마포구	신수동	10,214	3,923	2,192	1,958	1,693	350	69	20	7	1	1
2020.06	마포구	서교동	14,808	9,547	2,466	1,447	1,030	240	53	16	4	5	-
2020.06	마포구	합정동	9,691	5,232	2,084	1,248	862	195	47	11	5	-	7
2020.06	마포구	망원1동	10,586	5,114	2,457	1,462	1,197	273	63	15	3	-	2
2020.06	마포구	망원2동	8,467	3,231	2,040	1,440	1,399	281	57	13	6	-	-
2020.06	마포구	연남동	8,818	5,144	1,696	1,020	700	209	29	11	6	2	1
2020.06	마포구	성산1동	9,448	4,376	2,070	1,454	1,154	294	67	18	9	6	-
2020.06	마포구	성산2동	19,020	8,317	3,990	3,164	2,783	599	133	22	10	1	1
2020.06	마포구	상암동	12,809	4,355	2,541	2,451	2,580	701	136	27	12	3	3
2020.06	마포구	도화동	9,570	3,644	2,058	1,789	1,600	372	80	20	3	2	2
2020.06	마포구	서강동	11,696	5,287	2,222	1,987	1,749	363	63	16	6	2	1
2020.06	마포구	공덕동	19,099	8,931	4,030	3,031	2,458	496	117	26	8	2	-
2020.06	마포구	아현동	10,247	3,211	2,294	2,424	1,907	315	68	21	4	2	1
2020.06	양천구	계	179,677	52,468	39,088	38,643	39,063	8,246	1,638	359	110	36	26
2020.06	양천구	목1동	10,568	1,606	1,819	2,962	3,392	626	115	37	6	4	1
2020.06	양천구	목2동	13,225	4,806	2,978	2,532	2,236	517	115	27	8	3	3
2020.06	양천구	목3동	10,042	3,731	2,421	1,972	1,510	301	76	23	6	1	1
2020.06	양천구	목4동	10,118	3,017	1,929	2,108	2,421	509	102	20	10	1	1
2020.06	양천구	신월1동	10,130	4,445	2,400	1,742	1,173	291	64	11	3	1	-
2020.06	양천구	신월2동	8,506	2,443	2,057	1,855	1,583	433	97	26	6	3	3
2020.06	양천구	신월3동	8,136	4,020	1,815	1,177	821	243	49	7	1	-	3
2020.06	양천구	신월4동	6,917	1,583	1,662	1,656	1,533	365	99	16	2	1	-
2020.06	양천구	신월5동	6,453	2,227	1,548	1,269	1,064	251	75	15	1	2	1
2020.06	양천구	신월6동	4,723	1,115	1,156	1,123	1,058	218	44	8	1	-	-
2020.06	양천구	신월7동	9,225	3,133	2,637	1,799	1,307	269	57	17	4	1	1
2020.06	양천구	신정1동	7,206	1,410	1,263	1,682	2,301	459	72	9	7	-	3
2020.06	양천구	신정2동	7,123	1,576	1,305	1,561	2,152	452	62	9	3	2	1
2020.06	양천구	신정3동	17,913	4,637	4,194	3,872	3,943	1,027	183	41	10	4	2
2020.06	양천구	신정6동	8,222	1,057	1,506	2,290	2,758	489	98	13	7	2	2
2020.06	양천구	신정7동	11,567	3,001	2,630	2,609	2,723	487	83	23	10	1	-
2020.06	양천구	목5동	13,572	1,670	2,141	3,725	5,031	803	139	35	18	9	1
2020.06	양천구	신정4동	16,031	6,991	3,627	2,709	2,057	506	108	22	7	1	3
2020.06	강서구	계	265,252	107,620	59,609	46,970	39,512	9,097	1,828	456	110	32	18
2020.06	강서구	염창동	15,757	3,931	3,185	3,802	3,964	727	112	29	7	-	-
2020.06	강서구	등촌1동	12,463	6,777	2,379	1,642	1,323	267	53	20	2	-	-
2020.06	강서구	등촌2동	8,762	2,769	2,075	1,825	1,582	383	97	22	7	2	-
2020.06	강서구	등촌3동	14,985	6,000	3,963	2,613	1,936	371	80	17	3	2	-
2020.06	강서구	화곡본동	16,679	7,343	3,818	2,785	2,092	516	84	25	11	4	1
2020.06	강서구	화곡2동	8,231	2,939	2,088	1,632	1,168	333	48	15	7	1	-
2020.06	강서구	화곡3동	9,455	3,381	2,189	1,831	1,541	391	99	16	3	2	2
2020.06	강서구	화곡4동	9,695	3,697	2,474	1,828	1,311	299	64	19	3	-	-
2020.06	강서구	화곡6동	12,164	5,718	2,542	1,896	1,554	344	83	17	4	3	3
2020.06	강서구	화곡8동	11,784	4,594	3,072	2,124	1,549	352	67	24	1	1	-
2020.06	강서구	가양1동	19,497	12,467	2,659	2,093	1,752	422	79	20	3	1	1
2020.06	강서구	가양2동	8,112	4,158	2,146	1,075	553	124	37	13	5	-	1
2020.06	강서구	가양3동	7,929	3,304	2,415	1,360	652	156	33	8	1	-	-
2020.06	강서구	발산1동	13,646	2,875	3,032	3,095	3,558	903	136	33	9	3	2
2020.06	강서구	공항동	12,780	5,700	2,723	2,075	1,750	427	81	22	1	1	-
2020.06	강서구	방화1동	17,515	5,002	3,964	3,636	3,711	960	189	45	4	3	1
2020.06	강서구	방화2동	11,628	5,612	2,592	1,706	1,267	339	84	21	5	-	2
2020.06	강서구	방화3동	11,328	4,741	2,856	1,957	1,354	315	84	12	7	2	-
2020.06	강서구	화곡1동	26,704	12,725	6,199	4,314	2,624	639	146	40	11	3	3
2020.06	강서구	우장산동	16,138	3,887	3,238	3,681	4,271	829	172	38	16	4	2
2020.06	구로구	계	178,367	68,192	41,158	32,729	27,843	6,570	1,417	326	92	27	13
2020.06	구로구	신도림동	13,425	3,051	2,980	3,306	3,264	629	145	37	6	7	-
2020.06	구로구	구로1동	8,346	2,270	1,909	1,857	1,868	361	58	17	5	1	-
2020.06	구로구	구로3동	13,178	7,672	2,275	1,607	1,246	292	60	19	6	1	-
2020.06	구로구	구로4동	10,626	5,195	2,515	1,597	1,031	216	53	10	7	1	1
2020.06	구로구	구로5동	14,646	7,120	3,020	2,181	1,783	405	100	27	8	1	1
2020.06	구로구	고척1동	9,596	3,059	2,231	1,901	1,880	415	90	13	5	2	-
2020.06	구로구	고척2동	11,612	3,845	2,758	2,326	2,099	449	114	17	4	-	-
2020.06	구로구	개봉2동	12,580	3,251	3,303	2,893	2,385	565	140	31	10	1	1
2020.06	구로구	개봉3동	8,911	2,687	2,402	1,906	1,496	332	68	11	6	3	-
2020.06	구로구	오류1동	11,610	5,892	2,472	1,644	1,219	297	60	13	10	1	2
2020.06	구로구	수궁동	9,899	2,956	2,623	2,088	1,653	455	101	18	5	-	-
2020.06	구로구	가리봉동	5,971	4,088	1,012	481	290	79	14	5	1	-	1
2020.06	구로구	구로2동	12,704	6,282	2,947	1,829	1,213	325	78	21	5	3	1
2020.06	구로구	개봉1동	13,849	4,949	3,454	2,591	2,147	545	124	31	4	2	2
2020.06	구로구	오류2동	15,550	4,435	3,954	3,057	2,969	909	165	46	8	3	4
2020.06	구로구	항동	5,864	1,440	1,303	1,465	1,300	296	47	10	2	1	-
2020.06	금천구	계	112,570	52,320	24,765	17,378	13,770	3,348	742	161	57	15	14
2020.06	금천구	가산동	14,456	10,527	1,936	1,080	702	153	49	5	3	1	-
2020.06	금천구	독산1동	21,047	10,498	4,124	3,053	2,592	604	129	30	9	4	4
2020.06	금천구	독산2동	9,304	4,142	2,261	1,510	1,074	254	49	10	3	-	1
2020.06	금천구	독산3동	12,455	5,978	2,866	1,839	1,380	307	66	10	6	3	-
2020.06	금천구	독산4동	7,665	3,471	1,814	1,204	872	244	45	11	2	1	1
2020.06	금천구	시흥1동	15,972	6,899	3,689	2,652	2,103	500	88	31	7	1	2
2020.06	금천구	시흥2동	8,424	2,137	2,075	1,837	1,755	451	131	24	8	2	4
2020.06	금천구	시흥3동	4,757	1,511	1,291	945	749	213	39	5	4	-	-
2020.06	금천구	시흥4동	9,117	3,213	2,314	1,730	1,419	332	74	20	12	3	-
2020.06	금천구	시흥5동	9,373	3,944	2,395	1,528	1,124	290	72	15	3	-	2
2020.06	영등포구	계	179,787	84,507	36,497	28,444	23,612	5,208	1,115	283	74	20	27
2020.06	영등포구	여의동	13,729	4,195	3,079	2,949	2,725	570	152	38	10	6	5
2020.06	영등포구	당산1동	10,721	5,553	2,180	1,521	1,112	262	71	15	4	-	3
2020.06	영등포구	당산2동	18,049	9,079	3,125	2,783	2,402	496	121	29	10	3	1
2020.06	영등포구	양평1동	9,088	4,554	2,029	1,310	939	187	47	16	4	2	-
2020.06	영등포구	양평2동	10,126	4,157	2,172	1,797	1,599	314	66	16	3	-	2
2020.06	영등포구	신길1동	10,364	6,489	1,817	1,077	748	185	38	6	2	1	1
2020.06	영등포구	신길3동	7,650	3,026	1,659	1,488	1,141	288	35	8	3	2	-
2020.06	영등포구	신길4동	4,327	1,976	984	719	486	136	21	4	1	-	-
2020.06	영등포구	신길5동	4,937	1,955	1,141	900	716	183	26	12	1	1	2
2020.06	영등포구	신길6동	8,565	3,888	1,879	1,367	1,099	249	57	14	8	-	4
2020.06	영등포구	신길7동	7,881	2,242	1,658	1,686	1,807	393	70	20	4	-	1
2020.06	영등포구	대림1동	6,379	3,101	1,436	915	730	149	36	10	1	-	1
2020.06	영등포구	대림2동	6,865	3,798	1,520	842	514	142	35	10	3	1	-
2020.06	영등포구	대림3동	10,453	4,079	2,518	1,889	1,490	357	85	29	6	-	-
2020.06	영등포구	영등포본동	10,228	4,666	2,047	1,673	1,459	311	52	15	1	3	1
2020.06	영등포구	영등포동	18,003	13,109	2,332	1,300	1,006	204	39	7	3	-	3
2020.06	영등포구	도림동	9,384	4,643	2,073	1,388	979	234	51	12	4	-	-
2020.06	영등포구	문래동	13,038	3,997	2,848	2,840	2,660	548	113	22	6	1	3
2020.06	동작구	계	183,537	80,504	38,324	30,910	26,154	5,940	1,274	322	68	26	15
2020.06	동작구	노량진2동	7,262	4,287	1,457	821	535	123	31	7	1	-	-
2020.06	동작구	상도1동	21,593	10,065	3,987	3,653	3,043	658	135	38	11	1	2
2020.06	동작구	상도2동	12,775	5,211	2,712	2,261	2,032	431	101	22	4	1	-
2020.06	동작구	상도3동	12,046	5,390	2,663	1,998	1,536	336	90	24	3	4	2
2020.06	동작구	상도4동	13,712	5,874	3,107	2,386	1,822	428	71	19	2	1	2
2020.06	동작구	사당1동	13,246	7,749	2,647	1,525	1,053	205	55	7	4	1	-
2020.06	동작구	사당3동	10,541	3,547	2,423	2,162	1,832	434	94	36	8	3	2
2020.06	동작구	사당4동	7,153	3,321	1,618	1,107	868	183	38	14	3	1	-
2020.06	동작구	사당5동	6,503	2,536	1,456	1,255	1,007	202	37	8	-	1	1
2020.06	동작구	대방동	17,229	7,137	3,275	2,877	3,040	699	149	39	5	5	3
2020.06	동작구	신대방1동	10,116	3,879	1,998	1,762	1,915	443	91	18	7	1	2
2020.06	동작구	신대방2동	9,424	4,350	1,759	1,475	1,378	352	83	20	6	1	-
2020.06	동작구	흑석동	14,397	5,599	3,060	2,774	2,313	527	96	25	3	-	-
2020.06	동작구	노량진1동	15,596	7,361	3,200	2,459	1,956	480	103	29	5	2	1
2020.06	동작구	사당2동	11,944	4,198	2,962	2,395	1,824	439	100	16	6	4	-
2020.06	관악구	계	273,715	157,514	50,306	32,489	25,540	6,058	1,328	345	82	28	25
2020.06	관악구	보라매동	12,466	6,082	2,753	1,848	1,388	309	62	15	3	3	3
2020.06	관악구	청림동	6,566	2,021	1,668	1,412	1,147	244	55	10	7	1	1
2020.06	관악구	행운동	17,453	10,989	2,975	1,753	1,320	315	81	12	5	3	-
2020.06	관악구	낙성대동	11,105	7,929	1,469	845	639	170	38	10	3	-	2
2020.06	관악구	중앙동	9,724	6,508	1,587	825	618	146	30	6	1	2	1
2020.06	관악구	인헌동	14,245	7,916	2,731	1,772	1,390	343	61	28	3	-	1
2020.06	관악구	남현동	9,478	4,879	1,910	1,381	983	240	61	14	5	1	4
2020.06	관악구	서원동	14,209	9,155	2,599	1,330	848	201	63	9	3	1	-
2020.06	관악구	신원동	10,793	6,526	2,131	1,143	784	155	38	8	2	3	3
2020.06	관악구	서림동	14,453	9,503	2,287	1,345	977	259	57	19	4	-	2
2020.06	관악구	신사동	13,607	8,579	2,341	1,371	1,034	220	49	9	4	-	-
2020.06	관악구	신림동	17,212	14,197	1,927	623	356	84	20	3	-	1	1
2020.06	관악구	난향동	6,434	1,944	1,560	1,291	1,237	299	76	21	4	1	1
2020.06	관악구	조원동	10,541	6,742	1,833	984	751	183	27	15	4	2	-
2020.06	관악구	대학동	16,191	12,172	1,831	1,129	817	184	48	8	2	-	-
2020.06	관악구	은천동	16,075	7,100	3,486	2,583	2,224	509	134	28	8	3	-
2020.06	관악구	성현동	12,492	3,960	2,989	2,482	2,381	545	95	29	7	3	1
2020.06	관악구	청룡동	22,094	15,581	2,996	1,725	1,367	330	71	18	5	-	1
2020.06	관악구	난곡동	12,971	5,346	3,198	2,232	1,696	385	85	22	5	1	1
2020.06	관악구	삼성동	11,429	4,765	2,776	1,872	1,496	401	90	24	1	2	2
2020.06	관악구	미성동	14,177	5,620	3,259	2,543	2,087	536	87	37	6	1	1
2020.06	서초구	계	173,998	59,312	34,979	34,214	34,591	8,153	1,955	532	174	48	40
2020.06	서초구	서초1동	9,345	3,927	1,801	1,566	1,505	390	118	28	7	2	1
2020.06	서초구	서초2동	8,575	3,873	1,535	1,442	1,329	297	76	15	5	2	1
2020.06	서초구	서초3동	13,880	6,034	2,720	2,284	2,061	556	151	46	16	7	5
2020.06	서초구	서초4동	11,060	2,370	1,943	2,606	3,326	634	117	45	14	4	1
2020.06	서초구	잠원동	13,667	4,660	2,567	2,870	2,887	535	101	28	14	3	2
2020.06	서초구	반포본동	4,136	762	832	977	1,253	238	52	15	3	2	2
2020.06	서초구	반포1동	14,389	6,406	2,216	2,357	2,629	582	143	36	17	3	-
2020.06	서초구	반포2동	5,123	686	853	1,299	1,719	452	86	14	9	3	2
2020.06	서초구	반포3동	7,525	1,394	1,491	1,977	2,119	430	74	27	9	1	3
2020.06	서초구	반포4동	7,319	1,901	1,500	1,776	1,601	390	113	24	6	5	3
2020.06	서초구	방배본동	7,964	2,200	1,576	1,705	1,881	450	108	29	9	3	3
2020.06	서초구	방배1동	7,720	2,991	1,762	1,386	1,193	283	77	20	4	1	3
2020.06	서초구	방배2동	8,707	3,073	2,143	1,621	1,408	354	68	27	5	2	6
2020.06	서초구	방배3동	8,366	2,256	1,886	1,891	1,793	385	108	33	9	3	2
2020.06	서초구	방배4동	9,796	3,447	2,038	1,828	1,890	437	118	24	11	2	1
2020.06	서초구	양재1동	18,283	6,105	4,022	3,482	3,299	1,040	250	67	16	-	2
2020.06	서초구	양재2동	10,808	5,054	2,251	1,600	1,398	374	91	28	9	2	1
2020.06	서초구	내곡동	7,335	2,173	1,843	1,547	1,300	326	104	26	11	3	2
2020.06	강남구	계	233,484	93,397	44,204	41,235	42,381	9,350	2,089	561	159	67	41
2020.06	강남구	신사동	7,391	2,918	1,552	1,290	1,228	286	74	26	12	3	2
2020.06	강남구	논현1동	14,443	9,612	2,513	1,171	818	228	69	22	5	3	2
2020.06	강남구	논현2동	11,440	6,315	2,090	1,544	1,155	243	70	16	6	1	-
2020.06	강남구	삼성1동	6,042	2,111	1,266	1,174	1,099	287	68	25	6	4	2
2020.06	강남구	삼성2동	13,490	5,908	2,314	2,256	2,355	478	119	42	12	1	5
2020.06	강남구	대치1동	7,394	579	925	1,965	3,094	654	135	27	5	7	3
2020.06	강남구	대치4동	10,216	5,405	1,679	1,365	1,378	291	73	17	5	2	1
2020.06	강남구	역삼1동	23,850	17,134	3,486	1,638	1,170	309	78	23	7	4	1
2020.06	강남구	역삼2동	15,690	6,522	2,325	2,812	3,221	612	141	29	12	5	11
2020.06	강남구	도곡1동	8,652	2,639	1,583	1,863	2,055	385	86	25	11	5	-
2020.06	강남구	도곡2동	11,843	2,199	2,315	2,997	3,457	699	127	35	9	3	2
2020.06	강남구	개포1동	2,713	834	606	534	569	131	28	7	3	1	-
2020.06	강남구	개포4동	7,768	2,978	1,598	1,466	1,323	312	63	18	6	3	1
2020.06	강남구	일원본동	8,160	1,461	1,534	2,005	2,579	463	91	19	5	1	2
2020.06	강남구	일원1동	7,499	3,196	1,778	1,254	935	263	60	13	-	-	-
2020.06	강남구	일원2동	7,392	2,291	1,797	1,542	1,440	274	35	11	-	1	1
2020.06	강남구	수서동	7,881	3,457	2,332	1,185	672	180	40	7	8	-	-
2020.06	강남구	세곡동	17,978	5,954	3,967	3,269	3,330	1,080	289	69	15	2	3
2020.06	강남구	압구정동	10,723	3,010	2,387	2,404	2,214	531	133	31	5	7	1
2020.06	강남구	청담동	11,891	4,772	2,308	2,209	1,947	478	109	46	12	8	2
2020.06	강남구	대치2동	12,950	2,490	2,083	3,229	4,179	789	124	40	9	5	2
2020.06	강남구	개포2동	8,078	1,612	1,766	2,063	2,163	377	77	13	6	1	-
2020.06	송파구	계	280,135	97,868	59,598	55,402	52,580	11,465	2,451	545	158	40	28
2020.06	송파구	풍납1동	6,440	2,506	1,593	1,144	949	185	48	12	2	1	-
2020.06	송파구	풍납2동	11,102	4,181	2,279	2,223	1,898	398	96	22	4	1	-
2020.06	송파구	거여1동	5,566	1,919	1,371	1,045	963	207	47	10	2	1	1
2020.06	송파구	거여2동	7,204	2,553	1,797	1,428	1,091	258	58	13	3	1	2
2020.06	송파구	마천1동	9,036	3,537	2,144	1,589	1,294	374	78	16	3	1	-
2020.06	송파구	마천2동	8,823	3,341	2,166	1,647	1,249	315	79	20	5	-	1
2020.06	송파구	방이1동	6,306	1,886	1,219	1,338	1,446	319	76	16	4	2	-
2020.06	송파구	방이2동	14,267	7,987	2,825	1,784	1,311	277	64	14	4	-	1
2020.06	송파구	오륜동	5,958	657	1,134	1,569	2,071	428	66	23	7	1	2
2020.06	송파구	오금동	15,960	4,433	3,753	3,601	3,215	745	172	34	3	3	1
2020.06	송파구	송파1동	12,450	5,993	2,666	1,898	1,414	354	92	23	6	2	2
2020.06	송파구	송파2동	7,538	1,741	1,588	1,797	1,881	424	80	13	10	3	1
2020.06	송파구	석촌동	17,093	8,813	3,555	2,403	1,791	399	103	20	6	3	-
2020.06	송파구	삼전동	16,325	8,365	3,331	2,368	1,759	397	80	16	6	-	3
2020.06	송파구	가락본동	11,962	4,660	2,535	2,209	1,947	498	83	25	3	-	2
2020.06	송파구	가락1동	9,919	1,600	2,520	2,628	2,570	476	96	19	5	2	3
2020.06	송파구	가락2동	12,339	3,020	2,505	2,972	3,086	583	131	35	6	1	-
2020.06	송파구	문정1동	8,569	2,772	1,927	1,726	1,641	397	79	13	11	-	3
2020.06	송파구	문정2동	15,575	8,530	2,811	1,975	1,763	358	94	27	11	4	2
2020.06	송파구	잠실본동	15,386	8,444	2,973	2,022	1,493	350	83	14	6	-	1
2020.06	송파구	잠실4동	7,454	1,205	1,453	2,039	2,210	420	91	20	11	5	-
2020.06	송파구	잠실6동	5,950	971	1,352	1,601	1,520	389	80	30	3	2	2
2020.06	송파구	잠실7동	3,475	531	850	887	936	212	42	12	5	-	-
2020.06	송파구	잠실2동	11,964	1,819	1,885	3,092	4,299	709	134	17	7	2	-
2020.06	송파구	잠실3동	12,176	1,891	2,611	3,313	3,512	677	125	31	11	4	1
2020.06	송파구	장지동	12,268	3,475	2,975	2,766	2,339	568	113	23	9	-	-
2020.06	송파구	위례동	9,030	1,038	1,780	2,338	2,932	748	161	27	5	1	-
2020.06	강동구	계	193,095	67,911	43,223	37,911	34,317	7,670	1,522	398	100	21	22
2020.06	강동구	강일동	11,253	2,382	2,659	2,286	2,739	964	185	29	6	1	2
2020.06	강동구	상일동	11,349	1,983	2,532	2,883	3,185	641	93	24	3	1	4
2020.06	강동구	명일1동	10,037	2,368	2,453	2,411	2,237	456	80	19	12	1	-
2020.06	강동구	명일2동	5,981	1,174	1,113	1,368	1,842	377	70	25	10	-	2
2020.06	강동구	고덕1동	8,938	1,593	1,584	2,330	2,763	521	110	25	9	1	2
2020.06	강동구	고덕2동	8,146	2,105	1,900	1,880	1,850	326	58	21	4	-	2
2020.06	강동구	암사2동	6,382	1,941	1,561	1,386	1,190	240	51	10	-	1	2
2020.06	강동구	암사3동	6,352	1,126	1,399	1,591	1,717	394	82	25	12	4	2
2020.06	강동구	천호1동	12,862	5,355	3,008	2,340	1,658	390	80	22	5	2	2
2020.06	강동구	천호3동	13,759	6,949	2,959	2,028	1,413	322	67	19	2	-	-
2020.06	강동구	성내1동	8,169	2,426	1,921	1,830	1,562	337	71	20	2	-	-
2020.06	강동구	성내2동	12,759	6,608	2,735	1,887	1,174	267	60	18	8	1	1
2020.06	강동구	성내3동	10,498	4,123	2,398	1,887	1,628	369	70	19	2	1	1
2020.06	강동구	둔촌1동	161	114	18	11	14	2	2	-	-	-	-
2020.06	강동구	둔촌2동	11,234	3,676	2,581	2,299	2,152	421	79	23	1	1	1
2020.06	강동구	암사1동	16,179	6,343	3,762	3,047	2,402	487	99	28	9	2	-
2020.06	강동구	천호2동	17,754	8,750	3,988	2,639	1,837	415	95	24	5	1	-
2020.06	강동구	길동	21,282	8,895	4,652	3,808	2,954	741	170	47	10	4	1